x1;x2;x3;x4;y1;y2;y3;y4;z1;z2;q_A;q_B;e1;e2;x1_pred;x2_pred;x3_pred;x4_pred;attack_signal1;attack_signal2;attack_signal3;attack_signal4;res1;res2;res3;res4
65.37515073890378;64.98201463176996;65.90206440432354;65.8157923349714;65.37515073890378;64.98201463176996;65.90206440432354;65.8157923349714;65.37515073890378;64.98201463176996;452.77777777777777;555.5555555555555;0.0;0.0;65.37515073890378;64.98201463176996;65.90206440432354;65.8157923349714;False;False;False;False;0.0;0.0;0.0;0.0
65.37515073890378;64.98201463176996;65.90206440432354;65.8157923349714;65.37515073890378;64.98201463176996;65.90206440432354;65.8157923349714;65.37515073890378;64.98201463176996;452.77777777777777;555.5555555555555;0.0;0.0;65.37515073890378;64.98201463176996;65.90206440432354;65.8157923349714;False;False;False;False;0.0;0.0;0.0;0.0
65.37515073890378;64.98201463176996;65.90206440432354;65.8157923349714;65.37515073890378;64.98201463176996;65.90206440432354;65.8157923349714;65.37515073890378;64.98201463176996;452.77777777777777;555.5555555555555;0.0;0.0;65.37515073890378;64.98201463176996;65.90206440432354;65.8157923349714;False;False;False;False;0.0;0.0;0.0;0.0
65.37515073890378;64.98201463176996;65.90206440432354;65.8157923349714;65.37515073890378;64.98201463176996;65.90206440432354;65.8157923349714;65.37515073890378;64.98201463176996;452.77777777777777;555.5555555555555;0.0;0.0;65.37515073890378;64.98201463176996;65.90206440432354;65.8157923349714;False;False;False;False;0.0;0.0;0.0;0.0
65.4730507389038;64.80661463176995;65.81726440432355;65.9191923349714;65.4730507389038;64.80661463176995;65.81726440432355;65.9191923349714;65.4730507389038;64.80661463176995;453.12857777777776;555.3597555555555;-0.0979000000000098;0.1754000000000104;65.35969936847687;64.97763097286224;65.86751133203506;65.8110499382019;False;False;False;False;0.05069227392347328;0.07648083278913351;0.02247110920469198;0.0483627500852687
65.36777659961584;64.89649302520016;65.85068188230316;66.29453716304599;65.36777659961584;64.89649302520016;65.85068188230316;66.29453716304599;65.36777659961584;64.89649302520016;452.972207657584;555.5572505007981;0.0073741392879469;0.0855216065697987;65.47422862052917;64.82127809524536;65.84474056959152;65.84236055612564;False;False;False;False;0.06348302389116313;0.07627130807049043;0.020656124762337344;0.18980624411271282
65.09262356737553;64.88479683272442;65.80946503187022;66.31782817646955;65.09262356737553;64.88479683272442;65.80946503187022;66.31782817646955;65.09262356737553;64.88479683272442;453.00700292341145;556.1085397838505;0.2825271715282582;0.0972177990455378;65.36873960494995;64.92060661315918;65.83158165216446;65.94407498836517;False;False;False;False;0.11977397292996589;0.07189895189330224;0.02087102514568642;0.2254677384091099
65.35857991433653;64.8092163931211;65.64469931782114;66.3052939234089;65.35857991433653;64.8092163931211;65.64469931782114;66.3052939234089;65.35857991433653;64.8092163931211;453.17112617582416;555.6142973794656;0.0165708245672533;0.172798238648852;65.07615053653717;64.92859590053558;65.82124203443527;66.11529499292374;False;False;False;False;0.1500778904369874;0.07940220539601792;0.06539928193787989;0.22134517755892505
65.42217915481848;64.95977118588398;65.62844530873694;66.44147556040075;65.42217915481848;64.95977118588398;65.62844530873694;66.44147556040075;65.42217915481848;64.95977118588398;452.8930563554516;555.4893083417774;-0.0470284159146956;0.0222434458859765;65.36518228054047;64.84044063091278;65.76306283473969;66.27225458621979;False;False;False;False;0.14276461951275482;0.0847725473931703;0.07625862933394008;0.21617514481741915
65.09839848195628;65.04921707616667;65.148327901373;66.37137105038993;65.09839848195628;65.04921707616667;65.148327901373;66.37137105038993;65.09839848195628;65.04921707616667;452.71713036767096;556.1305992320465;0.2767522569475034;-0.0672024443967131;65.41625010967255;65.00334465503693;65.71644276380539;66.29927068948746;False;False;False;False;0.16866098733953697;0.08172009675964066;0.19367315349516073;0.20634526919068324
64.92400238039534;65.13105397318887;65.37743976117656;66.4032148426065;64.92400238039534;65.13105397318887;65.37743976117656;66.4032148426065;64.92400238039534;65.13105397318887;452.544496247707;556.5162917360947;0.4511483585084477;-0.1490393414189128;65.06199038028717;65.0834276676178;65.55324465036392;66.31223618984222;False;False;False;False;0.16610674952561605;0.0792292457059085;0.19211745056079657;0.1986455995514164
64.83480618344164;65.1152807878743;65.46560428214221;66.44297218331883;64.83480618344164;65.1152807878743;65.46560428214221;66.44297218331883;64.83480618344164;65.1152807878743;452.556170706147;556.7548372444699;0.5403445554621413;-0.1332661561043409;64.91263115406036;65.17088460922241;65.46863615512848;66.36645525693893;False;False;False;False;0.16061410810527305;0.07753590140214212;0.18394053730385856;0.1914670677634461
64.89885279167422;65.16687549108624;65.53572449254459;66.43267756469128;64.89885279167422;65.16687549108624;65.53572449254459;66.43267756469128;64.89885279167422;65.16687549108624;452.4352124789092;556.698789968733;0.4762979472295683;-0.1848608593162879;64.82651209831238;65.14741110801697;65.44202327728271;66.34895920753479;False;False;False;False;0.1556119128783327;0.07468943612008945;0.1786249558120499;0.18541521383519527
65.10921397610925;65.14162230104155;65.56381961476986;66.4044829537696;65.10921397610925;65.14162230104155;65.56381961476986;66.4044829537696;65.10921397610925;65.14162230104155;452.4610707444231;556.3415739928269;0.2659367627945386;-0.1596076692715939;64.88397550582886;65.19990670681;65.4429018497467;66.36791408061981;False;False;False;False;0.16158329233815974;0.07363894846719604;0.17513473972168075;0.17893767914787917
65.15537545045754;65.39300513412908;65.69745518740568;66.25801633316937;65.15537545045754;65.39300513412908;65.69745518740568;66.25801633316937;65.15537545045754;65.39300513412908;451.9370240556785;556.2847092791695;0.2197752884462431;-0.4109905023591267;65.11076271533966;65.17011022567749;65.53400784730911;66.3699072599411;False;False;False;False;0.15652870689098253;0.09150587101478064;0.17437995140649531;0.17526765850311132
65.09079527706112;65.3190106531123;65.55717772550382;65.99329069404362;65.09079527706112;65.3190106531123;65.55717772550382;65.99329069404362;65.09079527706112;65.3190106531123;452.0302142840642;556.4431729977553;0.2843554618426651;-0.3369960213423439;65.12969362735748;65.39617836475372;65.60245126485825;66.32906019687653;False;False;False;False;0.15186993260480855;0.09067618284746097;0.1692216012278079;0.18932816100459407
65.1596256293097;65.40017555310628;65.40540997273142;65.64355086383352;65.1596256293097;65.40017555310628;65.40540997273142;65.64355086383352;65.1596256293097;65.40017555310628;451.82295168123056;556.3434263548371;0.2155251095940826;-0.4181609213363231;65.05302274227142;65.30922269821167;65.61874091625214;66.2135836482048;False;False;False;False;0.14958684245282786;0.09069248103799446;0.17212944797398522;0.22989253449078897
65.11347787323484;65.38544484261375;65.3532622987872;65.8672278462417;65.11347787323484;65.38544484261375;65.3532622987872;65.8672278462417;65.11347787323484;65.38544484261375;451.7966583127041;556.4644585482661;0.2616728656689417;-0.4034302108437941;65.15344715118408;65.36977672576904;65.58258175849915;65.9992316365242;False;False;False;False;0.1456772195977015;0.08821458492144098;0.17579544792799345;0.22557147385364745
65.1284567411908;65.29901667226156;65.45243174530964;65.75001773606802;65.1284567411908;65.29901667226156;65.45243174530964;65.75001773606802;65.1284567411908;65.29901667226156;451.9157239586293;556.4693905277767;0.2466939977129811;-0.3170020404916016;65.098268866539;65.37994742393494;65.52897244691849;65.83516478538513;False;False;False;False;0.14196082657418632;0.08784628334046628;0.17200538397669635;0.2204224218111231
65.02002931217892;65.38457686909514;65.39285458791699;65.66090065191696;65.02002931217892;65.38457686909514;65.39285458791699;65.66090065191696;65.02002931217892;65.38457686909514;451.7023366262299;556.7191379188289;0.3551214267248639;-0.4025622373251849;65.10769629478455;65.29645574092865;65.4747074842453;65.7393479347229;False;False;False;False;0.13974801415227212;0.08786004600137409;0.16864624022784766;0.2155561194775235
64.83341399356311;65.25642317170025;65.34579527115044;65.87057334069576;64.83341399356311;65.25642317170025;65.34579527115044;65.87057334069576;64.83341399356311;65.25642317170025;451.904969056043;557.1397180796238;0.5417367453406712;-0.2744085399302918;65.00299203395844;65.37110424041748;65.4435870051384;65.76961606740952;False;False;False;False;0.14131135177910387;0.08932005085762897;0.16595959205497815;0.21151169999311878
65.03051911260602;65.01842871418079;65.31033337661256;65.92079265449159;65.03051911260602;65.01842871418079;65.31033337661256;65.92079265449159;65.03051911260602;65.01842871418079;452.3443701657579;556.8177394075834;0.3446316262977689;-0.0364140824108289;64.8307158946991;65.2554030418396;65.43715506792068;65.72418600320816;False;False;False;False;0.14448469356810933;0.10083657641738591;0.16438287505952834;0.2108570561953853
64.97599204505143;64.97843785363608;65.52915296959327;65.95842422332645;64.97599204505143;64.97843785363608;65.52915296959327;65.95842422332645;64.97599204505143;64.97843785363608;452.4194966758592;556.9727444261989;0.3991586938523568;0.0035767781338762;64.99951767921448;65.04146575927734;65.41819363832474;65.77341556549072;False;False;False;False;0.14139393663943545;0.09949193763452673;0.16242590614184177;0.20979944488638597
65.00006809013911;64.78105384676374;65.75196540672252;65.9446235226144;65.00006809013911;64.78105384676374;65.75196540672252;65.9446235226144;65.00006809013911;64.78105384676374;452.8147415933551;556.9778134952039;0.3750826487646748;0.2009607850062167;64.96484327316284;64.99609172344208;65.44653743505478;65.88501065969467;False;False;False;False;0.13860351577643681;0.10683128023012828;0.17079181656759698;0.2057422797399403
64.9262864800932;64.64750886936268;65.70681827852823;66.13278726787907;64.9262864800932;64.64750886936268;65.70681827852823;66.13278726787907;64.9262864800932;64.64750886936268;453.10862631949135;557.175387735131;0.4488642588105875;0.3345057624072751;64.99280405044556;64.81377625465393;65.54411470890045;65.91644585132599;False;False;False;False;0.13645321794955462;0.10982804411737203;0.17047565481612378;0.20617670718665587
64.86489527509713;64.67517214816971;65.82215234607627;66.13824136468595;64.86489527509713;64.67517214816971;65.82215234607627;66.13824136468595;64.86489527509713;64.67517214816971;453.0979005301983;557.3580187129646;0.5102554638066579;0.3068424836002492;64.9294843673706;64.71794974803925;65.62686771154404;65.96617698669434;False;False;False;False;0.13440163232474128;0.10802152650794686;0.171496222273827;0.20496969896435002
64.84060187032824;64.6655538505007;65.88714629960353;66.17405198275502;64.84060187032824;64.6655538505007;65.88714629960353;66.17405198275502;64.84060187032824;64.6655538505007;453.158049456683;557.4746395843433;0.5345488685755413;0.3164607812692566;64.88126170635223;64.71940517425537;65.73754161596298;66.0441043972969;False;False;False;False;0.13212115516336123;0.10650767143069746;0.1707354865559294;0.20268689498815254
64.97260838962349;64.77331305171187;65.93736597489897;66.3494309509721;64.97260838962349;64.77331305171187;65.93736597489897;66.3494309509721;64.97260838962349;64.77331305171187;452.9847258250966;557.2818997282295;0.4025423492802957;0.20870158005809;64.85060095787048;64.72518539428711;65.82439571619034;66.12531006336212;False;False;False;False;0.1317733177696904;0.10498318596601705;0.16901274796900076;0.20349127412508589
65.18204187471797;64.8576356979356;66.02084165154888;66.29707353136102;65.18204187471797;64.8576356979356;66.02084165154888;66.29707353136102;65.18204187471797;64.8576356979356;452.84390740999015;556.916705071278;0.1931088641858167;0.1243789338343503;65.01199424266815;64.8340208530426;65.8683767914772;66.17107450962067;False;False;False;False;0.13327622351712845;0.1032504157619465;0.16846919138029653;0.20131629904216095
65.28033404281022;64.81139283876415;66.33354892914589;66.3665662926427;65.28033404281022;64.81139283876415;66.33354892914589;66.3665662926427;65.28033404281022;64.81139283876415;452.9529769861777;556.7458685836516;0.0948166960935594;0.1706217930058073;65.18297398090363;64.90883529186249;65.93806594610214;66.22050076723099;False;False;False;False;0.13223627623173817;0.1030620903406051;0.18069135514856827;0.19972100984913518
65.22193999093035;64.80118997036644;66.3213946213026;66.27285363960587;65.22193999093035;64.80118997036644;66.3213946213026;66.27285363960587;65.22193999093035;64.80118997036644;452.99613229537385;556.8752989135571;0.1532107479734321;0.1808246614035198;65.28548300266266;64.85731112957001;66.05170994997025;66.29236668348312;False;False;False;False;0.130585616074111;0.1018859923373565;0.18423431755506722;0.1965045523675335
65.6692465948323;64.66280998723957;66.27924527635784;66.31489086213014;65.6692465948323;64.66280998723957;66.27924527635784;66.31489086213014;65.6692465948323;64.66280998723957;453.2970022164814;556.001113805483;-0.2940958559285178;0.3192046445303873;65.25025546550751;64.856640458107;66.15031331777573;66.28371208906174;False;False;False;False;0.14834337945940404;0.10597370987482752;0.182759596760526;0.1934883174789047
65.79604974832996;64.56586945034479;66.40722533501955;65.98245736357843;65.79604974832996;64.56586945034479;66.40722533501955;65.98245736357843;65.79604974832996;64.56586945034479;453.5334439095417;555.7082947176972;-0.4208990094261793;0.4161451814251649;65.69543957710266;64.7150354385376;66.20734840631485;66.28796398639679;False;False;False;False;0.14712462969715892;0.10753775403871775;0.18330179067110136;0.19781699720242157
65.93744877722486;64.53489155783792;66.3040007972411;65.91408938928268;65.93744877722486;64.53489155783792;66.3040007972411;65.91408938928268;65.93744877722486;64.53489155783792;453.6508857187454;555.3693767919839;-0.5622980383210745;0.4471230739320333;65.78346693515778;64.61640870571136;66.27301186323166;66.20891869068146;False;False;False;False;0.14733086789531347;0.10686291484327679;0.18066424394095268;0.20133860428577746
65.84307431605703;64.52486240187928;66.50372310878763;65.60353243573722;65.84307431605703;64.52486240187928;66.50372310878763;65.60353243573722;65.84307431605703;64.52486240187928;453.7305604405203;555.4831526425434;-0.4679235771532433;0.4571522298906814;65.91946804523468;64.58520174026489;66.25946283340454;66.10828280448914;False;False;False;False;0.14578389872296824;0.10581790870521228;0.1827885921298096;0.21600521662553293
65.80870658019181;64.44191949031004;66.46649673144356;65.5901731535848;65.80870658019181;64.44191949031004;66.46649673144356;65.5901731535848;65.80870658019181;64.44191949031004;453.95739989431087;555.4894983039867;-0.433555841288026;0.5400951414599149;65.85961925983429;64.54668307304382;66.30296856164932;65.90177237987518;False;False;False;False;0.14399509833370303;0.1057887637599991;0.18228106287362456;0.21922419740196492
65.90385913492705;64.54313893549858;66.29269601049843;65.62849733689046;65.90385913492705;64.54313893549858;66.29269601049843;65.62849733689046;65.90385913492705;64.54313893549858;453.8269736894618;555.2413857490111;-0.5287083960232621;0.4388756962713813;65.80531907081604;64.46787226200104;66.34174704551697;65.77363848686218;False;False;False;False;0.14295674309117898;0.10508047411680524;0.1799816729258969;0.21755390183723516
65.6330905219226;64.65681954174438;66.04301348315006;65.58615950445926;65.6330905219226;64.65681954174438;66.04301348315006;65.58615950445926;65.6330905219226;64.65681954174438;453.658129236473;555.7124285222169;-0.2579397830188128;0.3251950900255735;65.9065420627594;64.57010817527771;66.31397694349289;65.65390348434448;False;False;False;False;0.1478736186757394;0.10463839797597486;0.1829565013474605;0.21495337036455428
65.5118193717776;64.41845527448801;66.15784437003607;65.51985354472455;65.5118193717776;64.41845527448801;66.15784437003607;65.51985354472455;65.5118193717776;64.41845527448801;454.1782171163225;555.9205788514377;-0.1366686328738211;0.563559357281946;65.61233508586884;64.6757493019104;66.2390786409378;65.64914017915726;False;False;False;False;0.14685021835356277;0.11120201081058907;0.18106353180302823;0.21318724093634653
65.58132315612384;64.38445036025333;66.27202389580417;65.64988147930636;65.58132315612384;64.38445036025333;66.27202389580417;65.64988147930636;65.58132315612384;64.38445036025333;454.3213681924295;555.763348798362;-0.2061724172200598;0.5975642715166316;65.52407610416412;64.44277048110962;66.16879940032959;65.6361648440361;False;False;False;False;0.14528521118365353;0.11018970433088442;0.17952934271842885;0.21051670564988184
65.95549279574077;64.23018625509663;66.13702982716293;65.56245227826402;65.95549279574077;64.23018625509663;66.13702982716293;65.56245227826402;65.95549279574077;64.23018625509663;454.7095716389451;554.9875198634988;-0.580342056836983;0.7518283766733305;65.56272614002228;64.41922438144684;66.1345711350441;65.62264531850815;False;False;False;False;0.156062632001092;0.11277067717329972;0.17732686100871564;0.20814596991118536
66.00401643717697;64.1115579037641;66.41715446911623;65.72126627347549;66.00401643717697;64.1115579037641;66.41715446911623;65.72126627347549;66.00401643717697;64.1115579037641;455.0470721251666;554.8130936397148;-0.628865698273188;0.8704567280058626;65.95894432067871;64.27506804466248;66.09703838825226;65.64223289489746;False;False;False;False;0.1543503162318842;0.11424095431646264;0.1820329474541226;0.20601437833145633
65.8440128114922;63.93120240020103;66.51366101713063;65.71413609096417;65.8440128114922;63.93120240020103;66.51366101713063;65.71413609096417;65.8440128114922;63.93120240020103;455.5238440293602;555.0492521313146;-0.468862072588422;1.0508122315689263;65.97953462600708;64.17615783214569;66.1738184094429;65.69733381271362;False;False;False;False;0.15393860202271792;0.11892395270409316;0.187219852373041;0.20362089305949319
65.67287253640107;64.01829848199178;66.51057866566933;65.69825459675376;65.67287253640107;64.01829848199178;66.51057866566933;65.69825459675376;65.67287253640107;64.01829848199178;455.4897601633212;555.329017738485;-0.2977217974972888;0.963716149778179;65.86333215236664;63.996455907821655;66.25294238328934;65.7236647605896;False;False;False;False;0.15486430076039195;0.11761088372422397;0.18911163119063634;0.20133016778817367
65.84113759063818;64.06725249516448;66.58232329446524;65.55801331695962;65.84113759063818;64.06725249516448;66.58232329446524;65.55801331695962;65.84113759063818;64.06725249516448;455.5203476236129;554.9527913903445;-0.4659868517343994;0.914762136605475;65.69623470306396;64.07906603813171;66.31504893302917;65.78469604253769;False;False;False;False;0.15464990709682683;0.11631008731401565;0.191196047294726;0.20192814246583016
65.7339312143547;64.26675281398055;66.67779629420319;65.5583648487773;65.7339312143547;64.26675281398055;66.67779629420319;65.5583648487773;65.7339312143547;64.26675281398055;455.24331527086144;555.1050725626802;-0.3587804754509136;0.7152618177894112;65.85588216781616;64.12114202976227;66.41178697347641;65.75243800878525;False;False;False;False;0.1540128985618704;0.11702509383214142;0.19313082642198803;0.20176063378160877
65.70573311559268;64.46680108230672;66.4225899545376;65.43927020173363;65.70573311559268;64.46680108230672;66.4225899545376;65.43927020173363;65.70573311559268;64.46680108230672;454.938586976581;555.1136313634775;-0.3305823766888949;0.5152135494632404;65.75688207149506;64.30889892578125;66.4747229218483;65.70246756076813;False;False;False;False;0.15254821143519634;0.11804229588266522;0.19121646347846155;0.20326123551812805
66.01328885238692;64.44381765912972;66.48007366840442;65.61031123931397;66.01328885238692;64.44381765912972;66.48007366840442;65.61031123931397;66.01328885238692;64.44381765912972;455.05324896286345;554.4544422396638;-0.6381381134831372;0.538196972640236;65.71599531173706;64.48632955551147;66.4520800113678;65.61180412769318;False;False;False;False;0.15693140881447262;0.11696727563589057;0.1892572781724185;0.20113290238983575
66.01990536754347;64.57721441036182;66.4168525818626;65.86171085553421;66.01990536754347;64.57721441036182;66.4168525818626;65.86171085553421;66.01990536754347;64.57721441036182;454.8582150567513;554.3561241275529;-0.6447546286396886;0.4048002214081379;66.01746213436127;64.45891845226288;66.43527895212173;65.60711294412613;False;False;False;False;0.15532220552104395;0.11699454243745308;0.1873346216789446;0.20236527031400722
65.9599991477623;64.4189934535705;66.26850210990597;66.09334022372208;65.9599991477623;64.4189934535705;66.26850210990597;66.09334022372208;65.9599991477623;64.4189934535705;455.2286303331884;554.3899692832966;-0.5848484088585195;0.5630211781994632;66.02227091789246;64.60213792324066;66.38361364603043;65.66309243440628;False;False;False;False;0.15401312685763455;0.11867942718247916;0.18616494993682375;0.20936793398440615
65.83537874512974;63.93546292383653;66.27872227674587;65.99330715719094;65.83537874512974;63.93546292383653;66.27872227674587;65.99330715719094;65.83537874512974;63.93546292383653;456.2707608830829;554.561230300714;-0.4602280062259609;1.0465517079334248;65.96071088314056;64.45402669906616;66.29230111837387;65.862777531147;False;False;False;False;0.15350227098285937;0.1381352499203528;0.1843405743102654;0.20810934966512493
66.03972180960209;63.96020851700696;66.24812548206795;66.2762397108551;66.03972180960209;63.96020851700696;66.24812548206795;66.2762397108551;66.03972180960209;63.96020851700696;456.36080992446654;554.0911804376059;-0.664571070698301;1.021806114762995;65.81710076332092;64.0070172548294;66.25448316335678;66.0293784737587;False;False;False;False;0.15512218740331107;0.13695449614428407;0.1825615930994425;0.20892237437258412
66.23036059135129;64.37892242225696;66.59141432503668;66.52929609297128;66.23036059135129;64.37892242225696;66.59141432503668;66.52929609297128;66.23036059135129;64.37892242225696;455.65962292926827;553.6212933980144;-0.8552098524475014;0.6030922095129938;66.03244161605835;64.03924405574799;66.19805783033371;66.15202128887177;False;False;False;False;0.15603835752848816;0.1434560718648423;0.18873079391103476;0.21333211420928552
66.12157124867899;64.4058800826996;66.60139113263327;66.42806172535829;66.12157124867899;64.4058800826996;66.60139113263327;66.42806172535829;66.12157124867899;64.4058800826996;455.68611990298473;553.7248441030326;-0.7464205097752057;0.5761345490703604;66.23099839687347;64.44295716285706;66.24392718076706;66.25896781682968;False;False;False;False;0.15530237285826196;0.14221110229633027;0.19319938094703504;0.21259656064997307
65.90869931323522;64.46601337723475;66.28548512191244;66.33047874363298;65.90869931323522;64.46601337723475;66.28548512191244;66.33047874363298;65.90869931323522;64.46601337723475;455.64267125379047;554.0510652392835;-0.5335485743314337;0.5160012545352117;66.12527084350586;64.46530365943909;66.31501287221909;66.43121719360352;False;False;False;False;0.15663042120376147;0.1409123760602224;0.19147636603020513;0.21109249612920186
65.88911784176737;64.62984672595415;66.43850244048308;66.14868823343605;65.88911784176737;64.62984672595415;66.43850244048308;66.14868823343605;65.88911784176737;64.62984672595415;455.38380472362303;554.0190883723084;-0.5139671028635888;0.3521679058158042;65.90085864067078;64.51674830913544;66.31609469652176;66.47568017244339;False;False;False;False;0.15523356440001115;0.14046400319683233;0.1904627629021062;0.21371401258829026
66.1004357383599;64.70412900291599;66.46207268498506;66.27494953811375;66.1004357383599;64.70412900291599;66.46207268498506;66.27494953811375;66.1004357383599;64.70412900291599;455.2821958904748;553.5279236320748;-0.7252849994561217;0.2778856288539657;65.87934184074402;64.66723453998566;66.350037753582;66.36647820472717;False;False;False;False;0.15662785509236563;0.139312146563246;0.18936697005306674;0.21217766184906467
66.16165669402261;64.53083997029248;66.56324190090095;66.41517368486535;66.16165669402261;64.53083997029248;66.56324190090095;66.41517368486535;66.16165669402261;64.53083997029248;455.6658253729024;553.3087770541553;-0.7865059551188267;0.4511746614774807;66.10916435718536;64.74633228778839;66.32060557603836;66.28069281578064;False;False;False;False;0.15542465132574107;0.14097479397855334;0.19041170453222608;0.21108049759024086
65.97480017198016;64.5802101859928;66.42087497787293;66.37996876974249;65.97480017198016;64.5802101859928;66.42087497787293;66.37996876974249;65.97480017198016;64.5802101859928;455.627241563032;553.5776226375576;-0.5996494330763795;0.4018044457771594;66.16292524337769;64.56695187091827;66.3192155957222;66.27245455980301;False;False;False;False;0.15603599825814626;0.1397856440145846;0.18925448873639578;0.2097515859292236
66.02529271211442;64.69114126129631;66.45137060756568;66.22512028891234;66.02529271211442;64.69114126129631;66.45137060756568;66.22512028891234;66.02529271211442;64.69114126129631;455.4589533385287;553.3966842995455;-0.650141973210637;0.2908733704736477;65.94729399681091;64.62117946147919;66.34306818246841;66.36809766292572;False;False;False;False;0.15505754480093054;0.13890981507890943;0.18819085366490526;0.20881373157551236
66.13831868049878;64.54328418785583;66.65147663726627;66.41009970151727;66.13831868049878;64.54328418785583;66.65147663726627;66.41009970151727;66.13831868049878;64.54328418785583;455.7934506014728;553.0839467663487;-0.7631679415950003;0.4387304439141246;66.0118271112442;64.71672940254211;66.34320586919785;66.38408899307251;False;False;False;False;0.1546318021854348;0.1395448952971461;0.19076973978316147;0.20712184687482738
66.13478716153793;64.44558943944848;66.75236205219876;66.21088645055337;66.13478716153793;64.44558943944848;66.75236205219876;66.21088645055337;66.13478716153793;64.44558943944848;456.04733749080935;552.9892540787245;-0.759636422634145;0.5364251923214738;66.14594411849976;64.59237515926361;66.38302356004715;66.35551899671555;False;False;False;False;0.1533862469527074;0.13966466137852415;0.19495200535987475;0.206264221407357
66.16636181477945;64.30527920500519;66.72007378365217;66.24029981490858;66.16636181477945;64.30527920500519;66.72007378365217;66.24029981490858;66.16636181477945;64.30527920500519;456.39948131867214;552.8248199158902;-0.7912110758756654;0.6767354267647647;66.14438152313232;64.47937393188477;66.43129259347916;66.31626844406128;False;False;False;False;0.15218922327904524;0.1402771897352885;0.19679109091556932;0.2048443788973465
66.17186756260203;64.46519653059006;66.69549359462796;66.57254481616157;66.17186756260203;64.46519653059006;66.69549359462796;66.57254481616157;66.17186756260203;64.46519653059006;456.1698780577377;552.7083136101282;-0.7967168236982474;0.5168181011798936;66.16640651226044;64.34694051742554;66.49201899766922;66.35222107172012;False;False;False;False;0.15099710691839513;0.13995975716988854;0.1968972654006055;0.2050952288348557
66.09906822634669;64.36530250323739;66.51887812373413;66.49013745560028;66.09906822634669;64.36530250323739;66.51887812373413;66.49013745560028;66.09906822634669;64.36530250323739;456.4385751926004;552.7476833728125;-0.723917487442904;0.6167121285325692;66.15749764442444;64.51928579807281;66.53924882411957;66.34907066822052;False;False;False;False;0.15000626037968295;0.1401861294148078;0.195393137634688;0.2042622455989902
66.00063614850751;64.6385190441426;66.388861200818;66.55675409074313;66.00063614850751;64.6385190441426;66.388861200818;66.55675409074313;66.00063614850751;64.6385190441426;455.9743703945944;552.8480251968318;-0.6254854096037263;0.3434955876273591;66.11320912837982;64.43591856956482;66.49951964616776;66.4512112736702;False;False;False;False;0.14950903265246737;0.14133759067624715;0.19438505900249206;0.20312477542178473
65.79448215068398;64.52090240106651;66.22140512128465;66.54149591849918;65.79448215068398;64.52090240106651;66.22140512128465;66.54149591849918;65.79448215068398;64.52090240106651;456.2554030924302;553.176935137865;-0.4193314117801918;0.4611122307034492;65.99832034111023;64.67640960216522;66.4092430472374;66.56409800052643;False;False;False;False;0.15046419535541924;0.14155950434476797;0.19428896248486308;0.20162212934773532
65.62077646807136;64.31192722692518;66.32927494459722;66.54372539219735;65.62077646807136;64.31192722692518;66.32927494459722;66.54372539219735;65.62077646807136;64.31192722692518;456.7348350714733;553.4684356481863;-0.2456257291675712;0.6700874048447787;65.79111397266388;64.57294642925262;66.2939664721489;66.54872298240662;False;False;False;False;0.15077542850094242;0.1440358550692579;0.19290260234565715;0.20013504043115335
65.38316389825565;64.29399685329756;66.14792587224493;66.41885925962467;65.38316389825565;64.29399685329756;66.14792587224493;66.41885925962467;65.38316389825565;64.29399685329756;456.8600408060412;553.9109106905954;-0.0080131593518615;0.6880177784723998;65.63255894184113;64.39530837535858;66.22156620025635;66.58262342214584;False;False;False;False;0.15266034653366425;0.14350752631873848;0.1917047491850479;0.19965524781758762
65.4789494407735;64.34687683791597;66.22772598864724;66.46133962582988;65.4789494407735;64.34687683791597;66.22772598864724;66.46133962582988;65.4789494407735;64.34687683791597;456.8460165406007;553.7182711843128;-0.1037987018697208;0.6351377938539855;65.389692902565;64.36613416671753;66.1468842625618;66.55115216970444;False;False;False;False;0.15194097756665154;0.14249737553027259;0.19057561056754652;0.19851445912553575
65.57839522479404;64.42409423857019;66.00824339682386;66.26345965645619;65.57839522479404;64.42409423857019;66.00824339682386;66.26345965645619;65.57839522479404;64.42409423857019;456.7762667784728;553.5055397893558;-0.2032444858902522;0.5579203931997654;65.4998973608017;64.41870927810669;66.1167374253273;66.51904165744781;False;False;False;False;0.15115453155698583;0.14149175759153598;0.18966632628747326;0.1994316393507889
65.59831583856426;64.55622150402604;66.15896958656371;66.15387414187502;65.59831583856426;64.55622150402604;66.15896958656371;66.15387414187502;65.59831583856426;64.55622150402604;456.586401633321;553.43859929703;-0.223165099660477;0.4257931277439155;65.56356275081635;64.48642635345459;66.06218725442886;66.44804775714874;False;False;False;False;0.15015704456006929;0.14074629969250682;0.18868964112391184;0.20105346196442422
65.67844211456737;64.5766474158409;66.18488198078595;66.04775816046381;65.67844211456737;64.5766474158409;66.18488198078595;66.04775816046381;65.67844211456737;64.5766474158409;456.6023222267239;553.2485913984024;-0.3032913756635906;0.4053672159290613;65.61510765552521;64.58577907085419;66.028211414814;66.39402210712433;False;False;False;False;0.1493091484381709;0.1397830457058588;0.18828781067276568;0.20374299986779237
65.69775568715721;64.81514049101422;65.99920431572625;66.07617718864853;65.69775568715721;64.81514049101422;65.99920431572625;66.07617718864853;65.69775568715721;64.81514049101422;456.1793850385011;553.1695254031342;-0.3226049482534279;0.1668741407557377;65.68058800697327;64.60638320446014;66.04038029909134;66.2575975060463;False;False;False;False;0.14831029930785436;0.14094030243651245;0.18707251578169115;0.20345766746124413
65.58278721626064;64.77421822231948;65.97585106614167;66.40122361404984;65.58278721626064;64.77421822231948;65.97585106614167;66.40122361404984;65.58278721626064;64.77421822231948;456.2834794613247;553.3564483518269;-0.207636477356857;0.2077964094504807;65.72559213638306;64.81422221660614;65.98984599113464;66.17928326129913;False;False;False;False;0.1482382391687689;0.14007373365601236;0.18582820718184842;0.20371513383114512
65.61631723631058;64.60087817899594;65.95425074992207;66.49368198043666;65.61631723631058;64.60087817899594;65.95425074992207;66.49368198043666;65.61631723631058;64.60087817899594;456.6578657358985;553.2617034480794;-0.2411664974067946;0.3811364527740153;65.58687376976013;64.80562794208527;65.97485452890396;66.20678782463074;False;False;False;False;0.14729848340019414;0.14111731215414058;0.18461673348702404;0.20502879894065773
65.57130735693924;64.74501171460871;65.76531300510929;66.60371548764923;65.57130735693924;64.74501171460871;65.76531300510929;66.60371548764923;65.57130735693924;64.74501171460871;456.42041685837614;553.3195676738345;-0.1961566180354594;0.2370029171612486;65.63414919376373;64.6511902809143;65.92632323503494;66.33425623178482;False;False;False;False;0.1465140027245864;0.14060508116618775;0.18432953282416767;0.20599475874667283
65.53693123155483;64.95003268049132;65.70592020305358;66.47908746865616;65.53693123155483;64.95003268049132;65.70592020305358;66.47908746865616;65.53693123155483;64.95003268049132;456.04197531556576;553.3621657088653;-0.1617804926510473;0.0319819512786381;65.55260384082794;64.78664171695709;65.83167344331741;66.51015758514404;False;False;False;False;0.14558259666562606;0.14092052444621964;0.1836967917421992;0.2047002524246958
65.21760935480465;64.9219731492083;65.89485996062761;66.67171830780516;65.21760935480465;64.9219731492083;65.89485996062761;66.67171830780516;65.21760935480465;64.9219731492083;456.1023586383023;553.9792387300122;0.1575413840991331;0.0600414825616582;65.51750075817108;64.96549320220947;65.76278418302536;66.55882328748703;False;False;False;False;0.14854099144688165;0.14011136363750976;0.18313431095771607;0.20379675797553917
65.1582559351167;64.59825434440468;65.87200046860373;66.74906752190986;65.1582559351167;64.59825434440468;65.87200046860373;66.74906752190986;65.1582559351167;64.59825434440468;456.7578017789177;554.118951087268;0.2168948037870848;0.383760287365277;65.23608839511871;64.95654630661011;65.75500160455704;66.59365147352219;False;False;False;False;0.14786596789372075;0.1448808766534447;0.18245563249509641;0.20326308427879677
65.24767075506087;64.4078713571064;65.67760176599458;66.91398041299523;65.24767075506087;64.4078713571064;65.67760176599458;66.91398041299523;65.24767075506087;64.4078713571064;457.18973579182966;553.9690407545513;0.1274799838429174;0.5741432746635553;65.20573878288269;64.6733466386795;65.75093001127243;66.63441002368927;False;False;False;False;0.14702422103229904;0.14697419773199175;0.18150882228296217;0.2043789181530719
65.2095889406458;64.49876892710931;65.60290580771925;67.0421650226643;65.2095889406458;64.49876892710931;65.60290580771925;67.0421650226643;65.2095889406458;64.49876892710931;457.0844930884456;554.0622017145605;0.1655617982579826;0.4832457046606464;65.2745932340622;64.49260067939758;65.73193579912186;66.7779353260994;False;False;False;False;0.14630120139150718;0.14607685272618606;0.18096052650595898;0.20521397071153027
65.094606215643;64.60807616084067;65.56089617298255;66.97412254905969;65.094606215643;64.60807616084067;65.56089617298255;66.97412254905969;65.094606215643;64.60807616084067;456.9303113816043;554.3142420710005;0.2805445232607866;0.3739384709292892;65.22150647640228;64.57942843437195;65.70041209459305;66.88916981220245;False;False;False;False;0.1460827905851014;0.1452282515176958;0.1805178324120077;0.20418702792851767
64.86716579090326;64.50457461990055;65.72978196855092;67.0019874469056;64.86716579090326;64.50457461990055;65.72978196855092;67.0019874469056;64.86716579090326;64.50457461990055;457.1871729262752;554.8065288569148;0.5079849480005265;0.4774400118694046;65.10224795341492;64.68367981910706;65.631785094738;66.9929626584053;False;False;False;False;0.14745857790680605;0.14567789037929635;0.17975838533430386;0.20297037855291722
64.80458527949386;64.51664335893713;65.65965817344366;67.17414066507732;64.80458527949386;64.51664335893713;65.65965817344366;67.17414066507732;64.80458527949386;64.51664335893713;457.22669411645126;554.9994212061337;0.5705654594099201;0.4653712728328258;64.90149939060211;64.58537113666534;65.61594784259796;67.0168086886406;False;False;False;False;0.14696502383375998;0.14501016264759192;0.17876073622234998;0.2024932595735794
65.05650011203828;64.57120326468107;65.56192368675347;67.12371223314243;65.05650011203828;64.57120326468107;65.56192368675347;67.12371223314243;65.05650011203828;64.57120326468107;457.17962380800776;554.5716669356328;0.3186506268655051;0.4108113670888826;64.83290421962738;64.62204372882843;65.62046855688095;67.03306555747986;False;False;False;False;0.1480841280650625;0.14426881687099233;0.17783048405429022;0.201549694792191
64.98313382446374;64.48142273931879;65.67294030880066;67.32553816342633;64.98313382446374;64.48142273931879;65.67294030880066;67.32553816342633;64.98313382446374;64.48142273931879;457.4139597076775;554.7608862610307;0.3920169144400489;0.500591892451169;65.07724988460541;64.66697525978088;65.61069935560226;67.09800779819489;False;False;False;False;0.14757596934976633;0.1448102209785076;0.17693139482587555;0.20186732019037387
65.17152831559552;64.66354726594342;65.58565962537521;67.32468400528711;65.17152831559552;64.66354726594342;65.58565962537521;67.32468400528711;65.17152831559552;64.66354726594342;457.1164562400884;554.4363662006924;0.2036224233082606;0.3184673658265353;65.00743091106415;64.59834206104279;65.63288003206253;67.1904382109642;False;False;False;False;0.1477740890854274;0.14415276490555315;0.1759952308927495;0.20122658064996382
65.11375618832822;65.00944191426439;65.66992026704658;67.35419286453114;65.11375618832822;65.00944191426439;65.66992026704658;67.35419286453114;65.11375618832822;65.00944191426439;456.46712925889;554.5790601116681;0.2613945505755595;-0.027427282494429;65.17693102359772;64.75136232376099;65.59405237436295;67.23176717758179;False;False;False;False;0.14709406237123884;0.14592774887898272;0.1751883805108593;0.20051327630431176
65.29025762187334;64.85561551851349;65.58654884048188;67.24085551833505;65.29025762187334;64.85561551851349;65.58654884048188;67.24085551833505;65.29025762187334;64.85561551851349;456.77112507939256;554.2609098513213;0.0848931170304467;0.1263991132564683;65.15172898769379;65.07112395763397;65.60318559408188;67.31035679578781;False;False;False;False;0.14700163286853613;0.14688206492886768;0.17422121929846407;0.1995307414710634
65.2155880257344;64.94441029727936;65.7062173479926;67.24026269604286;65.2155880257344;64.94441029727936;65.7062173479926;67.24026269604286;65.2155880257344;64.94441029727936;456.6103887369617;554.42156812587;0.1595627131693788;0.0376043344905951;65.29243862628937;64.9285786151886;65.59519976377487;67.28565841913223;False;False;False;False;0.14641350522989421;0.1460822187567316;0.17365172600185297;0.19848844412218372
65.28773835132665;64.71920917366874;65.60253858638539;67.30441815312973;65.28773835132665;64.71920917366874;65.60253858638539;67.30441815312973;65.28773835132665;64.71920917366874;457.0658048954483;554.298542503108;0.0874123875771317;0.2628054581012122;65.22301721572876;65.01092946529388;65.60451656579971;67.25329875946045;False;False;False;False;0.14577186039881723;0.14843539293251637;0.1727055111420827;0.19747868556871695
65.39356846431997;64.61362355799112;65.55430787321896;67.2817402488485;65.39356846431997;64.61362355799112;65.55430787321896;67.2817402488485;65.39356846431997;64.61362355799112;457.3120168545504;554.0985372621317;-0.0184177254161852;0.368391073778838;65.28072953224182;64.80167996883392;65.60803085565567;67.23302274942398;False;False;False;False;0.14545740501791313;0.14891750166725193;0.17186478706613936;0.19647905768490018
65.4876609196663;64.5286228556388;65.76361504671335;67.2306348423953;65.4876609196663;64.5286228556388;65.76361504671335;67.2306348423953;65.4876609196663;64.5286228556388;457.5311370690922;553.9078966547169;-0.1125101807625128;0.4533917761311556;65.388787150383;64.69302427768707;65.57566791772842;67.2514596581459;False;False;False;False;0.1450405920066089;0.14909068715772833;0.17204378745545265;0.19544296504553976
65.35306328310136;64.67391830278558;65.96377717839498;67.1340146306727;65.35306328310136;64.67391830278558;65.96377717839498;67.1340146306727;65.35306328310136;64.67391830278558;457.30099841161615;554.1620905704117;0.0220874558024206;0.3080963289843765;65.50258350372314;64.61068379878998;65.61362683773041;67.28293746709824;False;False;False;False;0.1450884662745196;0.14844576199757803;0.17486588402054115;0.1950110807721741
65.32430101523833;64.64809488496395;66.06224193839587;67.0080472237715;65.32430101523833;64.64809488496395;66.06224193839587;67.0080472237715;65.32430101523833;64.64809488496395;457.39372475779066;554.2225601002448;0.0508497236654506;0.3339197468060035;65.37429857254028;64.74214577674866;65.68428307771683;67.2340390086174;False;False;False;False;0.1444209971855987;0.14798223691525333;0.1781785812050333;0.19535912019842142
65.22326977895915;64.61835695770633;66.00186458424022;67.07736920067553;65.22326977895915;64.61835695770633;66.00186458424022;67.07736920067553;65.22326977895915;64.61835695770633;457.49772324521336;554.4314025359586;0.1518809599446342;0.3636576740636315;65.36193609237671;64.73694288730621;65.79359322786331;67.1593177318573;False;False;False;False;0.1443628408214123;0.14770903053916432;0.17851469692333108;0.19452753768045894
65.23726293388484;64.73412936041039;65.85811805911166;67.14304815813998;65.23726293388484;64.73412936041039;65.85811805911166;67.14304815813998;65.23726293388484;64.73412936041039;457.3146661296804;554.4236670207665;0.1378878050189484;0.2478852713595642;65.24452364444733;64.69049370288849;65.89288175106049;67.08034127950668;False;False;False;False;0.14362627983801732;0.1470195727557197;0.17763628642532073;0.19363613982874306
65.21494537588293;64.70543660365593;66.02735182496605;66.99138127916217;65.21494537588293;64.70543660365593;66.02735182496605;66.99138127916217;65.21494537588293;64.70543660365593;457.40510301270393;554.4866871774395;0.1602053630208502;0.2765780281140308;65.27181720733643;64.8232935667038;65.90846329927444;67.05760657787323;False;False;False;False;0.14301332193026756;0.14675397647529229;0.17714030866756056;0.19277063739881695
65.21264723415221;64.62222252334531;66.07648477295383;67.11019887532849;65.21264723415221;64.62222252334531;66.07648477295383;67.11019887532849;65.21264723415221;64.62222252334531;457.6084082437404;554.5126441759704;0.1625035047515695;0.3597921084246422;65.25931990146637;64.79209351539612;65.92115998268127;67.08751738071442;False;False;False;False;0.14237298032203027;0.14700314232900188;0.1769354683776613;0.1918177727915064
65.34347183504194;64.37177336798497;65.99890868339192;67.1489643026994;65.34347183504194;64.37177336798497;65.99890868339192;67.1489643026994;65.34347183504194;64.37177336798497;458.1572788355844;554.2726621081579;0.0316789038618452;0.6102412637849852;65.24484169483185;64.71893846988678;65.93261748552322;67.08732068538666;False;False;False;False;0.14200594246161574;0.15029726298827945;0.17618089600745915;0.19096435133148135
65.21754460429564;64.32614651925297;65.83159925262669;67.2992928524386;65.21754460429564;64.32614651925297;65.83159925262669;67.2992928524386;65.21754460429564;64.32614651925297;458.3298980348864;554.5287404234987;0.1576061346081445;0.6558681125169841;65.37437117099762;64.4808224439621;65.93252569437027;67.08563894033432;False;False;False;False;0.14215874271043244;0.15034081005460376;0.17559971935303306;0.1911998678516613
65.1301655281913;64.35936631482426;65.6145020079781;67.26376609757428;65.1301655281913;64.35936631482426;65.6145020079781;67.26376609757428;65.1301655281913;64.35936631482426;458.3509075254127;554.7245127269885;0.2449852107124854;0.6226483169456998;65.26911723613739;64.43631267547607;65.91798335313797;67.1815475821495;False;False;False;False;0.14212795432628061;0.14980120735059727;0.17728528907533725;0.1904418370516849
65.0711620929358;64.44007287638028;65.50302561097008;67.42669453571601;65.0711620929358;64.44007287638028;65.50302561097008;67.42669453571601;65.0711620929358;64.44007287638028;458.2725141778934;554.8751842922611;0.3039886459679906;0.5419417553896722;65.166335105896;64.46256566047668;65.82162886857986;67.24948287010193;False;False;False;False;0.14175054296111494;0.14909558443124926;0.17917561296274206;0.19031900306031305
65.0619917609961;64.80504213253631;65.56236695641128;67.4537446966832;65.0619917609961;64.80504213253631;65.56236695641128;67.4537446966832;65.0619917609961;64.80504213253631;457.6148345663;554.9340567756029;0.3131589779076904;0.1769724992336421;65.07698369026184;64.55037522315979;65.69253444671631;67.33048528432846;False;False;False;False;0.1410815119553665;0.15045083163322517;0.17877224682638176;0.1897921285693945
64.96859103823027;64.83237104395687;65.61128874463101;67.56884955254517;64.96859103823027;64.83237104395687;65.61128874463101;67.56884955254517;64.96859103823027;64.83237104395687;457.58377307669;555.1626127515223;0.4065597006735117;0.1496435878130881;65.08835053443909;64.8939698934555;65.60545414686203;67.36635267734528;False;False;False;False;0.14089543840023713;0.1498589574594432;0.17792788573228746;0.18991595587806503
65.07990322793076;64.907392491676;65.69682908532529;67.48443121101171;65.07990322793076;64.907392491676;65.69682908532529;67.48443121101171;65.07990322793076;64.907392491676;457.4536826596269;554.9941963322111;0.2952475109730272;0.0746221400939504;64.98365318775177;64.92808771133423;65.562102496624;67.4513578414917;False;False;False;False;0.1405438593134172;0.14917045534395068;0.17757279673329648;0.18905345382805322
64.94830240377044;65.36115493123187;65.70787292533744;67.608439685726;64.94830240377044;65.36115493123187;65.70787292533744;67.608439685726;64.94830240377044;65.36115493123187;456.55610739919433;555.2967643153281;0.4268483351333429;-0.3791402994619091;65.0855987071991;65.0010941028595;65.58736145496368;67.47876405715942;False;False;False;False;0.14051413362221893;0.15246702886176816;0.17712878542017105;0.18858942931930425
65.24897204268365;65.19660893467119;65.7281762394137;67.41196412472064;65.24897204268365;65.19660893467119;65.7281762394137;67.41196412472064;65.24897204268365;65.19660893467119;456.8346473523874;554.7523381488528;0.126178696220137;-0.2145943029012329;64.96771264076233;65.43109476566315;65.63827604055405;67.51480519771576;False;False;False;False;0.1424388747031492;0.15341891600920768;0.17652454051898703;0.18798060982869014
65.27657183491276;65.04239970847784;65.5501783079044;67.18242323545026;65.27657183491276;65.04239970847784;65.5501783079044;67.18242323545026;65.27657183491276;65.04239970847784;457.114453231054;554.7139623905573;0.0985789039910258;-0.0603850767078881;65.25617051124573;65.25664758682251;65.6680229306221;67.47940987348557;False;False;False;False;0.14180328929117414;0.1540801092237466;0.17607918973359638;0.1892545764397362
65.46570100754273;65.02887629725022;65.65211425804628;67.18135633285894;65.46570100754273;65.02887629725022;65.65211425804628;67.18135633285894;65.46570100754273;65.02887629725022;457.13344870994814;554.3488478991628;-0.0905502686389496;-0.0468616654802644;65.28066384792328;65.08745515346527;65.64628481864929;67.41869658231735;False;False;False;False;0.14289658575848865;0.1541813067557345;0.1760800669803904;0.1906026998612849
65.30952050174504;65.05391107641287;65.69229261055277;67.41755342170462;65.30952050174504;65.05391107641287;65.69229261055277;67.41755342170462;65.30952050174504;65.05391107641287;457.0771309295588;554.6491355416064;0.0656302371587429;-0.0718964446429168;65.46681320667267;65.08457887172699;65.62891662120819;67.26568400859833;False;False;False;False;0.14368142662853095;0.15420903176264816;0.17618372163701135;0.19115194170707778
65.27959428378716;65.27239116833336;65.75947735721262;67.33391988363114;65.27959428378716;65.27239116833336;65.75947735721262;67.33391988363114;65.27959428378716;65.27239116833336;456.63058455309874;554.71773867581;0.0955564551166219;-0.2903765365634001;65.31481623649597;65.12547945976257;65.62398612499237;67.2269481420517;False;False;False;False;0.14372066800611757;0.15484390534882259;0.1766567109780494;0.19142385344662405
65.31946179381445;65.41392608335256;65.78981249931185;67.35079379132625;65.31946179381445;65.41392608335256;65.78981249931185;67.35079379132625;65.31946179381445;65.41392608335256;456.3087978515185;554.6507445164376;0.0556889450893294;-0.4319114515826072;65.27529847621918;65.33298313617706;65.63957095146179;67.28963166475296;False;False;False;False;0.14378234004452495;0.155036113485088;0.17723656023914405;0.19151266013803164
65.60281460404944;65.47142472746529;65.74419783302773;67.43024408592892;65.60281460404944;65.47142472746529;65.74419783302773;67.43024408592892;65.60281460404944;65.47142472746529;456.1362123697487;554.0914640886463;-0.2276638651456579;-0.4894100956953338;65.33605992794037;65.46422386169434;65.69209188222885;67.34871238470078;False;False;False;False;0.14561403741033188;0.15417778630378676;0.1772414400486887;0.19139282615918685
65.61834522768687;65.464484108185;65.94851499784622;67.35352999520916;65.61834522768687;65.464484108185;65.94851499784622;67.35352999520916;65.61834522768687;65.464484108185;456.0848389288832;554.030047659352;-0.2431944887830894;-0.4824694764150479;65.5906730890274;65.51330041885376;65.70253640413284;67.33057707548141;False;False;False;False;0.1452838282467862;0.15408122484137968;0.17878550523734735;0.18648657476051747
65.84890748343825;65.30556981426774;65.98430236718589;67.5123588907888;65.84890748343825;65.30556981426774;65.98430236718589;67.5123588907888;65.84890748343825;65.30556981426774;456.3383382531958;553.5364972160115;-0.4737567445344695;-0.3235551824977847;65.62540972232819;65.48453760147095;65.76163679361343;67.32801020145416;False;False;False;False;0.14445899592869677;0.15498562255400583;0.18002926706228536;0.18389200575563427
65.73979394538611;65.15711604395234;65.9271465271844;67.6491483266681;65.73979394538611;65.15711604395234;65.9271465271844;67.6491483266681;65.73979394538611;65.15711604395234;456.5921051028269;553.6915567261779;-0.3646432064823273;-0.1751014121823857;65.82880640029907;65.35462439060211;65.80502450466156;67.37474173307419;False;False;False;False;0.14218045605386945;0.15571004031490435;0.1796184220022539;0.18485839939393495
65.96844574793548;65.12475815665951;65.94484942579255;67.4779811375023;65.96844574793548;65.12475815665951;65.94484942579255;67.4779811375023;65.96844574793548;65.12475815665951;456.63347402245495;553.1856340268815;-0.5932950090316922;-0.1427435248895534;65.73413109779358;65.23024594783783;65.83019822835922;67.41828680038452;False;False;False;False;0.1438223569925808;0.15561916582050123;0.1794924294744279;0.18424086844757454
65.857125809744;65.2739824893097;65.98384711071455;67.58357614042926;65.857125809744;65.2739824893097;65.98384711071455;67.58357614042926;65.857125809744;65.2739824893097;456.3159928871693;553.3291679020602;-0.481975070840221;-0.2919678575397455;65.93683290481567;65.16437840461731;65.86377084255219;67.49863356351852;False;False;False;False;0.1407983504733578;0.15590832099592447;0.1715064896601131;0.18429061821986936
65.58749166206252;65.12554649766584;65.99213715474504;67.46198379707002;65.58749166206252;65.12554649766584;65.99213715474504;67.46198379707002;65.58749166206252;65.12554649766584;456.573935822785;553.8041728546445;-0.2123409231587345;-0.1435318658958806;65.84412121772766;65.33021402359009;65.8674293756485;67.52186000347137;False;False;False;False;0.14230177106445216;0.15705919649262848;0.17109904177548488;0.18417485666070402
65.30607910183878;65.35660591562241;65.86222804980092;67.63611824616852;65.30607910183878;65.35660591562241;65.86222804980092;67.63611824616852;65.30607910183878;65.35660591562241;456.0926794047524;554.3386858520042;0.0690716370650079;-0.3745912838524532;65.60481595993042;65.1730625629425;65.88163405656815;67.46585428714752;False;False;False;False;0.1449346037362254;0.15794220489799932;0.17110880194826192;0.18474494793382465
65.36010613039036;65.51638216451221;66.21053871241463;67.50304021477177;65.36010613039036;65.51638216451221;66.21053871241463;67.50304021477177;65.36010613039036;65.51638216451221;455.7231814024592;554.2398413465097;0.0150446085134205;-0.5343675327422517;65.332599401474;65.42377614974976;65.87671995162964;67.49701738357544;False;False;False;False;0.1447941414510157;0.15817793264797175;0.17381441196572867;0.1845733174784115
65.36041997357158;65.52861976743867;66.48179453094932;67.49982206553544;65.36041997357158;65.52861976743867;66.48179453094932;67.49982206553544;65.36041997357158;65.52861976743867;455.62745719224057;554.241219607949;0.014730765332203;-0.5466051356687132;65.40268802642822;65.54942679405212;65.94571083784103;67.4733516573906;False;False;False;False;0.1432493691446393;0.15809273118380998;0.18080688087488525;0.18455763937717823
65.44103155639277;65.68539638810029;66.40766900006402;67.474714656262;65.44103155639277;65.68539638810029;66.40766900006402;67.474714656262;65.44103155639277;65.68539638810029;455.2410232661615;554.0819605443509;-0.0658808174889884;-0.7033817563303302;65.40906631946564;65.5776641368866;66.07113361358643;67.49617159366608;False;False;False;False;0.14321863368717058;0.15699416258937002;0.18296957353253437;0.18426039549905127
65.46387937124713;65.65512800936591;66.32266249132618;67.4208938620414;65.46387937124713;65.65512800936591;66.32266249132618;67.4208938620414;65.46387937124713;65.65512800936591;455.20777578945285;554.0274808056436;-0.0887286323433471;-0.6731133775959535;65.47572207450867;65.70638465881348;66.16745859384537;67.43293076753616;False;False;False;False;0.14317505629120778;0.1568977886157895;0.1835162536443443;0.18146154104188633
65.56572484707672;65.43754473396133;66.39118169393755;67.58081873166586;65.56572484707672;65.43754473396133;66.39118169393755;67.58081873166586;65.56572484707672;65.43754473396133;455.5531938899159;553.811959369672;-0.1905741081729388;-0.4555301021913749;65.48617970943451;65.67686128616333;66.25593215227127;67.39707320928574;False;False;False;False;0.1430150626280825;0.1583109930807115;0.18284086562660745;0.1740150734912784
65.83709127449436;65.48974133866962;66.15586750724853;67.51733626647069;65.83709127449436;65.48974133866962;66.15586750724853;67.51733626647069;65.83709127449436;65.48974133866962;455.38806333354046;553.243816633747;-0.4619405355905712;-0.5077267068996605;65.58710885047913;65.47129011154175;66.2811091542244;67.40986168384552;False;False;False;False;0.14493752774505442;0.15831371950595677;0.18192116402627498;0.1738615651891094
65.80695279441393;65.47963992303906;66.1485625751686;67.36884194767754;65.80695279441393;65.47963992303906;66.1485625751686;67.36884194767754;65.80695279441393;65.47963992303906;455.34056927054826;553.2425015224958;-0.4318020555101469;-0.4976252912691024;65.83686137199402;65.51180005073547;66.20079517364502;67.41539865732193;False;False;False;False;0.14493700134918172;0.15815528052766298;0.18184293563940027;0.17372863716168657
65.85056580839937;65.82513871407726;66.2319518127915;67.27258031435673;65.85056580839937;65.82513871407726;66.2319518127915;67.27258031435673;65.85056580839937;65.82513871407726;454.583221649636;553.0977018871235;-0.4754150694955825;-0.8431240823072983;65.78844165802002;65.50608551502228;66.1334565281868;67.43791043758392;False;False;False;False;0.14481695938577016;0.16083503163360488;0.18191794556555346;0.17428191384214642
65.79130003927132;65.76378600474183;66.06678585044484;67.07940253999301;65.79130003927132;65.76378600474183;66.06678585044484;67.07940253999301;65.79130003927132;65.76378600474183;454.5935105239992;553.1528447494469;-0.416149300367536;-0.7817713729718747;65.8368890285492;65.8148502111435;66.11030548810959;67.33467817306519;False;False;False;False;0.14397715519517287;0.16053675930558708;0.18172621806875963;0.17570982489175296
65.52786931075397;65.90554336971981;66.2822200521129;67.08601818890767;65.52786931075397;65.90554336971981;66.2822200521129;67.08601818890767;65.52786931075397;65.90554336971981;454.2057596109803;553.6242196330993;-0.1527185718501869;-0.9235287379498516;65.7841237783432;65.75275433063507;66.03758066892624;67.19660133123398;False;False;False;False;0.14478766146150082;0.15960500328830235;0.1828176116220973;0.17502488493255178
65.50518185593909;65.97796834129943;66.5036061406798;67.08454710851264;65.50518185593909;65.97796834129943;66.5036061406798;67.08454710851264;65.50518185593909;65.97796834129943;453.93777250276105;553.6492320664823;-0.1300311170353012;-0.9959537095294736;65.55043971538544;65.8922747373581;66.06942564249039;67.09336906671524;False;False;False;False;0.1448345820910189;0.15970097498078376;0.1871472787776159;0.17413572975475147
65.7593066988574;66.19933047971267;66.40514546544078;67.09640798542661;65.7593066988574;66.19933047971267;66.40514546544078;67.09640798542661;65.7593066988574;66.19933047971267;453.3622543979973;553.1236448983743;-0.3841559599536168;-1.2173158479427144;65.54028630256653;65.94711077213287;66.16362303495407;67.00968503952026;False;False;False;False;0.14629376811754213;0.16019470106900688;0.186296398088356;0.17423925393798895
65.64385310944856;66.49288316378653;66.25056176276001;66.93548304795749;65.64385310944856;66.49288316378653;66.25056176276001;66.93548304795749;65.64385310944856;66.49288316378653;452.61284025012384;553.3033312825315;-0.2687023705447728;-1.5108685320165731;65.7666448354721;66.15108478069305;66.20110660791397;67.01075375080109;False;False;False;False;0.1466243978742181;0.1627055047076398;0.18570924572488665;0.17316274551063085
65.99364513956199;66.21054648303607;66.46066969423659;66.6822148160332;65.99364513956199;66.21054648303607;66.46066969423659;66.6822148160332;65.99364513956199;66.21054648303607;452.97606447402256;552.5679202395654;-0.6184944006582072;-1.228531851266112;65.64174091815948;66.43441236019135;66.23241722583771;66.96441560983658;False;False;False;False;0.15028831007335877;0.16404891029929183;0.1860506953174931;0.17447110064043592
66.07263053254472;66.09333825272952;66.48569776305362;66.81247209984755;66.07263053254472;66.09333825272952;66.48569776305362;66.81247209984755;66.07263053254472;66.09333825272952;453.0466766878002;552.3274835335122;-0.6974797936409374;-1.111323620959567;65.98083448410034;66.15162408351898;66.26026600599289;66.86183899641037;False;False;False;False;0.15049302817322466;0.16406268812264324;0.18674417724445172;0.17409424983886312
66.13351929878344;66.02174991760268;66.69457107114931;66.8257625407726;66.13351929878344;66.02174991760268;66.69457107114931;66.8257625407726;66.13351929878344;66.02174991760268;453.04167687525927;552.112708695216;-0.7583685598796563;-1.0397352858327196;66.0410704612732;66.05027663707733;66.25370293855667;66.73878312110901;False;False;False;False;0.1503014438422212;0.16402105524645963;0.19111336668444207;0.1729767222423332
66.27222018143466;65.88206845514459;66.61323820370292;66.69456532133766;66.27222018143466;65.88206845514459;66.61323820370292;66.69456532133766;66.27222018143466;65.88206845514459;453.1824084287311;551.7341911219296;-0.8970694425308778;-0.900053823374634;66.12997937202454;65.97373712062836;66.32330685853958;66.68535739183426;False;False;False;False;0.1500385978525677;0.164238330300542;0.19255435438414334;0.17256127082163006
66.26187301609475;65.96782266325009;66.54362895875491;66.94223757577194;66.26187301609475;65.96782266325009;66.54362895875491;66.94223757577194;66.26187301609475;65.96782266325009;452.8908928360701;551.6352761936053;-0.8867222771909695;-0.9858080314801329;66.23375022411346;65.83020997047424;66.39601856470108;66.72204434871674;False;False;False;False;0.14977515884534953;0.1644994453413498;0.18934988709476225;0.17327495386761207
66.25246380608905;66.09599498763525;66.79094965893114;66.6840445133272;66.25246380608905;66.09599498763525;66.79094965893114;66.6840445133272;66.25246380608905;66.09599498763525;452.5031071164358;551.5358649766579;-0.8773130671852698;-1.1139803558652943;66.24462962150574;65.91946458816528;66.40496164560318;66.73561960458755;False;False;False;False;0.1496544341564179;0.16527169983679943;0.1911717147247739;0.1733347337410191
66.44603921457355;65.71572934847568;66.85521165411832;66.78381101419164;66.44603921457355;65.71572934847568;66.85521165411832;66.78381101419164;66.44603921457355;65.71572934847568;453.11510768063954;551.0317390840642;-1.0708884756697614;-0.7337147167057196;66.22323036193848;66.03890979290009;66.46428495645523;66.70337468385696;False;False;False;False;0.14578002361136227;0.16710084523440097;0.19438314856795505;0.17347884803381539
66.32577317262032;65.51198671373888;66.78384247287741;66.89344150431586;66.32577317262032;65.51198671373888;66.78384247287741;66.89344150431586;66.32577317262032;65.51198671373888;453.424764321219;551.1294860378813;-0.950622433716532;-0.5299720819689213;66.42022800445557;65.67257106304169;66.50310605764389;66.73342645168304;False;False;False;False;0.14574258097309373;0.16719702622934812;0.1952897864806143;0.17169504411624067
66.29800539616194;65.41868083245646;66.8629382550311;66.98811894935156;66.29800539616194;65.41868083245646;66.8629382550311;66.98811894935156;66.29800539616194;65.41868083245646;453.54071313952136;551.0582719329692;-0.9228546572581564;-0.4366662006865027;66.3143241405487;65.49408257007599;66.53647869825363;66.68294131755829;False;False;False;False;0.1450095571674456;0.16717093566525712;0.19773275365735274;0.17185934442106535
66.11967705976994;65.61099515396522;66.77741106462065;67.06288176288045;66.11967705976994;65.61099515396522;66.77741106462065;67.06288176288045;66.11967705976994;65.61099515396522;453.0978623364123;551.2918813181188;-0.7445263208661572;-0.6289805221952633;66.28842723369598;65.42122828960419;66.60150617361069;66.79381191730499;False;False;False;False;0.14571751947553294;0.1680488029084066;0.19707142346534107;0.1669661211191994
66.1408518080844;65.81859690075687;66.60560009490737;66.81330493200387;66.1408518080844;65.81859690075687;66.60560009490737;66.81330493200387;66.1408518080844;65.81859690075687;452.5987947732029;551.1502616453744;-0.7657010691806221;-0.8365822689869162;66.1238534450531;65.60892641544342;66.59704446792603;66.88471466302872;False;False;False;False;0.14564565800189738;0.16893867423171624;0.19645535672765518;0.1644426036379564
66.59227326628849;65.51964928078739;66.41807178813681;66.6919369124947;66.59227326628849;65.51964928078739;66.41807178813681;66.6919369124947;66.59227326628849;65.51964928078739;453.08514571061033;550.1453252530755;-1.2171225273847028;-0.5376346490174342;66.10868382453918;65.7801343202591;66.53318405151367;66.88488185405731;False;False;False;False;0.15248072755612643;0.1706036796277449;0.19670611719730255;0.16488873618001793
66.7325638320177;65.3420275997168;66.11796213756382;66.62607921773203;66.7325638320177;65.3420275997168;66.11796213756382;66.62607921773203;66.7325638320177;65.3420275997168;453.3687044528825;549.7024611179658;-1.3574130931139194;-0.3600129679468438;66.52292370796204;65.47233414649963;66.42832249403;66.80108308792114;False;False;False;False;0.15155899501793405;0.17085556474130778;0.19723463124220017;0.16560494044193
66.5342489172166;65.43636649035983;66.19443852574571;66.39635582459623;66.5342489172166;65.43636649035983;66.19443852574571;66.39635582459623;66.5342489172166;65.43636649035983;453.1320249425369;549.9181025351528;-1.1590981783128171;-0.4543518585898738;66.64490985870361;65.30510532855988;66.2425109744072;66.65958046913147;False;False;False;False;0.15162323586576512;0.16954773842055312;0.19713578447558586;0.16704168702651442
66.22511549109907;65.38226991384914;65.80545403890854;66.31584170768683;66.22511549109907;65.38226991384914;65.80545403890854;66.31584170768683;66.22511549109907;65.38226991384914;453.1796378477463;550.3818229636128;-0.8499647521952909;-0.4002552820791862;66.46088659763336;65.3768982887268;66.10641092061996;66.55651539564133;False;False;False;False;0.15318341388090415;0.1694573031299259;0.19896999946250452;0.1686054418000127
66.26748367782636;65.46467510252609;65.54949034184062;66.57800094450221;66.26748367782636;65.46467510252609;65.54949034184062;66.57800094450221;66.26748367782636;65.46467510252609;452.9614600994485;550.1837579565322;-0.8923329389225785;-0.4826604707561301;66.16949021816254;65.32473456859589;65.93300104141235;66.44436627626419;False;False;False;False;0.14882889760928705;0.1690234914837716;0.20230200392192804;0.1689887697442637
66.31683655794552;65.26185180266087;65.47075332327711;66.77934433783018;66.31683655794552;65.26185180266087;65.47075332327711;66.77934433783018;66.31683655794552;65.26185180266087;453.3027519697448;549.9660744711042;-0.9416858190417372;-0.2798371708909144;66.21185660362244;65.41003429889679;65.73834478855133;66.36266887187958;False;False;False;False;0.14910319120783325;0.16889496359583445;0.20160722331149827;0.1734323195727022
66.16503617705536;65.18748765973262;65.27086815541564;66.87444195927743;66.16503617705536;65.18748765973262;65.27086815541564;66.87444195927743;66.16503617705536;65.18748765973262;453.4141686328159;550.1441171236789;-0.7898854381515719;-0.2054730279626682;66.23024475574493;65.2351895570755;65.58595508337021;66.45860701799393;False;False;False;False;0.14867229905353085;0.16733413137288902;0.20124134647050512;0.177899384837158
66.3066523445314;64.99472996960623;65.29012275933047;67.01235213150824;66.3066523445314;64.99472996960623;65.29012275933047;67.01235213150824;66.3066523445314;64.99472996960623;453.7722876093403;549.7555667303067;-0.9315016056276164;-0.0127153378362692;66.09497654438019;65.18645179271698;65.388023853302;66.6346263885498;False;False;False;False;0.1489329182338259;0.16831675838526636;0.1999544702362617;0.1814921006111098
66.30546047877117;64.88738619133068;65.31917642147488;67.21435279791123;66.30546047877117;64.88738619133068;65.31917642147488;67.21435279791123;66.30546047877117;64.88738619133068;453.98527978751326;549.6337502477435;-0.9303097398673827;0.0946284404392798;66.21103727817535;65.00663924217224;65.27035742998123;66.78715705871582;False;False;False;False;0.148563743548448;0.16869661195076144;0.1983785322895794;0.18474658874392494
66.35143455371492;65.01048231369096;65.13128171567821;67.41331078091943;66.35143455371492;65.01048231369096;65.13128171567821;67.41331078091943;66.35143455371492;65.01048231369096;453.75170466818463;549.417760799207;-0.97628381481114;-0.0284676819210005;66.23384702205658;64.90889751911163;65.2209934592247;66.91894948482513;False;False;False;False;0.1485317609510913;0.16840311828284102;0.1969363502686978;0.18976473293905574
66.3932503645905;64.87481998682766;65.07028788104347;67.57624882925519;66.3932503645905;64.87481998682766;65.07028788104347;67.57624882925519;66.3932503645905;64.87481998682766;454.0192336309884;549.2039580021477;-1.018099625686716;0.1071946449422966;66.2611163854599;65.02045714855194;65.1480981707573;67.07524359226227;False;False;False;False;0.1489853078170192;0.16830260136951405;0.19701334659892292;0.19406899717530246
66.48263523873305;64.89447216458085;65.09744268725449;67.3935511447065;66.48263523873305;64.89447216458085;65.09744268725449;67.3935511447065;66.48263523873305;64.89447216458085;453.9942218948077;548.8894416371044;-1.107484499829269;0.0875424671891096;66.29059827327728;64.92133605480194;65.09007304906845;67.25900948047638;False;False;False;False;0.14740553711000656;0.16827327952729557;0.1969965188415202;0.1944924526183969
66.33604412245967;64.7687272669527;65.28590058031857;67.51120212524573;66.33604412245967;64.7687272669527;65.28590058031857;67.51120212524573;66.33604412245967;64.7687272669527;454.25738401902254;549.0349592696739;-0.9608933835558844;0.2132873648172619;66.38885509967804;64.91017663478851;65.04139423370361;67.35496401786804;False;False;False;False;0.1474913307375979;0.1684356531107909;0.1983633706641925;0.19354573815816378
66.16935376456802;64.65932068969647;65.13822696801991;67.36595959621633;66.16935376456802;64.65932068969647;65.13822696801991;67.36595959621633;66.16935376456802;64.65932068969647;454.504635488844;549.2402208676498;-0.7942030256642312;0.3226939420734851;66.25516331195831;64.81296730041504;65.03635555505753;67.39358842372894;False;False;False;False;0.14759870952165624;0.1681673409134482;0.1982975282789292;0.18916671327908627
66.31704494320272;64.7883048127007;64.9827632718173;67.34565973176072;66.31704494320272;64.7883048127007;64.9827632718173;67.34565973176072;66.31704494320272;64.7883048127007;454.28969310177865;548.8389447736251;-0.9418942042989328;0.1937098190692552;66.11223077774048;64.70445680618286;65.03859788179398;67.33625173568726;False;False;False;False;0.1484046186896437;0.16093336000021874;0.19836475099490766;0.18875899791976855
66.22219183245312;64.78007236028307;64.52118186895117;67.07645747784615;66.22219183245312;64.78007236028307;64.52118186895117;67.07645747784615;66.22219183245312;64.78007236028307;454.3319859824898;548.9030651012179;-0.8470410935493362;0.2019422714868852;66.21427309513092;64.8018182516098;65.0093361735344;67.32297152280807;False;False;False;False;0.14688074845940646;0.16088482400769766;0.20375112700350093;0.18875487294148074
65.95225665936528;64.81394702699751;64.49856941767884;66.90143907599388;65.95225665936528;64.81394702699751;64.49856941767884;66.90143907599388;65.95225665936528;64.81394702699751;454.2911622852592;549.3299966349203;-0.5771059204614915;0.1680676047724461;66.12330377101898;64.78882658481598;64.86625671386719;67.22029000520706;False;False;False;False;0.14657359811568346;0.15760945891953235;0.20331484784408407;0.18777292533460785
65.93521013736212;64.781960604092;64.43018962826368;66.81630615799529;65.93521013736212;64.781960604092;64.43018962826368;66.81630615799529;65.93521013736212;64.781960604092;454.3775441450399;549.2871422228651;-0.5600593984583355;0.2000540276779503;65.8477234840393;64.81075131893158;64.69215512275696;67.08414733409882;False;False;False;False;0.14643955553715718;0.15759371713618028;0.2019880161239599;0.18881448349381136
65.79199640075056;64.55071361327838;64.62839547128655;67.16417067836258;65.79199640075056;64.55071361327838;64.62839547128655;67.16417067836258;65.79199640075056;64.55071361327838;454.8667119970242;549.4988951096271;-0.4168456618467786;0.4313010184915811;65.83207678794861;64.78059184551239;64.53488737344742;66.90633803606033;False;False;False;False;0.14502673692571919;0.15911057512547422;0.20216508395299934;0.1901657039533469
65.78690429208251;64.42634340768619;64.33277605061461;67.12640516847124;65.78690429208251;64.42634340768619;64.33277605061461;67.12640516847124;65.78690429208251;64.42634340768619;455.1729592106741;549.4534999053836;-0.4117535531787268;0.5556712240837669;65.702357172966;64.59162151813507;64.47675406932831;66.8677431344986;False;False;False;False;0.14524629100435527;0.15952500131071395;0.20229423536388733;0.18920675956719454
66.19825000066739;64.35050228507642;64.56089966687964;67.11751300275677;66.19825000066739;64.35050228507642;64.56089966687964;67.11751300275677;66.19825000066739;64.35050228507642;455.3987309524381;548.5759080144567;-0.8230992617636019;0.6315123466935404;65.72773897647858;64.4829831123352;64.43509072065353;66.94176614284515;False;False;False;False;0.15054783196040514;0.15998564801956505;0.20236783358879884;0.18974675053410625
66.38946298963735;64.22332519799474;64.83642397658267;67.08300819637607;66.38946298963735;64.22332519799474;64.83642397658267;67.08300819637607;66.38946298963735;64.22332519799474;455.7372867728273;548.0837354682816;-1.0143122507335676;0.758689433775217;66.09512865543365;64.39306819438934;64.43945080041885;67.08901882171631;False;False;False;False;0.15305936824234756;0.15948412798975198;0.2045730970561818;0.18931388679494363
66.24793377553152;64.30343641753721;64.93490567299564;67.12122457692385;66.24793377553152;64.30343641753721;64.93490567299564;67.12122457692385;66.24793377553152;64.30343641753721;455.6782229249124;548.2315522630621;-0.8727830366277374;0.6785782142327434;66.29683828353882;64.28507971763611;64.53147143125534;67.0749780535698;False;False;False;False;0.15207621687099215;0.1594887218692714;0.20793227222817007;0.1890875623585872
66.00149628522865;64.54578192392616;64.91738213956802;67.08533301734329;66.00149628522865;64.54578192392616;64.91738213956802;67.08533301734329;66.00149628522865;64.54578192392616;455.2840090073656;548.6080561721175;-0.6263455463248704;0.4362327078437999;66.18582487106323;64.3423080444336;64.60455030202866;67.07449287176132;False;False;False;False;0.15290765362626885;0.16052580451261417;0.20980674278602604;0.18859833860096487
65.95009786061287;64.56818215273157;64.84876779417009;66.98876874785644;65.95009786061287;64.56818215273157;64.84876779417009;66.98876874785644;65.95009786061287;64.56818215273157;455.2973729108006;548.6273402818391;-0.5749471217090871;0.4138324790383905;65.92764747142792;64.58271265029907;64.7325137257576;67.0679920911789;False;False;False;False;0.15244630834273423;0.1596777044677073;0.2080332090405923;0.18873325203742042
65.75671136119992;64.43321734411512;64.82296101239436;66.75320007805858;65.75671136119992;64.43321734411512;64.82296101239436;66.75320007805858;65.75671136119992;64.43321734411512;455.6224801919053;548.9374536644372;-0.3815606222961349;0.5487972876548355;65.89082622528076;64.60500037670135;64.7930434346199;67.05093532800674;False;False;False;False;0.152977977651118;0.1599042323105611;0.2050508563677227;0.19035741866195222
65.75427702830385;64.46060804333294;64.82195202996304;66.71780287615655;65.75427702830385;64.46060804333294;64.82195202996304;66.71780287615655;65.75427702830385;64.46060804333294;455.640871765157;548.8914475805898;-0.3791262894000624;0.5214065884370171;65.69430220127106;64.46628892421722;64.78634268045425;66.94943726062775;False;False;False;False;0.1530704718196989;0.15904125493010346;0.20322216586018962;0.19149738682799541
65.76063693406914;64.35607963618162;64.67072586808294;66.7898309187248;65.76063693406914;64.35607963618162;64.67072586808294;66.7898309187248;65.76063693406914;64.35607963618162;455.9194494579179;548.8281775971392;-0.3854861951653561;0.625934995588338;65.68918228149414;64.49133884906769;64.76639121770859;66.83121353387833;False;False;False;False;0.15322112873661198;0.15916440484584793;0.2024995466700017;0.19038256643560536
65.81647964988895;64.22995908154624;64.81229784164327;67.02613891198034;65.81647964988895;64.22995908154624;64.81229784164327;67.02613891198034;65.81647964988895;64.22995908154624;456.2551485666005;548.6650940061442;-0.4413289109851632;0.7520555502237158;65.71651041507721;64.38579452037811;64.70293074846268;66.7468935251236;False;False;False;False;0.15341620226919545;0.15918079154334303;0.2027585554703776;0.19176419051120555
65.77809224895351;64.44682364899454;64.8802184604175;67.00835801266936;65.77809224895351;64.44682364899454;64.8802184604175;67.00835801266936;65.77809224895351;64.44682364899454;455.921693505067;548.683024953217;-0.4029415100497289;0.5351909827754184;65.75572049617767;64.29248821735382;64.69742327928543;66.80016845464706;False;False;False;False;0.15305513690355416;0.1586880919162081;0.20323256464467324;0.192526010750373
65.5359120044334;64.6801311288042;64.81023231655317;67.0216939310591;65.5359120044334;64.6801311288042;64.81023231655317;67.0216939310591;65.5359120044334;64.6801311288042;455.5264373431511;549.113659907584;-0.1607612655296151;0.3018835029657509;65.69577145576477;64.476145029068;64.71250981092453;66.89966022968292;False;False;False;False;0.1525793766263659;0.15918651142185944;0.20265619987388736;0.19286524970604849
65.48933394717437;65.02185606877639;64.88412638599252;66.8867881640022;65.48933394717437;65.02185606877639;64.88412638599252;66.8867881640022;65.48933394717437;65.02185606877639;454.8832385969355;549.185381186698;-0.1141832082705889;-0.0398414370064301;65.49080872535706;64.71771466732025;64.71782714128494;66.99753254652023;False;False;False;False;0.15171260474947734;0.15988089214812504;0.203247668862164;0.1931534915367194
65.47676241796351;65.32893978673259;64.9627977954825;66.71794598958995;65.47676241796351;65.32893978673259;64.9627977954825;66.71794598958995;65.47676241796351;65.32893978673259;454.2637589694222;549.1952998173504;-0.1016116790597294;-0.3469251549626335;65.43349051475525;65.02966678142548;64.76697474718094;66.95731163024902;False;False;False;False;0.1498943008871156;0.16211974450308675;0.2039826509357622;0.19386938084495484
65.48928560866271;65.53766296949158;64.87722748644222;66.48260201198961;65.48928560866271;65.53766296949158;64.87722748644222;66.48260201198961;65.48928560866271;65.53766296949158;453.8000559165759;549.1567052120773;-0.1141348697589279;-0.555648337721621;65.44698691368103;65.31165993213654;64.79970484972;66.87376528978348;False;False;False;False;0.14970685319262728;0.16353525612465475;0.2039709378058507;0.19723842212984719
65.64160798522167;65.4014583162156;64.68470520534976;66.21023679257029;65.64160798522167;65.4014583162156;64.68470520534976;66.21023679257029;65.64160798522167;65.4014583162156;453.9983787780983;548.8368424763249;-0.2664572463178842;-0.419443684445639;65.41231942176819;65.48360764980316;64.80351746082306;66.70688569545746;False;False;False;False;0.15110944074025154;0.16372191819564869;0.20402319786693487;0.2013740852149652
65.44154090463094;65.56651742953721;64.60726904649597;66.48797163170494;65.44154090463094;65.56651742953721;64.60726904649597;66.48797163170494;65.44154090463094;65.56651742953721;453.6123347268623;549.201449004664;-0.0663901657271566;-0.5845027977672572;65.57852149009705;65.332834482193;64.76022154092789;66.50865614414215;False;False;False;False;0.15163661235089446;0.1650969872413591;0.2043354822834928;0.19942091562388609
65.37979780255489;65.36073907299638;64.47657445072116;66.41190193528561;65.37979780255489;65.36073907299638;64.47657445072116;66.41190193528561;65.37979780255489;65.36073907299638;453.94595773357497;549.3160831867192;-0.004647063651106;-0.3787244412264243;65.38621163368225;65.50802838802338;64.696364402771;66.37287080287933;False;False;False;False;0.15151755752164242;0.1656909068327618;0.20486338645286906;0.19670425154275745
65.25144779040329;65.26646256571735;64.32789272900894;66.2815626016165;65.25144779040329;65.26646256571735;64.32789272900894;66.2815626016165;65.25144779040329;65.26646256571735;454.0840141559695;549.5721636025356;0.1237029485004939;-0.2844479339473906;65.30955457687378;65.32041668891907;64.5888802409172;66.33909821510315;False;False;False;False;0.1516099779487033;0.16457145089589978;0.2063318113610634;0.1960189902327226
65.08802795240199;65.02728568135386;64.37331131397161;66.12994350511678;65.08802795240199;65.02728568135386;64.37331131397161;66.12994350511678;65.08802795240199;65.02728568135386;454.5244415335035;549.9154970050049;0.2871227865017971;-0.0452710495839028;65.17824470996857;65.21111798286438;64.47291195392609;66.39705777168274;False;False;False;False;0.15124213619320842;0.16545825798830618;0.20654592778501307;0.19653062240521985
65.15893620780817;65.10564761152298;64.28812589544222;66.15892929436326;65.15893620780817;65.10564761152298;64.28812589544222;66.15892929436326;65.15893620780817;65.10564761152298;454.3616815332207;549.8119635323928;0.2162145310956162;-0.123632979753026;65.03349030017853;64.99883317947388;64.40828770399094;66.29839211702347;False;False;False;False;0.15168837588502013;0.16461786941626566;0.2068541114327211;0.1950713862805777
65.03224769051815;64.6941649651728;64.40323930243464;66.27055590352519;65.03224769051815;64.6941649651728;64.40323930243464;66.27055590352519;65.03224769051815;64.6941649651728;455.16816242862063;550.094169171119;0.3429030483856365;0.2878496665971539;65.1111775636673;65.07728791236877;64.34224724769592;66.21466219425201;False;False;False;False;0.1517567072074645;0.16838471787908865;0.20636561360029315;0.19344552552832342
65.30479473225307;64.73169897593974;64.25166439562263;66.28482536859038;65.30479473225307;64.73169897593974;64.25166439562263;66.28482536859038;65.30479473225307;64.73169897593974;455.131474362633;549.5947954941006;0.0703560066507122;0.2503156558302208;65.00163686275482;64.69258522987366;64.33261901140213;66.19521886110306;False;False;False;False;0.1544777084014808;0.16770397978258406;0.2061615448844989;0.19361143895131155
64.88836637225246;64.79757386057531;64.05236236994936;66.38169616800731;64.88836637225246;64.79757386057531;64.05236236994936;66.38169616800731;64.88836637225246;64.79757386057531;455.0331000141393;550.4370330149886;0.4867843666513209;0.1844407711946445;65.2395350933075;64.71098375320435;64.31027442216873;66.23769849538803;False;False;False;False;0.15545693586858306;0.16785579805628076;0.20724071863105395;0.19379893203371318
65.08758924161928;64.70357348918799;64.09299713200784;66.34154701052593;65.08758924161928;64.70357348918799;64.09299713200784;66.34154701052593;65.08758924161928;64.70357348918799;455.2456928597399;550.1034918584752;0.2875614972845;0.2784411425819684;64.84376287460327;64.80332553386688;64.23942804336548;66.31086260080338;False;False;False;False;0.15701036113708097;0.1646177369146418;0.2074107031969429;0.19325372514858277
65.01666226566832;64.83105603381763;64.20395944469026;66.48438265857006;65.01666226566832;64.83105603381763;64.20395944469026;66.48438265857006;65.01666226566832;64.83105603381763;455.0278532561582;550.2836873433484;0.358488473235468;0.1509585979523251;65.05680131912231;64.69351863861084;64.19403403997421;66.34502857923508;False;False;False;False;0.1570061011786443;0.16318782635391635;0.20729499095326986;0.19186714646217268
64.8040389238111;64.84551695037564;64.10718314454813;66.49437064340097;64.8040389238111;64.84551695037564;64.10718314454813;66.49437064340097;64.8040389238111;64.84551695037564;455.0190592361025;550.756732490161;0.5711118150926779;0.1364976813943172;64.98574125766754;64.83421444892883;64.16110724210739;66.40465021133423;False;False;False;False;0.15783739961144613;0.16319032482940327;0.20699346783261743;0.19039821025353698
64.81029859522833;64.69652930635976;64.19387157549563;66.3506572465424;64.81029859522833;64.69652930635976;64.19387157549563;66.3506572465424;64.81029859522833;64.69652930635976;455.3352342149868;550.8203613893389;0.5648521436754521;0.2854853254101925;64.74422347545624;64.86582934856415;64.13998544216156;66.43315136432648;False;False;False;False;0.15749900906018682;0.16396398842513218;0.2066294785088843;0.19038838160268715
64.81386662050278;64.76974322964837;64.23889282364172;66.66517341180136;64.81386662050278;64.76974322964837;64.23889282364172;66.66517341180136;64.81386662050278;64.76974322964837;455.2268710784643;550.8885389579467;0.5612841184010051;0.212271402121587;64.76752066612244;64.70299100875854;64.17903274297714;66.46826148033142;False;False;False;False;0.1559585460190028;0.1631964246389045;0.20649700404504986;0.19130992953771245
64.94600091646987;64.89029548571214;64.13667345255509;66.73376956766843;64.94600091646987;64.89029548571214;64.13667345255509;66.73376956766843;64.94600091646987;64.89029548571214;455.0140694199529;550.699108248466;0.4291498224339136;0.0917191460578124;64.79079365730286;64.79685735702515;64.21034336090088;66.49260252714157;False;False;False;False;0.1563863059793684;0.16330799702353965;0.20657439903704922;0.19210205611498882
65.10597317736024;65.01797423603612;64.17782548594937;66.63564855320132;65.10597317736024;65.01797423603612;64.17782548594937;66.63564855320132;65.10597317736024;65.01797423603612;454.77094113877934;550.4363837030098;0.2691775615435432;-0.0359596042661678;64.88431084156036;64.90005087852478;64.19182121753693;66.54511362314224;False;False;False;False;0.1563612805121879;0.16362280274389623;0.20650327833214158;0.19210157705445177
64.95409508746258;65.06225961178386;64.15829228378453;66.51490292433036;64.95409508746258;65.06225961178386;64.15829228378453;66.51490292433036;64.95409508746258;65.06225961178386;454.6775757733817;550.7760302243443;0.4210556514412076;-0.0802449800139015;65.06247437000275;65.02440512180328;64.2017412185669;66.67307049036026;False;False;False;False;0.15644521959873345;0.16270356754529586;0.20645955601059426;0.19146750641938487
64.92522284522384;65.0477308052721;64.21108992318145;66.69618586668457;64.92522284522384;65.0477308052721;64.21108992318145;66.69618586668457;64.92522284522384;65.0477308052721;454.6959340557367;550.8899154623472;0.4499278936799413;-0.0657161735021389;64.9081369638443;65.04965555667877;64.19182449579239;66.63922250270844;False;False;False;False;0.15566939648005595;0.16258484733260115;0.20641863242570596;0.1911163746643385
64.95092986296756;64.98509690776179;64.29167141376232;66.62565131747522;64.95092986296756;64.98509690776179;64.29167141376232;66.62565131747522;64.95092986296756;64.98509690776179;454.8124396942904;550.8984918126837;0.4242208759362285;-0.0030822759918294;64.86979115009308;65.05907607078552;64.19272273778915;66.58743590116501;False;False;False;False;0.15574507553769731;0.16086667052860507;0.20650746415546875;0.19079436627739305
64.95731672112716;64.99433717131403;64.10309879748704;66.54078856918603;64.95731672112716;64.99433717131403;64.10309879748704;66.54078856918603;64.95731672112716;64.99433717131403;454.79354819705367;550.9422808798226;0.4178340177766273;-0.0123225395440726;64.90911877155304;64.9769948720932;64.23077344894409;66.58580988645554;False;False;False;False;0.1552520238726882;0.15955752150515792;0.20685986995517205;0.19072756424216086
64.8747727314065;65.09424461974396;64.2798172640776;66.68099130006509;64.8747727314065;65.09424461974396;64.2798172640776;66.68099130006509;64.8747727314065;65.09424461974396;454.59209029492126;551.1630800616342;0.5003780074972894;-0.112229987974004;64.91324305534363;64.99808990955353;64.2113333940506;66.623155772686;False;False;False;False;0.15512238428943775;0.1598135669434165;0.2066920364876233;0.19075816651992186
65.05812266876036;65.08801215303964;64.10639642607397;66.39565099864421;65.05812266876036;65.08801215303964;64.10639642607397;66.39565099864421;65.05812266876036;65.08801215303964;454.5895912299334;550.8630972545928;0.3170280701434222;-0.1059975212696855;64.85067355632782;65.08687782287598;64.24428969621658;66.58336102962494;False;False;False;False;0.15625652744755014;0.1573745369801443;0.20710968582245076;0.1915339147197582
65.06435417078437;64.9674219301846;64.1149821260294;66.53786998273404;65.06435417078437;64.9674219301846;64.1149821260294;66.53786998273404;65.06435417078437;64.9674219301846;454.8166386728075;550.8929046598973;0.3107965681194145;0.0145927015853573;64.99259316921234;65.06925368309021;64.21653598546982;66.54206156730652;False;False;False;False;0.15603578486565345;0.15665092722673035;0.20727262335755509;0.19147799845834096
64.82791424985774;65.01394473725108;63.85449899094571;66.71455858754767;64.82791424985774;65.01394473725108;63.85449899094571;66.71455858754767;64.82791424985774;65.01394473725108;454.7255387522193;551.4072240441665;0.5472364890460426;-0.0319301054811234;64.99941396713257;64.97074103355408;64.18048173189163;66.53980612754822;False;False;False;False;0.15660675732035179;0.15591912713009048;0.2088225446595192;0.19219131986884558
64.83456293198277;64.9492271277231;63.77470172867025;66.7406370575323;64.83456293198277;64.9492271277231;63.77470172867025;66.7406370575323;64.83456293198277;64.9492271277231;454.85071662387776;551.4668915451225;0.5405878069210104;0.0327875040468512;64.7688205242157;65.00835394859314;64.12280410528183;66.50932163000107;False;False;False;False;0.15608244255193932;0.15590447369526264;0.20879141550890998;0.19293084473286626
64.75852018766791;65.13732145070468;63.863119172233525;66.69503657552572;64.75852018766791;65.13732145070468;63.863119172233525;66.69503657552572;64.75852018766791;65.13732145070468;454.47889964512086;551.6910554080083;0.6166305512358718;-0.1553068189347186;64.77483582496643;64.95657396316528;64.01163846254349;66.62073969841003;False;False;False;False;0.15601738307322835;0.15659753350571118;0.20614489939563355;0.19185463087164373
64.68307344875146;64.86359335868994;63.928191115151456;66.65071577430939;64.68307344875146;64.86359335868994;63.928191115151456;66.65071577430939;64.68307344875146;64.86359335868994;455.0056482532924;551.9241662926727;0.6920772901523264;0.1184212730800169;64.68960177898407;65.14249515533447;63.96165490150452;66.68289214372635;False;False;False;False;0.15545741576892724;0.15843640004403362;0.20521102259208804;0.1917200062957442
64.78688077156029;64.80307592781587;63.901808647987046;66.95250750903277;64.78688077156029;64.80307592781587;63.901808647987046;66.95250750903277;64.78688077156029;64.80307592781587;455.1424726181178;551.8088286190754;0.5882699673434928;0.1789387039540884;64.65592300891876;64.88051152229309;63.93736630678177;66.67832225561142;False;False;False;False;0.15595652397117965;0.15855375960007748;0.20521225929361753;0.1934017742259085
64.85540428214556;64.68830002260505;63.96040198103075;66.89157424037248;64.85540428214556;64.68830002260505;63.96040198103075;66.89157424037248;64.85540428214556;64.68830002260505;455.3958829224;551.7502175935506;0.5197464567582273;0.2937146091649083;64.7272561788559;64.83855998516083;63.95323306322098;66.70420736074448;False;False;False;False;0.15634041069447574;0.15880262786277427;0.20490008123527473;0.1941224460700089
64.86958685620885;64.63325883386239;64.24150170869191;67.18952239732232;64.86958685620885;64.63325883386239;64.24150170869191;67.18952239732232;64.86958685620885;64.63325883386239;455.545127247774;551.7911519729918;0.5055638826949291;0.3487557979075717;64.79783916473389;64.73060607910156;63.99217545986176;66.78261339664459;False;False;False;False;0.15642671926876167;0.15824694568325906;0.2057421720549321;0.19794967524226514
64.91587781656384;64.7822527167569;64.07169708973375;66.85496472048224;64.91587781656384;64.7822527167569;64.07169708973375;66.85496472048224;64.91587781656384;64.7822527167569;455.2936402550393;551.7659785699744;0.4592729223399487;0.199761915013056;64.83827304840088;64.69362235069275;64.08056050539017;66.940156519413;False;False;False;False;0.15631901037809134;0.15497689780324767;0.2056467975355533;0.19802905753694247
65.01847867778862;64.98675056867555;64.17809472613739;66.4986775330108;65.01847867778862;64.98675056867555;64.17809472613739;66.4986775330108;65.01847867778862;64.98675056867555;454.91127947320376;551.6220132371702;0.3566720611151623;-0.0047359369055897;64.86410081386566;64.80841088294983;64.1099500656128;66.9526532292366;False;False;False;False;0.15629684994965443;0.15520785698303055;0.20552425504159236;0.20167822656609347
64.89425890479843;64.92823313211507;64.59120631939147;66.5207347560092;64.89425890479843;64.92823313211507;64.59120631939147;66.5207347560092;64.89425890479843;64.92823313211507;455.0276828880706;551.918009057966;0.4808918341053498;0.0537814996548888;64.96669626235962;64.97443318367004;64.1678735613823;66.89645409584045;False;False;False;False;0.15588740625235772;0.1550969309222537;0.20744186112757174;0.20468505554182226
64.9022906569703;64.7445163716558;64.68216116269237;66.76726948681134;64.9022906569703;64.7445163716558;64.68216116269237;66.76726948681134;64.9022906569703;64.7445163716558;455.4022872756098;551.9660644648362;0.47286008193349;0.2374982601141511;64.86886465549469;64.92968833446503;64.31374937295914;66.65232241153717;False;False;False;False;0.15565569733077733;0.15608386756191714;0.20819032034399024;0.20428068416501316
65.0901844346742;65.01026881769705;64.81532546074884;66.54404276669115;65.0901844346742;65.01026881769705;64.81532546074884;66.54404276669115;65.0901844346742;65.01026881769705;454.9024488182092;551.6533249203529;0.2849663042295844;-0.0282541859270963;64.88804793357849;64.78376197814941;64.430573284626;66.5507259964943;False;False;False;False;0.1568378137208356;0.15568876943411344;0.21103303715600388;0.20394334227356584
64.99077209029382;64.64834504558132;64.80699970736345;66.5509861280507;64.99077209029382;64.64834504558132;64.80699970736345;66.5509861280507;64.99077209029382;64.64834504558132;455.6225291376504;551.8901451163443;0.3843786486099674;0.333669586188634;65.06204223632812;65.00761067867279;64.59740370512009;66.6026371717453;False;False;False;False;0.15656912723034835;0.15930435704054038;0.21197641692300837;0.20308709283093815
64.91986684849564;64.62903117586905;64.59279602828502;66.61975332381381;64.91986684849564;64.62903117586905;64.59279602828502;66.61975332381381;64.91986684849564;64.62903117586905;455.7056461552335;552.083206086422;0.4552838904081397;0.3529834559009117;64.99839413166046;64.69491875171661;64.72656697034836;66.63165301084518;False;False;False;False;0.15647917491854718;0.15941596473791916;0.21197091476521662;0.20306577875111098
64.8206191192483;64.56358699157389;64.35783515939673;66.69644656777909;64.8206191192483;64.56358699157389;64.35783515939673;66.69644656777909;64.8206191192483;64.56358699157389;455.88359898461056;552.3424060636378;0.5545316196554779;0.4184276401960716;64.89989531040192;64.67180478572845;64.71809595823288;66.55448615550995;False;False;False;False;0.15611373999571512;0.156017096100187;0.21442838148288618;0.20314046069798725
64.96810705799385;64.56866751939361;64.23027889268992;66.7852577166975;64.96810705799385;64.56866751939361;64.23027889268992;66.7852577166975;64.96810705799385;64.56866751939361;455.9292282809972;552.1213677354341;0.4070436809099362;0.4133471123763428;64.79478311538696;64.62404882907867;64.63821470737457;66.61120980978012;False;False;False;False;0.15467853225939066;0.15449713898013812;0.21775879002273346;0.20358115497248688
64.87192677183224;64.86066127306013;64.09925556973475;66.80086197991069;64.87192677183224;64.86066127306013;64.09925556973475;66.80086197991069;64.87192677183224;64.86066127306013;455.40035372198105;552.3680007985453;0.5032239670715484;0.1213533587098254;64.91929638385773;64.62512743473053;64.50460284948349;66.68807834386826;False;False;False;False;0.1547322315763945;0.15477856001569046;0.22087629264188025;0.20188882219451937
65.00577733566224;65.01188983629554;64.06969548767988;66.69867443502133;65.00577733566224;65.01188983629554;64.06969548767988;66.69867443502133;65.00577733566224;65.01188983629554;455.1140770433382;552.1673961998281;0.3693734032415392;-0.029875204525581;64.80012428760529;64.88923716545105;64.35030847787857;66.75445646047592;False;False;False;False;0.1549686598662713;0.15511920594199333;0.22249017750614875;0.20068704397939782
64.9053013097961;64.86834892519356;64.25149286535272;66.8506190160557;64.9053013097961;64.86834892519356;64.25149286535272;66.8506190160557;64.9053013097961;64.86834892519356;455.3971755049388;552.4175980386592;0.4698494291076827;0.1136657065763984;64.93831026554108;65.01371586322784;64.24012631177902;66.75738394260406;False;False;False;False;0.15427337028258442;0.1557097392508438;0.22241074577648348;0.20036127185695535
64.9117351374562;64.75115772343753;64.50232618741393;66.81311277614529;64.9117351374562;64.75115772343753;64.50232618741393;66.81311277614529;64.9117351374562;64.75115772343753;455.6467133359944;552.4673769738866;0.4634156014475792;0.2308569083324272;64.8662338256836;64.89413237571716;64.22718703746796;66.76838248968124;False;False;False;False;0.1542978167829586;0.15567641906477708;0.22357961892554487;0.20014694973365899
64.94662765926009;64.7138184531744;64.44396014198226;66.87181146002158;64.94662765926009;64.7138184531744;64.44396014198226;66.87181146002158;64.94662765926009;64.7138184531744;455.75217279763166;552.4593806771386;0.4285230796436963;0.2681961785955593;64.87737596035004;64.78839445114136;64.30200010538101;66.76771700382233;False;False;False;False;0.1543816165521933;0.15564750497626015;0.2235304166646424;0.20030801313182453
64.85096635098309;64.79365002907497;64.42900138019516;67.01610307222887;64.85096635098309;64.79365002907497;64.42900138019516;67.01610307222887;64.85096635098309;64.79365002907497;455.62826913630994;552.7078397043117;0.5241843879206982;0.188364602694989;64.91142809391022;64.76400136947632;64.38366800546646;66.82766318321228;False;False;False;False;0.1523811833215177;0.1556716599751187;0.2235169969930127;0.2009618956916401
64.68858980696811;64.82164993683936;64.462864851876;66.97230768230982;64.68858980696811;64.82164993683936;64.462864851876;66.97230768230982;64.68858980696811;64.82164993683936;455.5973846011405;553.1024840440645;0.6865609319356736;0.1603646949305925;64.84158837795258;64.8526371717453;64.45769757032394;66.85112237930298;False;False;False;False;0.15305511689395834;0.1556301094283492;0.2222836947800678;0.201281897039459
64.83135833454519;64.95500021093716;64.57253138352492;67.12359396668842;64.83135833454519;64.95500021093716;64.57253138352492;67.12359396668842;64.83135833454519;64.95500021093716;455.352066012269;552.9084884465017;0.543792404358598;0.0270144208327991;64.68472731113434;64.88058412075043;64.50508803129196;66.92102789878845;False;False;False;False;0.15220784165146914;0.15485443872750193;0.22136093837615042;0.20144100875585536
64.76499340629678;64.84734539132776;64.75868617573212;67.06420308895244;64.76499340629678;64.84734539132776;64.75868617573212;67.06420308895244;64.76499340629678;64.84734539132776;455.5709775742655;553.113723956913;0.6101573326070024;0.1346692404421929;64.80538594722748;64.99054658412933;64.52869147062302;66.9983422756195;False;False;False;False;0.1520198347362207;0.1543103639340513;0.22213953293651514;0.1998333730674927
64.84803068466726;65.00174646737972;65.03767222046153;67.10832673964387;64.84803068466726;65.00174646737972;65.03767222046153;67.10832673964387;64.84803068466726;65.00174646737972;455.2801313208872;553.0290037111863;0.5271200542365193;-0.0197318356097611;64.78075432777405;64.91187405586243;64.60719913244247;67.01391071081161;False;False;False;False;0.15050599715567867;0.15422047683238144;0.2256348440349343;0.19995505044168418
64.9577758909096;64.86225609876419;65.1586611687723;67.18090333796;64.9577758909096;64.86225609876419;65.1586611687723;67.18090333796;64.9577758909096;64.86225609876419;455.5564811467036;552.8797959725998;0.4173748479941821;0.1197585330057648;64.84056162834167;65.0468899011612;64.75522547960281;67.05501019954681;False;False;False;False;0.15072889667229905;0.15486978952394756;0.22860368957917823;0.20015122198006136
64.75194685079751;65.11710307093098;65.33802695292471;67.30442046502218;64.75194685079751;65.11710307093098;65.33802695292471;67.30442046502218;64.75194685079751;65.11710307093098;455.0627550067708;553.3471040325566;0.6232038881062749;-0.1350884391610236;64.94418036937714;64.9173811674118;64.91195231676102;67.05493807792664;False;False;False;False;0.14985468806783706;0.1548110793066084;0.23188062609157506;0.20147890897944376
64.96500600880067;65.18184946065305;65.34586775370774;67.18007355362798;64.96500600880067;65.18184946065305;65.34586775370774;67.18007355362798;64.96500600880067;65.18184946065305;454.91525043543857;553.0040795682977;0.4101447301031129;-0.1998348288830982;64.75733613967896;65.16582000255585;65.08474260568619;67.11657255887985;False;False;False;False;0.14844925956239374;0.15382636349239473;0.2332060827418709;0.2009150689986978
64.99946701525165;65.27160115438764;65.24154640593511;67.1650426152161;64.99946701525165;65.27160115438764;65.24154640593511;67.1650426152161;64.99946701525165;65.27160115438764;454.7091024041183;552.9898435194095;0.3756837236521306;-0.2895865226176823;64.97405982017517;65.20939636230469;65.2126207947731;67.1729388833046;False;False;False;False;0.14844585785379802;0.1536872288350679;0.23104033884284805;0.20091565894756508
64.96111254868168;65.31856681321428;65.45260028913883;66.90520368883425;64.96111254868168;65.31856681321428;65.45260028913883;66.90520368883425;64.96111254868168;65.31856681321428;454.576559550116;553.1166436157031;0.4140381902221008;-0.3365521814443184;64.99330532550812;65.3120402097702;65.25350719690323;67.16045528650284;False;False;False;False;0.14842288432724327;0.15367568382699215;0.2261136587154849;0.2023685637808983
64.92272973185153;65.52530611628272;65.66008853413332;66.63585056367532;64.92272973185153;65.52530611628272;65.66008853413332;66.63585056367532;64.92272973185153;65.52530611628272;454.11820731978656;553.248614341393;0.4524210070522514;-0.5432914845127641;64.9771158695221;65.32903170585632;65.3130829334259;67.05913752317429;False;False;False;False;0.14848216485248686;0.15446980123232568;0.22625748310915794;0.20634360942724334
64.87692694012831;65.34124711879869;65.38732780563096;66.60248165021811;64.87692694012831;65.34124711879869;65.38732780563096;66.60248165021811;64.87692694012831;65.34124711879869;454.4138864501529;553.4005427257798;0.4982237987754701;-0.3592324870287342;64.93775713443756;65.53100061416626;65.39372146129608;66.91574662923813;False;False;False;False;0.1485911083734053;0.1554489185053926;0.2257738607536618;0.20849101630193315
64.93392172506701;65.37405241953962;65.62331640147328;66.57909333047073;64.93392172506701;65.37405241953962;65.62331640147328;66.57909333047073;64.93392172506701;65.37405241953962;454.3003781837338;553.3529829957391;0.4412290138367751;-0.3920377877696666;64.90829944610596;65.34285998344421;65.40067791938782;66.71673685312271;False;False;False;False;0.1484175313063153;0.15379386573079196;0.22640264689148812;0.20816773719506995
65.27210513852457;65.4679458227827;65.48045237896112;66.60551384890425;65.27210513852457;65.4679458227827;65.48045237896112;66.60551384890425;65.27210513852457;65.4679458227827;454.0603196722118;552.7354467040022;0.1030456003792181;-0.4859311910127388;64.9688845872879;65.36901617050171;65.48277527093887;66.58237099647522;False;False;False;False;0.14931679215901564;0.1540728125779322;0.22608762104409905;0.2079270753869955
65.25518336176005;65.61880611952984;65.29375078817534;66.68947962269871;65.25518336176005;65.61880611952984;65.29375078817534;66.68947962269871;65.25518336176005;65.61880611952984;453.69380825324913;552.7830296709152;0.1199673771437375;-0.6367914877598793;65.26404917240143;65.44060862064362;65.48443406820297;66.55750215053558;False;False;False;False;0.14929195210172824;0.15497646590018002;0.22676277616147095;0.2082601974068733
65.0782414708118;65.76434593279139;65.56352544515724;66.82852095358986;65.0782414708118;65.76434593279139;65.56352544515724;66.82852095358986;65.0782414708118;65.76434593279139;453.3178230950247;553.1529091030975;0.29690926809198;-0.7823313010214292;65.24193775653839;65.60194659233093;65.40437251329422;66.5690940618515;False;False;False;False;0.14998868532351015;0.1527483417578445;0.22707582967333234;0.20913071908487346
65.05003056779076;65.7005832399423;65.67598680012749;66.5647355850949;65.05003056779076;65.7005832399423;65.67598680012749;66.5647355850949;65.05003056779076;65.7005832399423;453.3410376405867;553.2489188115519;0.3251201711130278;-0.7185686081723475;65.07540726661682;65.7452974319458;65.44352799654007;66.63285613059998;False;False;False;False;0.14994520971032824;0.1527302421641126;0.22811720876666514;0.20781103967141748
65.38097734359738;65.63412847829785;65.78885781001578;66.73923669553344;65.38097734359738;65.63412847829785;65.78885781001578;66.73923669553344;65.38097734359738;65.63412847829785;453.3781380161193;552.630374616087;-0.0058266046935955;-0.6521138465278966;65.04794430732727;65.68332600593567;65.46932458877563;66.65424674749374;False;False;False;False;0.15131054465886984;0.1521062386541713;0.2289575934251606;0.2077015289243356
65.39585697710024;65.35067964182258;65.6200797194263;66.48661193620234;65.39585697710024;65.35067964182258;65.6200797194263;66.48661193620234;65.39585697710024;65.35067964182258;453.8580871761994;552.5998384684555;-0.0207062381964533;-0.3686650100526236;65.37194430828094;65.6038134098053;65.53900390863419;66.66239976882935;False;False;False;False;0.15126618451754084;0.15379227941562318;0.2253166324946884;0.2083749962770115
65.68532187715692;65.19797219063062;65.70312096920054;66.55276364035919;65.68532187715692;65.19797219063062;65.70312096920054;66.55276364035919;65.68532187715692;65.19797219063062;454.11434674390966;552.0181478365826;-0.3101711382531391;-0.2159575588606657;65.38547873497009;65.32832992076874;65.59690445661545;66.55218482017517;False;False;False;False;0.15252112877653376;0.15240811031208176;0.22436543243272572;0.20821088007037986
65.55618524931128;65.17516239729801;65.69943871323858;66.69306443843496;65.55618524931128;65.17516239729801;65.69943871323858;66.69306443843496;65.55618524931128;65.17516239729801;454.1311719893935;552.2350649405067;-0.1810345104074997;-0.1931477655280531;65.64536046981812;65.19333827495575;65.61310559511185;66.5630915760994;False;False;False;False;0.1523086230332729;0.1488931818947664;0.22446685915994327;0.20845583857590388
65.432485777776;65.39356947749346;65.8410810727044;66.69786543408969;65.432485777776;65.39356947749346;65.8410810727044;66.69786543408969;65.432485777776;65.39356947749346;453.6686047935988;552.4583259488563;-0.0573350388722104;-0.4115548457235007;65.54270625114441;65.17755329608917;65.61561346054077;66.52051031589508;False;False;False;False;0.14893814467272012;0.14878773218295885;0.22444127090761642;0.2074025418431231
65.26364072854881;65.29119002485712;66.03457982432391;66.8060784221257;65.26364072854881;65.29119002485712;66.03457982432391;66.8060784221257;65.26364072854881;65.29119002485712;453.8184897194417;552.7883713754611;0.1115100103549764;-0.309175393087159;65.42923140525818;65.39218199253082;65.63842356204987;66.58716708421707;False;False;False;False;0.14951669292465447;0.1489953921422971;0.22658025984338048;0.2083970132249201
65.14339865614932;65.35138221187133;65.8875252510017;66.91852801338493;65.14339865614932;65.35138221187133;65.8875252510017;66.91852801338493;65.14339865614932;65.35138221187133;453.65688195966834;553.0437235216408;0.2317520827544683;-0.3693675801013683;65.2620302438736;65.29712986946106;65.73672860860825;66.67392939329147;False;False;False;False;0.1496846147129109;0.14906034469585167;0.22311070374057765;0.2095338490516516
65.15515341781922;64.99640287168134;65.65681979105034;66.93211500553535;65.15515341781922;64.99640287168134;65.65681979105034;66.93211500553535;65.15515341781922;64.99640287168134;454.3175916293681;553.0511142760016;0.2199973210845627;-0.0143882399113834;65.16420209407806;65.35668134689331;65.78474849462509;66.71536326408386;False;False;False;False;0.14907144893619953;0.15271738411382224;0.22172726985867186;0.21054872595803195
65.18687366726573;64.96432173852975;65.43802209506029;66.91596956650453;65.18687366726573;64.96432173852975;65.43802209506029;66.91596956650453;65.18687366726573;64.96432173852975;454.3798354636831;553.0170067532532;0.1882770716380548;0.0176928932402091;65.15064001083374;65.04064643383026;65.76456427574158;66.80131256580353;False;False;False;False;0.1490873643844984;0.15232662696450727;0.22345975861477724;0.20978442248368187
64.92485789613845;64.95928890466777;65.21063058410759;67.25469283880743;64.92485789613845;64.95928890466777;65.21063058410759;67.25469283880743;64.92485789613845;64.95928890466777;454.3922601838391;553.5661419050596;0.4502928427653359;0.0227257271021841;65.19333827495575;65.01099169254303;65.66360384225845;66.8651893734932;False;False;False;False;0.15126722241434432;0.1514741003183924;0.224599988573345;0.21298950871095196
64.7766854939461;65.2540288358921;65.54435729078148;67.22399724177939;64.7766854939461;65.2540288358921;65.54435729078148;67.22399724177939;64.7766854939461;65.2540288358921;453.8058104183374;553.9225257551464;0.5984652449576799;-0.2720142041221436;64.90697884559631;65.03186202049255;65.47930359840393;66.93518340587616;False;False;False;False;0.1502823874074243;0.14981190727059054;0.2215723837266139;0.21462529332587613
64.6832009031819;65.42836622934894;65.37412489409084;67.30407844311121;64.6832009031819;65.42836622934894;65.37412489409084;67.30407844311121;64.6832009031819;65.42836622934894;453.42086707087407;554.1892903026692;0.6919498357218856;-0.4463515975789818;64.76856470108032;65.29812204837799;65.41834771633148;67.02707946300507;False;False;False;False;0.15023293486119496;0.1495439444396167;0.21999004230566027;0.21570530057938647
64.64621064018202;65.59313989936003;65.12225968392082;67.3117897452673;64.64621064018202;65.59313989936003;65.12225968392082;67.3117897452673;64.64621064018202;65.59313989936003;453.031806184508;554.3555308067652;0.7289400987217647;-0.6111252675900687;64.69192838668823;65.46092236042023;65.37346512079239;67.15310543775558;False;False;False;False;0.15028810603752596;0.14990206198499198;0.21908998541080166;0.21426858165498544
64.86053016574903;65.48778095741719;65.2104260855879;67.36505599669992;64.86053016574903;65.48778095741719;65.2104260855879;67.36505599669992;64.86053016574903;65.48778095741719;453.16104069938166;554.0240837687941;0.5146205731547582;-0.5057663256472296;64.64641952514648;65.6202552318573;65.3053429722786;67.15572476387024;False;False;False;False;0.15081244749137593;0.14934119175985075;0.2186344619034954;0.21366145146274368
65.08815435734425;65.71537938933464;65.01504087611325;67.29441670184923;65.08815435734425;65.71537938933464;65.01504087611325;67.29441670184923;65.08815435734425;65.71537938933464;452.6384083254604;553.6374514620243;0.2869963815595326;-0.7333647575646864;64.84092462062836;65.51385009288788;65.29558688402176;67.20076143741608;False;False;False;False;0.152634946951219;0.14923926537009216;0.22026318836382508;0.21373955479847015
65.12762525588218;65.68713518219712;65.07057461675754;67.16138274956921;65.12762525588218;65.68713518219712;65.07057461675754;67.16138274956921;65.12762525588218;65.68713518219712;452.5971147720602;553.5967758491563;0.2475254830216045;-0.7051205504271678;65.03389477729797;65.71262466907501;65.17169833183289;67.21023231744766;False;False;False;False;0.14577827584234593;0.14717820596613942;0.22020075775760675;0.21299731605664157
65.21548047573415;65.47877965770611;65.08174543851622;67.08534935805447;65.21548047573415;65.47877965770611;65.08174543851622;67.08534935805447;65.21548047573415;65.47877965770611;452.9198097476519;553.4540688071886;0.1596702631696303;-0.4967650259361562;65.07182228565216;65.68027341365814;65.10071754455566;67.17532873153687;False;False;False;False;0.14504959408284965;0.14790588567207308;0.21821085505068097;0.21251597082824217
65.0599606696398;65.71059156838383;65.02541536029277;67.04720211434879;65.0599606696398;65.71059156838383;65.02541536029277;67.04720211434879;65.0599606696398;65.71059156838383;452.389950589505;553.7863977878;0.3151900692639771;-0.7285769366138766;65.17303490638733;65.48975777626038;65.0882077217102;67.08152145147324;False;False;False;False;0.14506651329777795;0.1488719609400517;0.218244846219405;0.21105416727568663
65.08121952334297;65.74244932380675;64.93789832342594;67.00948969966714;65.08121952334297;65.74244932380675;64.93789832342594;67.00948969966714;65.08121952334297;65.74244932380675;452.2290914871107;553.7859054229622;0.2939312155608178;-0.7604346920367959;65.02999866008759;65.70376074314117;65.06014913320541;66.99126780033112;False;False;False;False;0.14339734443456587;0.14891677464801525;0.21666395502941585;0.20981015187392366
64.781884852763;65.76871390811984;65.03099124667028;67.13440025244176;64.781884852763;65.76871390811984;65.03099124667028;67.13440025244176;64.781884852763;65.76871390811984;452.07517102621296;554.4237655928636;0.5932658861407845;-0.7866992763498786;65.05541503429413;65.72640109062195;65.03845363855362;66.94080889225006;False;False;False;False;0.14544989343628625;0.14837267747620556;0.21355720684706866;0.21023476858492504
64.75579465211727;65.55009112290435;65.0058112898767;66.99944953698973;64.75579465211727;65.55009112290435;65.0058112898767;66.99944953698973;64.75579465211727;65.55009112290435;452.40752335979727;554.5550481123071;0.6193560867865102;-0.5680764911343914;64.7457549571991;65.7667692899704;65.04171222448349;66.92708283662796;False;False;False;False;0.1451082313852584;0.14913633275547786;0.21205527903684623;0.20656213828050002
64.78396528295113;65.73021677800001;65.1154126836252;67.0654411192131;64.78396528295113;65.73021677800001;65.1154126836252;67.0654411192131;64.78396528295113;65.73021677800001;451.97152851745466;554.5812876622109;0.5911854559526546;-0.7482021462300565;64.73560154438019;65.55229270458221;65.03314286470413;66.92932844161987;False;False;False;False;0.14504829171402284;0.1500291649569346;0.21006291484719258;0.20313629167318603
64.89401284505995;65.66134963028155;65.12852698592394;66.99092197994335;64.89401284505995;65.66134963028155;65.12852698592394;66.99092197994335;64.89401284505995;65.66134963028155;452.0095025267276;554.4400172654537;0.4811378938438366;-0.6793349985115924;64.76192712783813;65.7403849363327;65.06040811538696;66.95782959461212;False;False;False;False;0.14418834761051363;0.14910191326404745;0.2099558970501205;0.1999431100564294
64.85199786230066;65.60681312534967;65.19037251431828;66.91250917315398;64.85199786230066;65.60681312534967;65.19037251431828;66.91250917315398;64.85199786230066;65.60681312534967;452.0279975367898;554.5881989501514;0.5231528766031204;-0.6247984935797177;64.86797273159027;65.65480518341064;65.10091096162796;66.90830826759338;False;False;False;False;0.1439150699724603;0.14873814106408176;0.21007753402348198;0.19575073775583565
64.81531934878231;65.61649662459179;65.06997825247419;66.79203205821965;64.81531934878231;65.61649662459179;65.06997825247419;66.79203205821965;64.81531934878231;65.61649662459179;451.92532407249496;554.7313096940685;0.5598313901214738;-0.6344819928218328;64.86057460308075;65.6012966632843;65.1415154337883;66.89824402332306;False;False;False;False;0.14354256323504985;0.14842951725331946;0.2100141143424069;0.19026074302412246
64.64082553438749;65.73397071833932;64.97521970963938;66.54545423690782;64.64082553438749;65.73397071833932;64.97521970963938;66.54545423690782;64.64082553438749;65.73397071833932;451.605778285957;555.1549415082077;0.7343252045162956;-0.7519560865693649;64.77503979206085;65.62089478969574;65.14906853437424;66.80732816457748;False;False;False;False;0.14356010775128425;0.14817131847012843;0.2105365672667028;0.18585131504582394
64.28200052281589;65.66485775693357;64.66231848639758;66.80578011051244;64.28200052281589;65.66485775693357;64.66231848639758;66.80578011051244;64.28200052281589;65.66485775693357;451.64374339722593;555.9705015586197;1.093150216087892;-0.6828431251636147;64.61892890930176;65.71970474720001;65.11995762586594;66.68290197849274;False;False;False;False;0.14596662260599622;0.148241445610404;0.2150095208804294;0.18577786881071587
64.17197765541502;65.54521374952705;64.59017144080758;66.58066954361801;64.17197765541502;65.54521374952705;64.59017144080758;66.58066954361801;64.17197765541502;65.54521374952705;451.7919856620172;556.3363006555666;1.203173083488764;-0.5631991177570939;64.287264585495;65.65993201732635;65.02004623413086;66.60860359668732;False;False;False;False;0.14629329561418894;0.14803133080345407;0.2176362547508037;0.18519880680225256
63.87356353000361;65.50786745976322;64.37675326088984;66.51566259282225;63.87356353000361;65.50786745976322;64.37675326088984;66.51566259282225;63.87356353000361;65.50786745976322;451.7915850258439;557.0935519841879;1.501587208900176;-0.5258528279932619;64.16048002243042;65.54802322387695;64.8942694067955;66.54523491859436;False;False;False;False;0.1486040471976034;0.1473544102231955;0.22294831256898442;0.18520153530802447
63.811687389376765;65.49944664728622;64.5860016031806;66.58584531816207;63.811687389376765;65.49944664728622;64.5860016031806;66.58584531816207;63.811687389376765;65.49944664728622;451.7383129403988;557.417515893295;1.5634633495270194;-0.5174320155162633;63.88275635242462;65.52470874786377;64.74959999322891;66.56757295131683;False;False;False;False;0.14747110249809908;0.14715709382318456;0.2234299043642605;0.18520755737205283
63.77420597647516;65.24616636678155;64.72707311347713;66.49600568104185;63.77420597647516;65.24616636678155;64.72707311347713;66.49600568104185;63.77420597647516;65.24616636678155;452.175882566006;557.7009404990351;1.6009447624286253;-0.2641517350115947;63.83012938499451;65.53429174423218;64.68392997980118;66.4727658033371;False;False;False;False;0.1475655351835299;0.14968501711062474;0.21856698875266306;0.1837234394261135
63.58388476991272;65.27055015526895;64.76937569282562;66.39685661130106;63.58388476991272;65.27055015526895;64.76937569282562;66.39685661130106;63.58388476991272;65.27055015526895;452.0918947576963;558.2950422138172;1.7912659689910695;-0.288535523498993;63.79205667972565;65.2943400144577;64.71258848905563;66.45369291305542;False;False;False;False;0.1479985570805049;0.14968304085025516;0.21580502525319334;0.1812717119669879
63.341075134945086;65.36825227567451;64.7265204146269;66.38908763363574;63.341075134945086;65.36825227567451;64.7265204146269;66.38908763363574;63.341075134945086;65.36825227567451;451.858019113752;559.0194969462846;2.034075603958698;-0.3862376439045505;63.61379289627075;65.32321000099182;64.77180033922195;66.44076019525528;False;False;False;False;0.1500337562502979;0.14971947405511185;0.21439817106081935;0.1795314317769376
63.35651203185609;65.52593572617964;64.89843206530098;66.29490051961763;63.35651203185609;65.52593572617964;64.89843206530098;66.29490051961763;63.35651203185609;65.52593572617964;451.4911538602211;559.2598332329903;2.0186387070476925;-0.5439210944096828;63.379884123802185;65.4068295955658;64.85447466373444;66.3686615228653;False;False;False;False;0.15000163328950517;0.14854119627356796;0.2142537115782397;0.1779793620239573
63.31478350628822;65.49489277498465;64.77494033153434;66.07339804325028;63.31478350628822;65.49489277498465;64.77494033153434;66.07339804325028;63.31478350628822;65.49489277498465;451.4807169500231;559.6124421117324;2.0603672326155618;-0.5128781432146923;63.39688944816589;65.56548833847046;64.93751615285873;66.30338817834854;False;False;False;False;0.14998930474560898;0.14785620928740248;0.21437463065565318;0.1776211821452326
63.42409042904575;65.35297410020914;64.86372246536841;65.9934379832707;63.42409042904575;65.35297410020914;64.86372246536841;65.9934379832707;63.42409042904575;65.35297410020914;451.6961705471455;559.6685438972328;1.951060309858036;-0.3709594684391817;63.34259617328644;65.50627219676971;64.96063113212585;66.21331810951233;False;False;False;False;0.14333393175082093;0.1480389870501054;0.21423810984943475;0.17806744353757786
63.59950823680816;65.27450540892293;65.06059231718926;65.90119507333505;63.59950823680816;65.27450540892293;65.06059231718926;65.90119507333505;63.59950823680816;65.27450540892293;451.8036466672594;559.5778496563557;1.7756425020956217;-0.2924907771529774;63.45593273639679;65.37077927589417;64.99390870332718;66.10295563936234;False;False;False;False;0.1412248041262142;0.14743767737857966;0.21096392302667544;0.17910263151377773
63.8837777832776;65.41834582228834;65.19109732778759;65.8589040888579;63.8837777832776;65.41834582228834;65.19109732778759;65.8589040888579;63.8837777832776;65.41834582228834;451.4769670702415;559.2460628970296;1.4913729556261828;-0.4363311905183877;63.64010465145111;65.31260371208191;65.07638961076736;65.96739321947098;False;False;False;False;0.1430471609239518;0.1477716292006187;0.2077155862100425;0.1793468943950509
64.05873037263976;65.50036020599903;65.25255098823483;65.82419816202508;64.05873037263976;65.50036020599903;65.25255098823483;65.82419816202508;64.05873037263976;65.50036020599903;451.2547608107511;559.0950074457221;1.316420366264026;-0.5183455742290732;63.90812432765961;65.43683350086212;65.14662951231003;65.89556336402893;False;False;False;False;0.14268780544675191;0.1466177468563737;0.20581080728509793;0.17947295115287026
63.94159855675327;65.60302505623369;65.35199034414164;65.71429231363538;63.94159855675327;65.60302505623369;65.35199034414164;65.71429231363538;63.94159855675327;65.60302505623369;450.9803183670512;559.5047937929969;1.433552182150514;-0.6210104244637336;64.09387958049774;65.51163411140442;65.25004208087921;65.83797097206116;False;False;False;False;0.1434086522928992;0.146869923144554;0.205741854217357;0.17970125445836418
63.96248495906266;65.66664205585474;65.47641698100907;65.5921967459342;63.96248495906266;65.66664205585474;65.47641698100907;65.5921967459342;63.96248495906266;65.66664205585474;450.77028297788064;559.6541612793316;1.4126657798411273;-0.6846274240847805;63.98792040348053;65.58758246898651;65.35359233617783;65.78162103891373;False;False;False;False;0.14285799483901152;0.14614831145993268;0.2060551337377629;0.17836160353310787
64.31262237905445;65.49427230710961;65.40737317769447;65.66965655237424;64.31262237905445;65.49427230710961;65.40737317769447;65.66965655237424;64.31262237905445;65.49427230710961;451.0237388188263;559.1422418766601;1.0625283598493382;-0.5122576753396544;64.00361204147339;65.66588854789734;65.45039921998978;65.69203287363052;False;False;False;False;0.14575244094918055;0.14706047133992603;0.2060679987045046;0.17700182303434023
64.19416581951984;65.41186628995582;65.41393059674779;65.57446048785415;64.19416581951984;65.41186628995582;65.41393059674779;65.57446048785415;64.19416581951984;65.41186628995582;451.1202498297552;559.5208254437092;1.1809849193839457;-0.4298516581858678;64.32401669025421;65.47742986679077;65.49448847770691;65.63230633735657;False;False;False;False;0.14611858900927452;0.14662721976359475;0.2060092655236298;0.17704376990374954
64.1608150441397;65.41653555147553;65.22399641938433;65.56471626155901;64.1608150441397;65.41653555147553;65.22399641938433;65.56471626155901;64.1608150441397;65.41653555147553;451.053597752291;559.7449916503873;1.2143356947640882;-0.4345209197055766;64.22804152965546;65.42119717597961;65.52397966384888;65.59762239456177;False;False;False;False;0.1459481906329247;0.145873127317208;0.2077237831365816;0.17505841721859908
64.37430265789091;65.63528570398641;65.47754530254277;65.94798619931441;64.37430265789091;65.63528570398641;65.47754530254277;65.94798619931441;64.37430265789091;65.63528570398641;450.5581613246418;559.4799278488534;1.000848081012876;-0.6532710722164552;64.16893947124481;65.42398703098297;65.49155116081238;65.58682709932327;False;False;False;False;0.1472403638303979;0.1465206880774722;0.20699562566049684;0.17730539759347463
64.47446813228534;65.60319428900829;65.64761145194335;66.01978836334528;64.47446813228534;65.60319428900829;65.64761145194335;66.01978836334528;64.47446813228534;65.60319428900829;450.5352413449692;559.4130433108663;0.9006826066184459;-0.6211796572383292;64.40080511569977;65.62088787555695;65.49249202013016;65.62071442604065;False;False;False;False;0.1466176510932864;0.14523388841751753;0.20731406005697048;0.18096861166562123
64.39367146853951;65.44074284153521;65.76882191644565;66.06774536184969;64.39367146853951;65.44074284153521;65.76882191644565;66.06774536184969;64.39367146853951;65.44074284153521;450.77732028561695;559.6947276525738;0.9814792703642752;-0.4587282097652547;64.48717999458313;65.59885597229004;65.55469036102295;65.74721246957779;False;False;False;False;0.14688841116502985;0.1431056452724637;0.20771265179965676;0.18322706334612535
64.46926891779252;65.6747765063495;65.89633266154084;65.98080541313122;64.46926891779252;65.6747765063495;65.89633266154084;65.98080541313122;64.46926891779252;65.6747765063495;450.2480891946863;559.674396656783;0.9058818211112653;-0.6927618745795456;64.43407940864563;65.47384488582611;65.6467142701149;65.93179136514664;False;False;False;False;0.14686878592661265;0.14153457696375205;0.20823637582920387;0.18186017877481042
64.40144358808475;65.75348062471447;65.82536267126595;66.11827451030399;64.40144358808475;65.75348062471447;65.82536267126595;66.11827451030399;64.40144358808475;65.75348062471447;449.99831270801246;559.9308315590133;0.9737071508190382;-0.7714659929445133;64.49777936935425;65.68072283267975;65.79678952693939;65.95409333705902;False;False;False;False;0.14710045528348492;0.1400564930110824;0.20812298307852192;0.1786818008842004
64.55866277582652;65.64538976202525;66.07194935730145;66.1426226498461;64.55866277582652;65.64538976202525;66.07194935730145;66.1426226498461;64.55866277582652;65.64538976202525;450.1116323009983;559.746220803639;0.8164879630772646;-0.6633751302552895;64.41339576244354;65.7656284570694;65.87319254875183;65.9580796957016;False;False;False;False;0.14612476281195744;0.14030645571161235;0.2086767244567425;0.17318897785576368
64.56537110596871;65.73027574675972;65.92999995298123;66.27341808189995;64.56537110596871;65.73027574675972;65.92999995298123;66.27341808189995;64.56537110596871;65.73027574675972;449.853410314162;559.8416692050982;0.8097796329350757;-0.7482611149897593;64.5544683933258;65.66230356693268;65.97006499767303;65.96853405237198;False;False;False;False;0.14554362926321587;0.13867757451041104;0.2082015637997486;0.17560060177951628
64.59010592422445;65.58229367718195;65.9371837284139;66.27816764172934;64.59010592422445;65.58229367718195;65.9371837284139;66.27816764172934;64.59010592422445;65.58229367718195;450.0496063046522;559.9001701863115;0.7850448146793383;-0.6002790454119946;64.57060599327087;65.74568462371826;66.00502103567123;66.05124771595001;False;False;False;False;0.14555421958155132;0.13884144400321857;0.20724518430168962;0.17688933549756952
64.63793609066205;65.41787081274776;66.01394978929864;66.18881621639764;64.63793609066205;65.41787081274776;66.01394978929864;66.18881621639764;64.63793609066205;65.41787081274776;450.2984148274657;559.9091824953935;0.7372146482417321;-0.4358561809778081;64.60712993144989;65.61450958251953;66.01569831371307;66.10738128423691;False;False;False;False;0.14547839617779146;0.1400071388240213;0.20574589097304433;0.17697466107177412
64.35956694000988;65.3039573138301;65.93137207987961;66.15184192730966;64.35956694000988;65.3039573138301;65.93137207987961;66.15184192730966;64.35956694000988;65.3039573138301;450.4681276678373;560.56421608313;1.0155837988938998;-0.3219426820601399;64.65597486495972;65.45290887355804;66.05389326810837;66.14521890878677;False;False;False;False;0.1479482282796036;0.1396297745485441;0.2058583369000446;0.1751336426258248
64.3700279922862;65.31308436482493;65.96582350137882;66.08112742819836;64.3700279922862;65.31308436482493;65.96582350137882;66.08112742819836;64.3700279922862;65.31308436482493;450.4069478749063;560.6787051517632;1.0051227466175874;-0.3310697330549743;64.38743662834167;65.35276103019714;66.02597892284393;66.12368404865265;False;False;False;False;0.14747329473151138;0.1393092390179483;0.20561928301719742;0.17467524133173673
64.46660425546379;65.60911385376909;66.12526819552565;66.21383049456016;64.46660425546379;65.60911385376909;66.12526819552565;66.21383049456016;64.46660425546379;65.60911385376909;449.770746265944;560.6195689916237;0.9085464834399914;-0.6270992219991314;64.40405476093292;65.35271608829498;66.04568123817444;66.06878966093063;False;False;False;False;0.1474018473696101;0.1366393284861337;0.20567706159667942;0.1751407519541376
64.51159439247333;65.48296777893542;66.2025082231486;66.33789917042742;64.51159439247333;65.48296777893542;66.2025082231486;66.33789917042742;64.51159439247333;65.48296777893542;449.9394251860114;560.65072824873;0.8635563464304568;-0.5009531471654611;64.49194037914276;65.61827778816223;66.09192103147507;66.05448335409164;False;False;False;False;0.1445521325674708;0.13719636170869073;0.20580246001977676;0.1770070961140948
64.4681681206805;65.31977554659558;66.38751061734874;66.44317417177325;64.4681681206805;65.31977554659558;66.38751061734874;66.44317417177325;64.4681681206805;65.31977554659558;450.1990158977357;560.8527216385064;0.9069826182232816;-0.3377609148256226;64.53276491165161;65.51788449287415;66.13930493593216;66.08251571655273;False;False;False;False;0.14075569964351;0.13824424667207666;0.20569393004100583;0.17979294959946068
64.50532937444913;65.26458370137541;66.21935822063834;66.28387134622245;64.50532937444913;65.26458370137541;66.21935822063834;66.28387134622245;64.50532937444913;65.26458370137541;450.26436479953264;560.8993301467323;0.8698213644546513;-0.2825690696054579;64.50414037704468;65.37079656124115;66.24789386987686;66.18260085582733;False;False;False;False;0.13882259720748047;0.1382879930486156;0.20523758927388158;0.18002827300805763
64.76611355531074;65.43414321217718;66.31213806346683;66.24329735032896;64.76611355531074;65.43414321217718;66.31213806346683;66.24329735032896;64.76611355531074;65.43414321217718;449.88756990198175;560.4937379669364;0.6090371835930455;-0.4521285804072192;64.53261971473694;65.30933332443237;66.30121141672134;66.2430191040039;False;False;False;False;0.14054428983164835;0.13817819737748843;0.2052380516631916;0.17953728954384957
64.89512868729186;65.63698517345058;66.22306205194698;66.04125014732438;64.89512868729186;65.63698517345058;66.22306205194698;66.04125014732438;64.89512868729186;65.63698517345058;449.421602168714;560.3169126607866;0.4800220516119253;-0.6549705416806262;64.78724324703217;65.45955336093903;66.33129596710205;66.22769981622696;False;False;False;False;0.13985122759438504;0.1392057949063615;0.20543300468760511;0.18021234798139385
64.81432177836304;66.01059436851641;66.25526197975057;66.10485482370666;64.81432177836304;66.01059436851641;66.25526197975057;66.10485482370666;64.81432177836304;66.01059436851641;448.5870543730249;560.5425294188591;0.5608289605407464;-1.028579736746451;64.89875447750092;65.63166010379791;66.32893234491348;66.10473245382309;False;False;False;False;0.13994100067830612;0.14290926999621628;0.20548883497617162;0.18004061853955933
64.99274786277267;66.07638837082787;66.02636430329507;66.05507561194165;64.99274786277267;66.07638837082787;66.02636430329507;66.05507561194165;64.99274786277267;66.07638837082787;448.31832240350246;560.2604544447786;0.3824028761311098;-1.0943737390579145;64.80439031124115;66.00434255599976;66.30012303590775;66.02245807647705;False;False;False;False;0.14101946427627865;0.14293263766334705;0.20706132946127123;0.17908601972024363
65.0330902881694;66.10499572584514;65.91527650872672;66.08535484865729;65.0330902881694;66.10499572584514;65.91527650872672;66.08535484865729;65.0330902881694;66.10499572584514;448.11519119492687;560.2307566441359;0.3420604507343796;-1.122981094075186;64.97957384586334;66.05034232139587;66.24995917081833;65.93282073736191;False;False;False;False;0.140333645930738;0.1427498635808789;0.20938803878138554;0.17819813753206215
64.94721777064827;65.99605652737226;66.03527165616526;66.27185144998698;64.94721777064827;65.99605652737226;66.03527165616526;66.27185144998698;64.94721777064827;65.99605652737226;448.1833387793293;560.4481097392761;0.4279329682555186;-1.014041895602304;65.0137711763382;66.07659876346588;66.16163969039917;65.94663202762604;False;False;False;False;0.13887809253639363;0.1425134355486834;0.20973016399633215;0.18066982651205374
64.67829173480243;65.94760117753195;65.93158533505888;66.21357949416273;64.67829173480243;65.94760117753195;65.93158533505888;66.21357949416273;64.67829173480243;65.94760117753195;448.1450438929296;561.0430195400685;0.6968590041013556;-0.965586545761994;64.92304039001465;65.98197877407074;66.12201541662216;65.97203522920609;False;False;False;False;0.14044538051448557;0.142505425129261;0.21047386777811194;0.18150635191234638
64.7755591304437;65.9545060956996;66.23451580440835;66.04979168473996;64.7755591304437;65.9545060956996;66.23451580440835;66.04979168473996;64.7755591304437;65.9545060956996;448.002489183826;560.9413992826661;0.5995916084600879;-0.9724914639296428;64.68326842784882;65.9325737953186;66.0594990849495;66.0307028889656;False;False;False;False;0.140711348198663;0.1425206492908653;0.21112635353611553;0.18143420278904954
64.62451873468606;65.68920251014727;66.30877901406863;65.79639786565862;64.62451873468606;65.68920251014727;66.30877901406863;65.79639786565862;64.62451873468606;65.68920251014727;448.4034308264068;561.3234256219761;0.7506320042177208;-0.7071878783773116;64.77401995658875;65.95298433303833;66.12045168876648;66.05310648679733;False;False;False;False;0.14121976139500575;0.14455080376802157;0.21167843168136113;0.18304146553842415
64.70808439513581;65.72461179459762;66.38674102665587;65.34634217999418;64.70808439513581;65.72461179459762;66.38674102665587;65.34634217999418;64.70808439513581;65.72461179459762;448.23832054038905;561.2563785683056;0.6670663437679707;-0.7425971628276642;64.65418756008148;65.68348503112793;66.215980052948;65.9356826543808;False;False;False;False;0.14123848746057416;0.14459452683685528;0.211954367340448;0.19142420449812775
64.90397464258653;65.8619448341404;66.582757518835;65.13415470836075;64.90397464258653;65.8619448341404;66.582757518835;65.13415470836075;64.90397464258653;65.8619448341404;447.86464150625983;560.9535402525732;0.4711760963172509;-0.8799302023704456;64.73950111865997;65.71578443050385;66.30340784788132;65.6992581486702;False;False;False;False;0.14205906939354415;0.14497493909853215;0.21352151520341642;0.19878613033458536
65.03265589253166;65.55576943278477;66.68671979836685;65.0004602629261;65.03265589253166;65.55576943278477;66.68671979836685;65.0004602629261;65.03265589253166;65.55576943278477;448.3596682819884;560.759001232192;0.3424948463721193;-0.5737548010148146;64.93024146556854;65.80671226978302;66.44796580076218;65.40613621473312;False;False;False;False;0.14101383853001845;0.14693602958939003;0.21432869908041835;0.20172189991573722
64.87535037342032;65.42715365088036;66.669578825761;64.95973709139722;64.87535037342032;65.42715365088036;66.669578825761;64.95973709139722;64.87535037342032;65.42715365088036;448.5403992056619;561.119278249931;0.4998003654834662;-0.4451390191103996;65.03105306625366;65.53709542751312;66.54478579759598;65.14285624027252;False;False;False;False;0.14162796910072806;0.14698915035451646;0.21444022585150407;0.20247569535224366
64.77076824666395;65.68905324440387;66.73795889987382;64.96466715323358;64.77076824666395;65.68905324440387;66.73795889987382;64.96466715323358;64.77076824666395;65.68905324440387;447.9572481494002;561.3950825521748;0.6043824922398358;-0.7070386126339088;64.91039443016052;65.40487289428711;66.62662416696548;65.01268982887268;False;False;False;False;0.14130934143888718;0.14940886692663294;0.2124411753085802;0.20184090377461522
64.91111626853039;65.45116186379148;66.86723216373177;64.9631946459265;64.91111626853039;65.45116186379148;66.86723216373177;64.9631946459265;64.91111626853039;65.45116186379148;448.3387590956071;561.1949708407406;0.4640344703733916;-0.4691472320215268;64.79943633079529;65.64659810066223;66.70276820659637;64.93229061365128;False;False;False;False;0.14157126833191003;0.15046081907771436;0.2104175708811584;0.2006539486102605
65.11485593732057;65.25745154345981;66.8612922818382;65.14383257790432;65.11485593732057;65.25745154345981;66.8612922818382;65.14383257790432;65.11485593732057;65.25745154345981;448.6636267720009;560.8493627658767;0.260294801583214;-0.2754369116898516;64.93847966194153;65.43226325511932;66.76348477602005;64.91581082344055;False;False;False;False;0.1425580912654637;0.15039704629626702;0.2101475517022222;0.20170398370738937
65.14595296102239;65.45698408782307;67.00064487778275;65.15176923957593;65.14595296102239;65.45698408782307;67.00064487778275;65.15176923957593;65.14595296102239;65.45698408782307;448.2278367617157;560.8218746920174;0.2291977778813958;-0.4749694560531168;65.13442635536194;65.2547254562378;66.80493503808975;64.95034068822861;False;False;False;False;0.1425609686453221;0.14927833096996926;0.2109502698798888;0.20259302728121562
65.15533620735712;65.56049686977761;67.170394190205;65.10490155560099;65.15533620735712;65.56049686977761;67.170394190205;65.10490155560099;65.15533620735712;65.56049686977761;447.9574819369996;560.8336679030655;0.2198145315466604;-0.578482238007652;65.1725025177002;65.4393675327301;66.87735497951508;65.00479578971863;False;False;False;False;0.14202253414463034;0.1495422790837334;0.2127655438561975;0.20112584094395808
65.46789711281103;65.50726920179159;67.132369875964;64.92717044387702;65.46789711281103;65.50726920179159;67.132369875964;64.92717044387702;65.46789711281103;65.50726920179159;447.9868063079039;560.2378546963639;-0.0927463739072465;-0.5252545700216302;65.15923774242401;65.54451429843903;66.97545349597931;65.07823526859283;False;False;False;False;0.14452406824048591;0.14889677316756017;0.2132898324451224;0.20084799005897838
65.73711526776052;65.75615811322035;67.09357517887119;64.90995757747132;65.73711526776052;65.75615811322035;67.09357517887119;64.90995757747132;65.73711526776052;65.75615811322035;447.4189945423768;559.6870522032773;-0.3619645288567312;-0.7741434814503947;65.4681545495987;65.47575664520264;67.03149855136871;65.0303727388382;False;False;False;False;0.1466221126125997;0.15099295268561191;0.212043535796048;0.1973993538359813
65.77590146543928;65.6319559339256;66.89049283777246;64.97011575400488;65.77590146543928;65.6319559339256;66.89049283777246;64.97011575400488;65.77590146543928;65.6319559339256;447.5641797701063;559.5612178707389;-0.4007507265354917;-0.6499413021556393;65.73279321193695;65.70381951332092;67.07001805305481;64.94858682155609;False;False;False;False;0.14649296139611498;0.15091192271514417;0.21273161625098005;0.1972428450312469
65.71181072005422;65.39938629823972;66.82734217296222;64.87473737221495;65.71181072005422;65.39938629823972;66.82734217296222;64.87473737221495;65.71181072005422;65.39938629823972;447.9426602011906;559.6359659313043;-0.3366599811504329;-0.4173716664697622;65.7421065568924;65.57041120529175;67.02464371919632;64.8741540312767;False;False;False;False;0.1457802195120109;0.15083493088506897;0.2134629128143665;0.19243482481763216
65.80449183284205;65.20147613796968;66.63198167898221;64.94492839789841;65.80449183284205;65.20147613796968;66.63198167898221;64.94492839789841;65.80449183284205;65.20147613796968;448.2828309662014;559.4057157082419;-0.4293410939382625;-0.2194615061997211;65.67707562446594;65.35911858081818;66.94738179445267;64.8672205209732;False;False;False;False;0.14612241703116305;0.15151795862012074;0.211758272888225;0.189216117180574
65.60216398318192;65.067818063084;66.6105019246547;64.85055171044041;65.60216398318192;65.067818063084;66.6105019246547;64.85055171044041;65.60216398318192;65.067818063084;448.5208855818128;559.7531259283704;-0.2270132442781403;-0.0858034313140478;65.76663100719452;65.17267191410065;66.82329326868057;64.89543318748474;False;False;False;False;0.14692687692448542;0.1508175228108262;0.20980781648287586;0.18894690949782675
65.62939577723465;65.10919269814765;66.45719674603384;65.03166638061055;65.62939577723465;65.10919269814765;66.45719674603384;65.03166638061055;65.62939577723465;65.10919269814765;448.42669585417696;559.6683939076945;-0.2542450383308647;-0.1271780663776951;65.58092069625854;65.04225397109985;66.7199495434761;64.85872656106949;False;False;False;False;0.1457306499335657;0.14939962320033623;0.20808935973489875;0.1896639689409592
65.65409995543457;65.1161609859635;66.5799753220219;65.2167652098826;65.65409995543457;65.1161609859635;66.5799753220219;65.2167652098826;65.65409995543457;65.1161609859635;448.3958022030282;559.5850862128506;-0.2789492165307905;-0.1341463541935468;65.59837198257446;65.10187113285065;66.62483423948288;64.89911139011383;False;False;False;False;0.14566907170176352;0.14542600805738237;0.20717168589791296;0.19200384564063078
65.830326339678;64.97045996324655;66.34726973123409;64.81263621402671;65.830326339678;64.97045996324655;66.34726973123409;64.81263621402671;65.830326339678;64.97045996324655;448.66931806790296;559.1954402154929;-0.4551756007742114;0.0115546685234022;65.63533842563629;65.11111879348755;66.5717002749443;64.95166838169098;False;False;False;False;0.146659667318312;0.1459079209644761;0.2078829701837449;0.1924575698830314
65.8867436091606;64.72391334537265;66.52243472053782;64.81541566038095;65.8867436091606;64.72391334537265;66.52243472053782;64.81541566038095;65.8867436091606;64.72391334537265;449.16395192612055;559.0219155964245;-0.5115928702568198;0.2581012863973058;65.77939450740814;64.95374262332916;66.50580734014511;65.01173585653305;False;False;False;False;0.1468219545489834;0.1471830573270044;0.20503159066495977;0.19289138826496927
65.59392600737083;64.74248700391387;66.69731090764863;64.68475343654947;65.59392600737083;64.74248700391387;66.69731090764863;64.68475343654947;65.59392600737083;64.74248700391387;449.1612181138911;559.5393384173032;-0.2187752684670414;0.2395276278560913;65.8529886007309;64.71442353725433;66.47676199674606;64.96256202459335;False;False;False;False;0.14796522120023714;0.14711264171475072;0.20240385016918921;0.19399307815756536
65.87858960511474;65.03693696036557;66.67982954243314;64.52954580040773;65.87858960511474;65.03693696036557;66.67982954243314;64.52954580040773;65.87858960511474;65.03693696036557;448.6042552180352;558.9408411860197;-0.5034388662109563;-0.0549223285956088;65.57852149009705;64.74285447597504;66.53438061475754;64.7841626405716;False;False;False;False;0.15063817965994147;0.14806763035178516;0.1991631130352149;0.19521024022532674
65.95125858069014;64.70503676383734;66.57429568804594;64.48712677529444;65.95125858069014;64.70503676383734;66.57429568804594;64.48712677529444;65.95125858069014;64.70503676383734;449.2607326339456;558.7283780527075;-0.576107841786353;0.2769778679326151;65.85179936885834;64.99083697795868;66.56151801347733;64.71540451049805;False;False;False;False;0.14965729601270467;0.1500993801727174;0.19736154258401664;0.1963478651826707
65.62925785531472;64.78486894135769;66.5393611959279;64.3350861035947;65.62925785531472;64.78486894135769;66.5393611959279;64.3350861035947;65.62925785531472;64.78486894135769;449.1379986612959;559.2955651245535;-0.2541071164109354;0.1971456904122703;65.94351541996002;64.69886326789856;66.59775912761688;64.59569573402405;False;False;False;False;0.1525948859282225;0.14968287875916592;0.19743709594130793;0.1977141614081972
65.3925744583923;64.61708482666276;66.7338638055933;63.99328113719967;65.3925744583923;64.61708482666276;66.7338638055933;63.99328113719967;65.3925744583923;64.61708482666276;449.4998529827407;559.7350509695435;-0.0174237194885193;0.3649298051071952;65.60554194450378;64.75128972530365;66.59990638494492;64.49977725744247;False;False;False;False;0.15387883941083505;0.14960904399388783;0.1961028902625278;0.20348185935766958
65.51719336786306;64.53666475252543;66.61810828046889;64.04318994796503;65.51719336786306;64.53666475252543;66.61810828046889;64.04318994796503;65.51719336786306;64.53666475252543;449.709350438363;559.4834899880035;-0.142042628959274;0.4453498792445316;65.41357433795929;64.58516025543213;66.62006765604019;64.36747670173645;False;False;False;False;0.15405423482961156;0.1495114923905536;0.19563530495160153;0.20557815639406682
65.32856083729665;64.7109762879769;66.4470878524623;64.03841211878596;65.32856083729665;64.7109762879769;66.4470878524623;64.03841211878596;65.32856083729665;64.7109762879769;449.4201073513593;559.8418160319418;0.0465899016071347;0.2710383437930517;65.51310682296753;64.52938389778137;66.61189824342728;64.21504110097885;False;False;False;False;0.1549486541949984;0.15048413544938863;0.1962177901741608;0.20548279795465485
65.46278474726236;64.72159649732838;66.53602497322831;64.24985416133214;65.46278474726236;64.72159649732838;66.53602497322831;64.24985416133214;65.46278474726236;64.72159649732838;449.4350053784955;559.5795801988913;-0.0876340083585773;0.2604181344415792;65.34613728523254;64.69132685661316;66.58843249082565;64.08666461706161;False;False;False;False;0.15466084495164487;0.1504828076811557;0.19628078628224707;0.20574686074650186
65.31078927761507;64.46222772677795;66.3698076824287;64.22677493538114;65.31078927761507;64.46222772677795;66.3698076824287;64.22677493538114;65.31078927761507;64.46222772677795;449.98846533752186;559.8718866037381;0.064361461288712;0.519786904992003;65.44754695892334;64.70065748691559;66.5857607126236;64.15442287921906;False;False;False;False;0.15457859054679016;0.152024797345607;0.19725302814782258;0.2049544646975579
65.08277332323206;64.4801578214255;66.33629043203712;64.35639022012946;65.08277332323206;64.4801578214255;66.33629043203712;64.35639022012946;65.08277332323206;64.4801578214255;450.0219100688924;560.3365000406759;0.2923774156717229;0.5018568103444636;65.31904423236847;64.46340572834015;66.50909870862961;64.21465426683426;False;False;False;False;0.1561640121864553;0.1514188454069153;0.19672150177261594;0.20530350082620472
65.34657165207982;64.62170348578933;66.3984272618087;64.20583290322762;65.34657165207982;64.62170348578933;66.3984272618087;64.20583290322762;65.34657165207982;64.62170348578933;449.805732981544;559.8478870384033;0.0285790868239672;0.3603111459806314;65.08705067634583;64.50185525417328;66.45151942968369;64.32584941387177;False;False;False;False;0.15798207280022022;0.1516074443527675;0.19245873506582392;0.20542500502818414
65.61810326110673;64.52015860174653;66.53826808584522;64.27966712132344;65.61810326110673;64.52015860174653;66.53826808584522;64.27966712132344;65.61810326110673;64.52015860174653;450.0568642357603;559.3086343652593;-0.2429525222029411;0.4618560300234264;65.35219061374664;64.61973786354065;66.43656402826309;64.33421552181244;False;False;False;False;0.15961280532374283;0.15088093676024547;0.18882467763842548;0.20513995315144837
65.5766341678625;64.34016118043094;66.55794724161501;64.04993216254164;65.5766341678625;64.34016118043094;66.55794724161501;64.04993216254164;65.5766341678625;64.34016118043094;450.4784398823946;559.3591788821207;-0.2014834289587099;0.6418534513390171;65.62252998352051;64.51257908344269;66.43759340047836;64.35632735490799;False;False;False;False;0.15861731932244014;0.15057451713279124;0.18475952254638278;0.2058397566096226
65.82967422529214;64.33386230534352;66.44060640048478;63.94135276520871;65.82967422529214;64.33386230534352;66.44060640048478;63.94135276520871;65.82967422529214;64.33386230534352;450.5766180927481;558.8262343100669;-0.4545234863883536;0.648152326426441;65.576056599617;64.34466230869293;66.4782240986824;64.27424967288971;False;False;False;False;0.1592235439507534;0.150570281675445;0.18310944757813857;0.20818454594927246
65.87278640827294;64.38622931923557;66.40595978170983;64.21253762875578;65.87278640827294;64.38622931923557;66.40595978170983;64.21253762875578;65.87278640827294;64.38622931923557;450.5583043751541;558.6794068125868;-0.4976356693691599;0.5957853125343888;65.81492280960083;64.30570459365845;66.4884227514267;64.21576887369156;False;False;False;False;0.1593006800988666;0.15064919711012253;0.18325742270851103;0.20818341255261236
65.9351834439204;64.48300860722945;66.30169950503755;64.39177943881552;65.9351834439204;64.48300860722945;66.30169950503755;64.39177943881552;65.9351834439204;64.48300860722945;450.4441838408376;558.4882613187093;-0.5600327050166101;0.4990060245405061;65.83944034576416;64.36991965770721;66.47690951824188;64.13478285074234;False;False;False;False;0.1595325016973747;0.15103330092891398;0.18303555583312167;0.20820292826066067
65.88551366649394;64.66697079752598;66.31130736790404;64.28001265637751;65.88551366649394;64.66697079752598;66.31130736790404;64.28001265637751;65.88551366649394;64.66697079752598;450.14279359685;558.5129298462267;-0.5103629275901511;0.3150438342439798;65.92169094085693;64.48222255706787;66.41706496477127;64.2106482386589;False;False;False;False;0.15948550928675534;0.15090107075369744;0.18030260925047378;0.20436086841569964
65.9683990600322;64.41990118671042;66.14045818074634;64.29516617571358;65.9683990600322;64.41990118671042;66.14045818074634;64.29516617571358;65.9683990600322;64.41990118671042;450.67893866304695;558.2791106688048;-0.5932483211284136;0.5621134450595378;65.85431265830994;64.63546407222748;66.3579186797142;64.35116082429886;False;False;False;False;0.15975078427715755;0.1512158486046773;0.1814898341519883;0.20223682231365772
66.16534537255045;64.53582918132085;65.93625448413964;64.22205942101597;66.16534537255045;64.53582918132085;65.93625448413964;64.22205942101597;66.16534537255045;64.53582918132085;450.5220311331674;557.8061182676179;-0.7901946336466636;0.4461854504491072;65.91768074035645;64.3932272195816;66.28238439559937;64.39693182706833;False;False;False;False;0.16146814229407594;0.15179675308055565;0.18324051782384476;0.20249815200095822
66.34519238822587;64.53698787348667;66.0534191832707;64.19219120489818;66.34519238822587;64.53698787348667;66.0534191832707;64.19219120489818;66.34519238822587;64.53698787348667;450.57920514222894;557.3410649517808;-0.9700416493220844;0.4450267582832907;66.10093998908997;64.51444244384766;66.16012185811996;64.34398144483566;False;False;False;False;0.16055676535504856;0.15151865133720727;0.18352259400043738;0.20300268375610828
66.61297633396295;64.31985227740286;65.66949831882047;64.47760356005895;66.61297633396295;64.31985227740286;65.66949831882047;64.47760356005895;66.61297633396295;64.31985227740286;451.072813235501;556.6761581737304;-1.2378255950591637;0.6621623543670978;66.26800286769867;64.50862419605255;66.09646797180176;64.32403981685638;False;False;False;False;0.16388910688102032;0.15163501862266218;0.18710236982213035;0.20314065049990926
66.81525987293753;64.40734650522312;65.7209156894673;64.53088992885287;66.81525987293753;64.40734650522312;65.7209156894673;64.53088992885287;66.81525987293753;64.40734650522312;450.98611309377605;556.1065476831067;-1.4401091340337473;0.5746681265468396;66.52899086475372;64.30123805999756;65.9436422586441;64.34594511985779;False;False;False;False;0.16541171223933374;0.15118126183680836;0.18769123862278245;0.20239870412864655
66.83300513100575;64.17602474235125;65.73386629912618;64.60510477077275;66.83300513100575;64.17602474235125;65.73386629912618;64.60510477077275;66.83300513100575;64.17602474235125;451.5253790363928;555.8790426157657;-1.4578543921019644;0.8059898894187114;66.71528887748718;64.37683379650116;65.83505660295486;64.44192588329315;False;False;False;False;0.16577440693888884;0.15232919047022994;0.18662754591472036;0.20289188429094368
66.67954363711826;64.11187312044918;65.69189526392681;64.44020414881481;66.67954363711826;64.11187312044918;65.69189526392681;64.44020414881481;66.67954363711826;64.11187312044918;451.761147598786;555.991585017927;-1.3043928982144737;0.8701415113207815;66.74820363521576;64.17046058177948;65.78340768814087;64.58620190620422;False;False;False;False;0.16283650840489997;0.1523593880367961;0.1843306205181342;0.2032073480265732
66.74167159902227;64.01025281663664;65.84992128028952;64.41673764712043;66.74167159902227;64.01025281663664;65.84992128028952;64.41673764712043;66.74167159902227;64.01025281663664;452.0804070745872;555.6934100410238;-1.3665208601184844;0.9717618151333198;66.58270680904388;64.11203956604004;65.70500820875168;64.60943162441254;False;False;False;False;0.1635244802459449;0.15074831467127142;0.18468602481639373;0.20334664757734988
66.77878515970913;63.97166954367106;66.1318980972982;64.393847640584;66.77878515970913;63.97166954367106;66.1318980972982;64.393847640584;66.77878515970913;63.97166954367106;452.2871418625361;555.4369801383009;-1.4036344208053464;1.0103450880988945;66.65454471111298;64.00285148620605;65.7362499833107;64.60024267435074;False;False;False;False;0.16144117700260782;0.15026446858542586;0.1882270760261539;0.20429664425301952
66.66691333585072;63.96823649706417;66.13473326447854;64.37749812558282;66.66691333585072;63.96823649706417;66.13473326447854;64.37749812558282;66.66691333585072;63.96823649706417;452.4287206341631;555.4735725299104;-1.2917625969469384;1.013778134705788;66.70276737213135;63.97704100608826;65.83811193704605;64.52413141727448;False;False;False;False;0.16125336336122445;0.15025681996227094;0.19016185309628494;0.2043991516421543
66.45179121527339;63.92432328477459;66.21921506214825;64.584663719581;66.45179121527339;63.92432328477459;66.21921506214825;64.584663719581;66.45179121527339;63.92432328477459;452.651717476703;555.7315817581388;-1.0766404763696045;1.0576913469953697;66.59528362751007;63.97712051868439;65.93011289834976;64.50732380151749;False;False;False;False;0.16149113995127137;0.1489236189598001;0.19094294145371463;0.20383188429549684
66.30458788485558;64.228790128962;66.3006234407631;64.54153173310092;66.30458788485558;64.228790128962;66.3006234407631;64.54153173310092;66.30458788485558;64.228790128962;452.1838093012609;555.8824363554585;-0.9294371459517948;0.753224502807953;66.40254163742065;63.937906980514526;66.04651391506195;64.52819973230362;False;False;False;False;0.16098863247650963;0.15117781522448448;0.18873128142999213;0.2027643873267718
66.05730374767262;64.30501505858119;66.44531827348442;64.70838842632251;66.05730374767262;64.30501505858119;66.44531827348442;64.70838842632251;66.05730374767262;64.30501505858119;452.1317893757303;556.2530796770309;-0.6821530087688359;0.6769995731887661;66.25890731811523;64.23146402835846;66.14915937185287;64.58382844924927;False;False;False;False;0.16173710212849243;0.15125195527376725;0.1902896140236871;0.20176855209095823
65.92913511915705;64.37236868915697;66.39414231257597;64.69188080808752;65.92913511915705;64.37236868915697;66.39414231257597;64.69188080808752;65.92913511915705;64.37236868915697;452.0873487243372;556.4184631995595;-0.5539843802532687;0.6096459426129854;66.01932895183563;64.29553043842316;66.22266441583633;64.69442695379257;False;False;False;False;0.16196326663931818;0.14748160052358814;0.1906008205756721;0.2007075102289328
65.96932470995056;64.52707647325913;65.95106883576496;64.77232285742191;65.96932470995056;64.52707647325913;65.95106883576496;64.77232285742191;65.96932470995056;64.52707647325913;451.8592192818146;556.2642194339387;-0.5941739710467715;0.4549381585108278;65.94017934799194;64.37785363197327;66.2908062338829;64.72224622964859;False;False;False;False;0.16195026020125447;0.14798748323848282;0.19081037022440064;0.20046643232249603
66.14844322677975;64.5481699795896;65.9146903173168;64.863248328086;66.14844322677975;64.5481699795896;65.9146903173168;64.863248328086;66.14844322677975;64.5481699795896;451.8776906902884;555.8267592041408;-0.7732924878759633;0.4338446521803547;65.92237889766693;64.50539529323578;66.21749132871628;64.79106992483139;False;False;False;False;0.16136043541219056;0.147961572621752;0.18808724745987995;0.1971165720189838
66.14386460298705;64.5846604470743;65.89147019595313;64.83961245344871;66.14386460298705;64.5846604470743;65.89147019595313;64.83961245344871;66.14386460298705;64.5846604470743;451.8625557089431;555.732810786676;-0.7687138640832671;0.3973541846956578;66.1037540435791;64.5341546535492;66.1196419596672;64.82283622026443;False;False;False;False;0.16092695723941636;0.14651657394028977;0.1892396211430027;0.19519015754543736
66.0402038030498;64.69443788216685;65.79158931302143;64.6330555437401;66.0402038030498;64.69443788216685;65.79158931302143;64.6330555437401;66.0402038030498;64.69443788216685;451.6959813967174;555.8376372046728;-0.6650530641460222;0.2875767496031045;66.08661043643951;64.55568528175354;65.99330455064774;64.8897060751915;False;False;False;False;0.16078189659309475;0.14658756135239712;0.19016770450941692;0.194937117987077
65.94876386853679;64.69104572508337;65.8465686174079;64.64561327260932;65.94876386853679;64.69104572508337;65.8465686174079;64.64561327260932;65.94876386853679;64.69104572508337;451.7411092774981;555.9318433318127;-0.5736131296330029;0.2909689066865866;65.9937881231308;64.65443992614746;65.86511164903641;64.87716019153595;False;False;False;False;0.16078011752599847;0.14608618106101698;0.1886616214460077;0.19559898825764954
65.90991120748879;64.84592518678413;65.98697114009653;64.92748898341233;65.90991120748879;64.84592518678413;65.98697114009653;64.92748898341233;65.90991120748879;64.84592518678413;451.4701462083215;555.933066903291;-0.5347604685850058;0.1360894449858278;65.89695906639099;64.65619611740112;65.84378987550735;64.79729533195496;False;False;False;False;0.15948358344196473;0.14665905542043772;0.18893828896037934;0.19497358526588307
66.08863482455476;64.87628757144309;66.15786857921381;64.85790221227842;66.08863482455476;64.87628757144309;66.15786857921381;64.85790221227842;66.08863482455476;64.87628757144309;451.4275666983351;555.5043182733477;-0.7134840856509754;0.1057270603268705;65.86048698425293;64.82895624637604;65.86137443780899;64.76238191127777;False;False;False;False;0.15922483722830125;0.14546486098823527;0.18915955716163196;0.19498181043380322
66.09510179046995;65.08287800198352;66.47758448075662;64.81113100601537;66.09510179046995;65.08287800198352;66.47758448075662;64.81113100601537;66.09510179046995;65.08287800198352;451.0284827786311;555.3962531300972;-0.71995105156617;-0.1008633702135597;66.05062925815582;64.84739625453949;65.92471361160278;64.83395278453827;False;False;False;False;0.1590303793292481;0.1471673375167293;0.1961304616696521;0.19493831792035304
65.8241224508556;65.08567234084633;66.88248596646845;65.02509491104523;65.8241224508556;65.08567234084633;66.88248596646845;65.02509491104523;65.8241224508556;65.08567234084633;451.0094456515437;555.8422183357837;-0.4489717119518133;-0.1036577090763728;66.08077490329742;65.03219735622406;66.08672171831131;64.91986930370331;False;False;False;False;0.1603180241730698;0.14599703034920758;0.2102869938756885;0.19500770143500445
65.85404853507085;65.16129231225997;66.73948030386323;64.77959112777538;65.85404853507085;65.16129231225997;66.73948030386323;64.77959112777538;65.85404853507085;65.16129231225997;450.84438468083954;555.7225032724264;-0.4788977961670611;-0.1792776804900171;65.8268324136734;65.05233824253082;66.33474797010422;64.91673529148102;False;False;False;False;0.15997614908795155;0.1448437415522339;0.2137146261765859;0.19541822523230623
65.61207935918482;64.90717004968447;66.87656405083916;64.7758828521776;65.61207935918482;64.90717004968447;66.87656405083916;64.7758828521776;65.61207935918482;64.90717004968447;451.32872551525855;556.1425885847095;-0.2369286202810343;0.0748445820854897;65.838019490242;65.11336934566498;66.49663478136063;64.92409497499466;False;False;False;False;0.16134620812685732;0.14612539399565758;0.21644933372947125;0.1959208072517244
65.54580204851901;64.90726209903274;66.69830986922084;64.64667522127102;65.54580204851901;64.90726209903274;66.69830986922084;64.64667522127102;65.54580204851901;64.90726209903274;451.33852069417344;556.243552723337;-0.1706513096152235;0.0747525327372216;65.63022541999817;64.88448715209961;66.6539517045021;64.90833640098572;False;False;False;False;0.15942779562331724;0.14608583119726926;0.21648948131905155;0.19663845126588908
65.59656776209145;65.07659167664039;66.84962879267889;64.49231106520982;65.59656776209145;65.07659167664039;66.84962879267889;64.49231106520982;65.59656776209145;65.07659167664039;451.0098285433231;556.1192677882434;-0.2214170231876693;-0.0945770448704337;65.54359126091003;64.87773203849792;66.69267117977142;64.78721141815186;False;False;False;False;0.1595049197334022;0.14585526562080534;0.21697912179707068;0.19851869927108778
65.50029487187263;64.92883144252126;66.76476853798171;64.53626633753863;65.50029487187263;64.92883144252126;66.76476853798171;64.53626633753863;65.50029487187263;64.92883144252126;451.292738738912;556.2822912989227;-0.1251441329688418;0.0531831892486991;65.61825358867645;65.02972900867462;66.69287115335464;64.72665876150131;False;False;False;False;0.15983444115620915;0.1451844212459955;0.21694562019405172;0.19892407756208924
65.51963390686882;65.10185464170469;66.8031910725846;64.55784058918206;65.51963390686882;65.10185464170469;66.8031910725846;64.55784058918206;65.51963390686882;65.10185464170469;450.95378343244494;556.2269273445345;-0.1444831679650349;-0.1198400099347338;65.51796054840088;64.87347292900085;66.69675916433334;64.63164836168289;False;False;False;False;0.1593375920720048;0.1466147830222808;0.21708569325839888;0.19902350777201977
65.73593158087856;65.06712270537327;66.66995118320615;64.63748611480594;65.73593158087856;65.06712270537327;66.66995118320615;64.63748611480594;65.73593158087856;65.06712270537327;451.0072686371165;555.7750675741197;-0.3607808419747726;-0.0851080736033083;65.52983558177948;65.05906569957733;66.68214797973633;64.58735257387161;False;False;False;False;0.16053750260238922;0.14654537255121616;0.2169211670035201;0.19908049891634289
65.63070519341005;65.02180414104065;66.90537354628681;64.5678294452356;65.63070519341005;65.02180414104065;66.90537354628681;64.5678294452356;65.63070519341005;65.02180414104065;451.0865580226346;555.9374162367934;-0.2555544545062673;-0.0397895092706903;65.73880851268768;65.00655281543732;66.66998893022537;64.6198433637619;False;False;False;False;0.16081016931877273;0.14654542106577959;0.21797238243591194;0.19888460385485146
65.82461054335701;65.13997839790026;66.96266232802057;64.85541928156367;65.82461054335701;65.13997839790026;66.96266232802057;64.85541928156367;65.82461054335701;65.13997839790026;450.8449042410126;555.515531609632;-0.4494598044532267;-0.1579637661303081;65.6442403793335;64.98101544380188;66.68750792741776;64.64425653219223;False;False;False;False;0.16122006671581257;0.1469321025330224;0.21891887405313207;0.19833560112927276
65.98123840529287;65.02591447143216;67.17053622307101;64.55565072130621;65.98123840529287;65.02591447143216;67.17053622307101;64.55565072130621;65.98123840529287;65.02591447143216;451.0519702584648;555.1423479118332;-0.6060876663890866;-0.0438998396622025;65.81710076332092;65.09310400485992;66.73381328582764;64.70946103334427;False;False;False;False;0.15876026862124137;0.1469786918411262;0.218530118951332;0.1985316496647023
66.10875764380978;65.09901070448676;67.2071927790137;64.5478304926498;66.10875764380978;65.09901070448676;67.2071927790137;64.5478304926498;66.10875764380978;65.09901070448676;450.8999244804006;554.8064977459475;-0.7336069049059972;-0.1169960727168017;65.98848152160645;64.97199249267578;66.81440263986588;64.71497178077698;False;False;False;False;0.1587939141128516;0.14707061659596624;0.21789461950998648;0.19915242335093777
65.99605942197276;65.16260007889424;67.3695606234186;64.7892532820436;65.99605942197276;65.16260007889424;67.3695606234186;64.7892532820436;65.99605942197276;65.16260007889424;450.7571462552234;554.934079935634;-0.6209086830689756;-0.1805854471242867;66.09710609912872;65.01997315883636;66.9225686788559;64.73136633634567;False;False;False;False;0.15671616337299163;0.14764836120091007;0.2164709934481059;0.19920893613470458
66.19032547119758;65.16382218153731;66.90133133662466;64.76223640595391;66.19032547119758;65.16382218153731;66.90133133662466;64.76223640595391;66.19032547119758;65.16382218153731;450.7306239903207;554.4627600127752;-0.8151747322937979;-0.1818075497673561;65.99585545063019;65.11453437805176;67.02370285987854;64.65819895267487;False;False;False;False;0.15766370817342112;0.14770349155814666;0.21622329297956955;0.1994481463312287
66.24775041617139;65.28892490589601;66.69564265583703;64.73560296654958;66.24775041617139;65.28892490589601;66.69564265583703;64.73560296654958;66.24775041617139;65.28892490589601;450.4561775349677;554.2392201585218;-0.8725996772676012;-0.3069102741260536;66.16293215751648;65.10347521305084;66.98332130908966;64.72784221172333;False;False;False;False;0.15778090809814083;0.1461994500510962;0.21791729132686244;0.19943720988744335
66.34427938854385;65.31192602017232;66.4229300049713;64.7178452276433;66.34427938854385;65.31192602017232;66.4229300049713;64.7178452276433;66.34427938854385;65.31192602017232;450.3692539365316;553.9298155901412;-0.9691286496400692;-0.3299113884023654;66.19424629211426;65.20318746566772;66.86168164014816;64.80397641658783;False;False;False;False;0.15717980530761078;0.14654905561906117;0.22183024335522833;0.19953264240031185
66.31910314187323;65.31095935942143;66.24606128423939;64.74649197261182;66.31910314187323;65.31095935942143;66.24606128423939;64.74649197261182;66.31910314187323;65.31095935942143;450.327199072913;553.8509509301971;-0.943952402969444;-0.328944727651475;66.27178144454956;65.2232038974762;66.66696637868881;64.78305786848068;False;False;False;False;0.15507969790677828;0.1467248829955043;0.22538982558178308;0.19950227392811953
66.47328068136706;65.07369278649529;66.27633461138404;64.43948889438921;66.47328068136706;65.07369278649529;66.27633461138404;64.43948889438921;66.47328068136706;65.07369278649529;450.7578729217451;553.4167355308135;-1.0981299424632738;-0.0916781547253293;66.28872799873352;65.22292041778564;66.41659289598465;64.75892663002014;False;False;False;False;0.15605890016562907;0.1469750645980348;0.2257473087644507;0.20169119250204934
66.2293348238125;65.06587412017836;66.278693223841;64.39234652962024;66.2293348238125;65.06587412017836;66.278693223841;64.39234652962024;66.2293348238125;65.06587412017836;450.7612865004156;553.7582099202609;-0.8541840849087095;-0.0838594884084074;66.41544687747955;64.99395525455475;66.27391666173935;64.69775766134262;False;False;False;False;0.15686931869113185;0.1469808969388485;0.22521495052604457;0.2025991919071268
66.26248649750328;65.07535991104152;66.2496674464566;64.62435627050691;66.26248649750328;65.07535991104152;66.2496674464566;64.62435627050691;66.26248649750328;65.07535991104152;450.7311336535681;553.5780153615582;-0.887335758599491;-0.0933452792715598;66.18290364742279;64.97176778316498;66.18807226419449;64.61605370044708;False;False;False;False;0.15686039718150535;0.14658547831131338;0.22510195286569704;0.20151312261600526
66.35069777231756;65.13999346520997;65.87535981508528;64.35300973786201;66.35069777231756;65.13999346520997;65.87535981508528;64.35300973786201;66.35069777231756;65.13999346520997;450.589420507995;553.2832813774497;-0.9755470334137756;-0.157978833440012;66.21994268894196;65.0066876411438;66.14938229322433;64.52618032693863;False;False;False;False;0.15675844851651513;0.146848872684613;0.22652391855251117;0.20127118683343492
66.71300429802785;65.03559679704122;65.63736278812698;64.46841056700282;66.71300429802785;65.03559679704122;65.63736278812698;64.46841056700282;66.71300429802785;65.03559679704122;450.7771499998738;552.4285953882406;-1.3378535591240706;-0.0535821652712655;66.28663992881775;65.04064297676086;66.05338841676712;64.52415764331818;False;False;False;False;0.16026861571355597;0.1465031530849154;0.22971046771857973;0.20107546788759934
66.39582839435059;65.0957959635206;65.82506160875378;64.20312027035877;66.39582839435059;65.0957959635206;65.82506160875378;64.20312027035877;66.39582839435059;65.0957959635206;450.6496073782122;552.8845667210453;-1.0206776554468036;-0.1137813317506442;66.58357453346252;64.92927694320679;65.88545650243759;64.5688009262085;False;False;False;False;0.16062462287379056;0.1472364229542886;0.2295605895829671;0.2039625002630164
66.16013630637241;64.89960733204981;65.77459834362647;64.3032099058912;66.16013630637241;64.89960733204981;65.77459834362647;64.3032099058912;66.16013630637241;64.89960733204981;451.0268137969204;553.2198605429421;-0.7849855674686239;0.0824072997201454;66.31565165519714;64.97610640525818;65.78106373548508;64.43094372749329;False;False;False;False;0.16065279205891175;0.14715921712356037;0.22935552839868503;0.20398521972126452
66.08250066671891;64.8049826125797;65.762816699558;64.16703511291382;66.08250066671891;64.8049826125797;65.762816699558;64.16703511291382;66.08250066671891;64.8049826125797;451.2270508758233;553.27046707992;-0.7073499278151303;0.1770320191902499;66.0898185968399;64.80331861972809;65.6889545917511;64.41964358091354;False;False;False;False;0.16063600145173373;0.14696611300452736;0.22916459234608408;0.20460663280048902
66.08318579383327;64.89001289714082;65.81623822139906;64.22942797561694;66.08318579383327;64.89001289714082;65.81623822139906;64.22942797561694;66.08318579383327;64.89001289714082;451.08059457592645;553.1747835019826;-0.708035054929482;0.0920017346291359;66.01706111431122;64.71927034854889;65.67475646734238;64.32328253984451;False;False;False;False;0.15803672848061415;0.14695686147116602;0.229524627095805;0.20479111619422316
65.9234515327073;64.89895513020139;65.73214926056707;64.15107699312102;65.9234515327073;64.89895513020139;65.73214926056707;64.15107699312102;65.9234515327073;64.89895513020139;451.0749770077559;553.3998473502439;-0.54830079380352;0.0830595015685702;66.04096329212189;64.79913902282715;65.7129219174385;64.33466792106628;False;False;False;False;0.15794891565843586;0.14713196851077284;0.229403398312799;0.20546385717217525
65.99714863088585;64.87969527145128;65.73595873904546;64.09294427956696;65.99714863088585;64.87969527145128;65.73595873904546;64.09294427956696;65.99714863088585;64.87969527145128;451.1245713254653;553.1793463813797;-0.6219978919820619;0.102319360318674;65.88156127929688;64.79818141460419;65.69813698530197;64.27847534418106;False;False;False;False;0.15820313842527894;0.14733642873243682;0.2276418967153422;0.20620009233740832
65.92266665717864;64.65073455203407;65.647202432914;64.08945365699796;65.92266665717864;64.65073455203407;65.647202432914;64.08945365699796;65.92266665717864;64.65073455203407;451.5961353456755;553.2453772765298;-0.5475159182748541;0.3312800797358903;65.93068969249725;64.7932516336441;65.6888136267662;64.26867663860321;False;False;False;False;0.15698859140665897;0.14658371932469652;0.22767255140193568;0.20402133512374263
65.8999299905817;64.58512961348073;65.70405351066724;63.84380656634415;65.8999299905817;64.58512961348073;65.70405351066724;63.84380656634415;65.8999299905817;64.58512961348073;451.7715159000803;553.217848487287;-0.5247792516779128;0.3968850182892254;65.87850868701935;64.58510839939117;65.66329896450043;64.22744929790497;False;False;False;False;0.1568447000796122;0.14657401116103388;0.22722487595316812;0.20375206208589125
65.66302484333731;64.1143906837567;65.60792889518393;63.66510493583743;65.66302484333731;64.1143906837567;65.60792889518393;63.66510493583743;65.66302484333731;64.1143906837567;452.76591176196695;553.6216882148855;-0.2878741044335271;0.8676239480132608;65.8781111240387;64.49570858478546;65.64040690660477;64.17101085186005;False;False;False;False;0.15792825924335765;0.15026150120221407;0.22632696312094988;0.20714155830135086
65.70345658160097;64.00616555991805;65.77880192374073;63.91969094310814;65.70345658160097;64.00616555991805;65.77880192374073;63.91969094310814;65.70345658160097;64.00616555991805;453.0980452027127;553.5024415244337;-0.3283058426971905;0.9758490718519112;65.61606872081757;64.07100069522858;65.61348915100098;64.06338572502136;False;False;False;False;0.15811230744167523;0.14916333757554337;0.22562332522477951;0.20754155296438542
65.70375041430906;63.7212594838687;65.5459687394526;64.0101744747874;65.70375041430906;63.7212594838687;65.5459687394526;64.0101744747874;65.70375041430906;63.7212594838687;453.7979705643916;553.458079746658;-0.3285996754052718;1.260755147901257;65.70364320278168;63.97823369503021;65.63324064016342;63.96771311759949;False;False;False;False;0.15784528163650682;0.15100298580234703;0.22576027707364332;0.20698994468246987
65.90439450739643;63.76501196598733;65.41762377530203;64.40264051639467;65.90439450739643;63.76501196598733;65.41762377530203;64.40264051639467;65.90439450739643;63.76501196598733;453.8785662865412;553.0129782704291;-0.5292437684926483;1.2170026657826227;65.69026780128479;63.71701753139496;65.60429692268372;64.00602281093597;False;False;False;False;0.15855633825044674;0.15063668849557868;0.22566648545805695;0.20967900996784788
65.98335426078707;63.79508861225224;65.15825488087711;64.44540089695649;65.98335426078707;63.79508861225224;65.15825488087711;64.44540089695649;65.98335426078707;63.79508861225224;453.9806800161157;552.7844929278489;-0.6082035218832829;1.1869260195177205;65.86370551586151;63.75566756725311;65.5290412902832;64.21665400266647;False;False;False;False;0.15896281203053855;0.15054413767937494;0.22838697714193068;0.2087963876495857
66.15093912401458;63.79887734834912;65.27418485709312;64.30391818347424;66.15093912401458;63.79887734834912;65.27418485709312;64.30391818347424;66.15093912401458;63.79887734834912;454.13135934652433;552.368229398476;-0.7757883851108005;1.183137283420841;65.92884707450867;63.779943108558655;65.41503340005875;64.39587622880936;False;False;False;False;0.16035624964714548;0.14974678678857542;0.22869001762772836;0.2078573832286527
66.1410197800171;63.80098567018395;65.21784011194268;64.48773433295035;66.1410197800171;63.80098567018395;65.21784011194268;64.48773433295035;66.1410197800171;63.80098567018395;454.2848943406441;552.2846296351229;-0.7658690411133193;1.1810289615860086;66.10723185539246;63.7951887845993;65.29766201972961;64.54371571540833;False;False;False;False;0.16036170911422196;0.14856947609514562;0.2288165628443229;0.20778088023201072
65.9675710186537;63.929647014298176;64.9728462153351;64.68108424989227;65.9675710186537;63.929647014298176;64.9728462153351;64.68108424989227;65.9675710186537;63.929647014298176;454.1850421806271;552.5294112857013;-0.5924202797499163;1.0523676174717806;66.08214735984802;63.8038694858551;65.22453397512436;64.56636518239975;False;False;False;False;0.15822931094091916;0.14837456393460696;0.22977473997513795;0.20806762364391423
66.01005222637669;63.844099559203;65.00709044479026;64.75133642372899;66.01005222637669;63.844099559203;65.00709044479026;64.75133642372899;66.01005222637669;63.844099559203;454.496452773147;552.3654594996219;-0.6349014874729022;1.137915072566955;65.91496348381042;63.91961562633514;65.1276484131813;64.5997279882431;False;False;False;False;0.15848015192175585;0.14850098478786938;0.22999057240325738;0.20852967987439178
65.72051525467104;63.88656767403496;64.97954166577905;64.93007863456776;65.72051525467104;63.88656767403496;64.97954166577905;64.93007863456776;65.72051525467104;63.88656767403496;454.5632385531586;552.8598799113702;-0.3453645157672582;1.0954469577349997;65.95519685745239;63.8412127494812;65.08372962474823;64.75595980882645;False;False;False;False;0.15994085430284607;0.14653876087195045;0.2300799074708081;0.20873187531102677
65.46469398959691;64.11029669226197;64.9194063640953;65.13227331000809;65.46469398959691;64.11029669226197;64.9194063640953;65.13227331000809;65.46469398959691;64.11029669226197;454.2618401110693;553.3254738394162;-0.0895432506931257;0.8717179395079881;65.66328883171082;63.909503698349;65.02516359090805;64.88456577062607;False;False;False;False;0.16104691827194376;0.14721987131112638;0.23005926280884084;0.20831846326132944
65.33248636934009;64.00900486130075;65.08598023014856;65.03868874385196;65.33248636934009;64.00900486130075;65.08598023014856;65.03868874385196;65.33248636934009;64.00900486130075;454.5806528315928;553.5779499798374;0.0426643695636954;0.9730097704692042;65.42520046234131;64.13562715053558;64.97168213129044;65.01094907522202;False;False;False;False;0.16117171094477264;0.14650138086567874;0.2290981742630184;0.20547769183949374
65.43344750447672;64.0851734903056;65.149109348332;64.84450024249358;65.43344750447672;64.0851734903056;65.149109348332;64.84450024249358;65.43344750447672;64.0851734903056;454.55805020964567;553.3817162921727;-0.0582967655729333;0.8968411414643498;65.31336772441864;64.03006553649902;65.00689715147018;65.13741433620453;False;False;False;False;0.16157781645778316;0.14624536419948694;0.22948295847266026;0.20714206712204003
65.56573494484633;64.15888395309614;65.27829925078728;64.85029315317239;65.56573494484633;64.15888395309614;65.27829925078728;64.85029315317239;65.56573494484633;64.15888395309614;454.5302081029265;553.1093685093571;-0.1905842059425424;0.8231306786738202;65.37227964401245;64.0978102684021;65.04396766424179;65.14636725187302;False;False;False;False;0.1610962040259845;0.1458766666919104;0.23056568786108236;0.20905679418359596
65.27625335046051;64.00068233385966;65.26669164535078;64.84182703899825;65.27625335046051;64.00068233385966;65.26669164535078;64.84182703899825;65.27625335046051;64.00068233385966;454.956362098556;553.6629204706697;0.0988973884432766;0.9813322979102992;65.52827298641205;64.1479481458664;65.11327654123306;65.05234032869339;False;False;False;False;0.1625532973676102;0.14557114407678237;0.23079862572175536;0.20926438513559942
65.21411712992304;64.18464406674751;65.42021117497282;64.8581749995809;65.21411712992304;64.18464406674751;65.42021117497282;64.8581749995809;65.21411712992304;64.18464406674751;454.7192829391683;553.8003792302038;0.1610336089807447;0.7973705650224474;65.26494801044464;64.02362155914307;65.19141048192978;64.98361825942993;False;False;False;False;0.16242615360078372;0.14184955056928972;0.23172089508892413;0.20960590974378163
65.38831369599347;64.31447547978634;65.42400682903975;64.92479612190962;65.38831369599347;64.31447547978634;65.42400682903975;64.92479612190962;65.38831369599347;64.31447547978634;454.565936188427;553.4734572459271;-0.0131629570896905;0.6675391519836182;65.21051299571991;64.18461728096008;65.2702721953392;64.98211681842804;False;False;False;False;0.16231794313206893;0.1422230962577711;0.23071220853157143;0.20965408463762808
65.30938048041826;64.33889194113303;65.44027269032959;65.05433570359061;65.30938048041826;64.33889194113303;65.44027269032959;65.05433570359061;65.30938048041826;64.33889194113303;454.6061084859981;553.6295686161322;0.0657702584855286;0.643122690636929;65.37307822704315;64.31597208976746;65.32989054918289;64.99484300613403;False;False;False;False;0.16235135876511791;0.1421443992749153;0.22873695255360443;0.2092259456907027
65.05295769580131;64.59438373399097;65.20301160027952;65.30211256642927;65.05295769580131;64.59438373399097;65.20301160027952;65.30211256642927;65.05295769580131;64.59438373399097;454.1808745923672;554.1511835531642;0.3221930431024731;0.3876308977789904;65.30766701698303;64.34966123104095;65.36682993173599;65.04594773054123;False;False;False;False;0.16403501535023574;0.14384193909319914;0.2289528106724799;0.20835191708835796
65.05222185209594;64.42840885752676;65.36131157175188;65.61203650292713;65.05222185209594;64.42840885752676;65.36131157175188;65.61203650292713;65.05222185209594;64.42840885752676;454.56450846499945;554.1956143129886;0.3229288868078441;0.553605774243195;65.04321503639221;64.6018613576889;65.34276098012924;65.15753954648972;False;False;False;False;0.16236890396438874;0.14475243220750736;0.22823857842809372;0.2115608917387135
65.25565225694812;64.49971934767305;65.32525188729358;65.42006480354888;65.25565225694812;64.49971934767305;65.32525188729358;65.42006480354888;65.25565225694812;64.49971934767305;454.4957015879393;553.8318106881919;0.1194984819556594;0.4822952840969066;65.06596601009369;64.45925033092499;65.33442437648773;65.34422963857651;False;False;False;False;0.16313591672049313;0.1447887503419863;0.22762941648821863;0.21167659274088674
65.15102554899869;64.63653261018544;65.30978057040906;65.40461183301564;65.15102554899869;64.63653261018544;65.30978057040906;65.40461183301564;65.15102554899869;64.63653261018544;454.2863811007941;554.0569972350182;0.2241251899050951;0.345482021584516;65.252654671669;64.4988579750061;65.31891822814941;65.51681011915207;False;False;False;False;0.16280059942067074;0.14319057548657368;0.2269217516902302;0.21052870522973707
65.05726258703983;64.88723511559652;65.11681614786167;65.3502388310891;65.05726258703983;64.88723511559652;65.11681614786167;65.3502388310891;65.05726258703983;64.88723511559652;453.8310403595166;554.2744065175899;0.3178881518639542;0.0947795161734319;65.10845339298248;64.63298535346985;65.29615074396133;65.5619877576828;False;False;False;False;0.16279265950266172;0.14517516162357288;0.2269818683214075;0.20389329524380215
65.35196571054283;64.71953392854493;65.0827021266381;65.85984282544072;65.35196571054283;64.71953392854493;65.0827021266381;65.85984282544072;65.35196571054283;64.71953392854493;454.1790800024429;553.7273853574991;0.023185028360956;0.2624807032250231;65.04595649242401;64.86632370948792;65.2697542309761;65.47020643949509;False;False;False;False;0.16464147274319543;0.14518093435326088;0.22611816683901026;0.20012375621087788
65.42971469994747;64.76848067235125;65.02176463624087;65.71172389022324;65.42971469994747;64.76848067235125;65.02176463624087;65.71172389022324;65.42971469994747;64.76848067235125;454.1161839419269;553.5749787158046;-0.0545639610436836;0.2135339594187115;65.30403363704681;64.72537553310394;65.20125836133957;65.55648028850555;False;False;False;False;0.16478792472577303;0.143254736636088;0.22561937612608027;0.19690732836434732
65.22691479083342;64.80677542380944;64.93218832295982;65.70691657292737;65.22691479083342;64.80677542380944;64.93218832295982;65.70691657292737;65.22691479083342;64.80677542380944;454.0680656335997;553.9733033392268;0.148235948070365;0.1752392079605158;65.38016867637634;64.76887583732605;65.12376695871353;65.66077142953873;False;False;False;False;0.1647670542911312;0.1429163880468922;0.22604465349262393;0.19618106913507413
65.32770453731605;64.70068081202409;64.82779768785971;66.01284095041109;65.32770453731605;64.70068081202409;64.82779768785971;66.01284095041109;65.32770453731605;64.70068081202409;454.30362008489845;553.7914886393377;0.0474462015877321;0.2813338197458677;65.20369565486908;64.79859280586243;65.04427582025528;65.82350730895996;False;False;False;False;0.1646534313913304;0.14063455621204918;0.2267366864897724;0.1969566716998134
65.47880527174092;64.72499544679883;64.66732350284741;66.0569407451667;65.47880527174092;64.72499544679883;64.66732350284741;66.0569407451667;65.47880527174092;64.72499544679883;454.2925019913151;553.4956133306996;-0.1036545328371403;0.2570191849711278;65.29242825508118;64.70501339435577;64.9754324555397;65.81057459115982;False;False;False;False;0.1652669123632716;0.13940759676193598;0.2280934912700224;0.19833061425551665
65.38449182614082;64.70161969542796;64.623314604474;65.9573440317102;65.38449182614082;64.70161969542796;64.623314604474;65.9573440317102;65.38449182614082;64.70161969542796;454.3735227187197;553.6704196175215;-0.0093410872370327;0.2803949363419917;65.41152083873749;64.72909188270569;64.87566202878952;65.906483232975;False;False;False;False;0.16442928108060176;0.13843239802037058;0.22916931807045604;0.19719502300897243
65.37244848560258;64.68813789942871;64.68132669209318;66.05698360313224;65.37244848560258;64.68813789942871;64.68132669209318;66.05698360313224;65.37244848560258;64.68813789942871;454.4378723022304;553.6932608202997;0.0027022533012086;0.2938767323412463;65.33205318450928;64.69876992702484;64.78962749242783;66.0322043299675;False;False;False;False;0.16447071168247987;0.13708632503724158;0.22864164338618773;0.19627177428774853
65.46351585433679;64.58043537695262;64.73349845695907;66.35098115987837;65.46351585433679;64.58043537695262;64.73349845695907;66.35098115987837;65.46351585433679;64.58043537695262;454.6924609114947;553.5114863832714;-0.0883651154330067;0.4015792548173351;65.3124930858612;64.70447754859924;64.73883092403412;66.04196697473526;False;False;False;False;0.16509173330261495;0.1371100023006421;0.22692863467980337;0.19824125876139978
65.47343097031083;64.64515147287567;64.8355332260185;66.18858535705691;65.47343097031083;64.64515147287567;64.8355332260185;66.18858535705691;65.47343097031083;64.64515147287567;454.6165726202909;553.4798741359323;-0.0982802314070454;0.3368631588942889;65.4049973487854;64.61242961883545;64.726422727108;66.09772026538849;False;False;False;False;0.16257846771670165;0.1370995100748683;0.226673752877754;0.19790703781644917
65.6720118108251;64.69367476146272;65.22931416173806;66.44129881385832;65.6720118108251;64.69367476146272;65.22931416173806;66.44129881385832;65.6720118108251;64.69367476146272;454.5644411309694;553.0696084240494;-0.2968610719213131;0.2883398703072402;65.44691777229309;64.65808367729187;64.77306246757507;66.20442420244217;False;False;False;False;0.16197140197720347;0.13451029243858656;0.23073442087761012;0.19886041903230656
65.84608241399413;64.59170301496572;65.1792839118367;66.54780085230547;65.84608241399413;64.59170301496572;65.1792839118367;66.54780085230547;65.84608241399413;64.59170301496572;454.8068299400044;552.6818857414552;-0.4709316750903412;0.3903116168042402;65.65758812427521;64.71883475780487;64.90682512521744;66.30997091531754;False;False;False;False;0.16291360320922224;0.13488143517058232;0.23156042830080487;0.20013860815905474
65.950365168227;64.78076765449725;65.41559646778447;66.87867867682645;65.950365168227;64.78076765449725;65.41559646778447;66.87867867682645;65.950365168227;64.78076765449725;454.4807422098485;552.4105293429774;-0.5752144293232107;0.201246977272703;65.78228116035461;64.64093661308289;65.01102775335312;66.35574519634247;False;False;False;False;0.16367448371525353;0.13455425982970695;0.23399637642073956;0.2062557978704036
66.15111232385412;64.87080949019247;65.5146888517532;66.91116354074025;66.15111232385412;64.87080949019247;65.5146888517532;66.91116354074025;66.15111232385412;64.87080949019247;454.32749146876114;551.93233977448;-0.7759615849503376;0.1112051415774857;65.9269767999649;64.81333029270172;65.15590041875839;66.55233889818192;False;False;False;False;0.1646160511076989;0.13382437916817327;0.23456391581741845;0.2089427187062203
66.06553988143351;65.08202319723992;65.48740867220667;66.7022674114652;66.06553988143351;65.08202319723992;65.48740867220667;66.7022674114652;66.06553988143351;65.08202319723992;453.91989140687656;552.0000231146612;-0.6903891425297246;-0.1000085654699631;66.10661995410919;64.88828301429749;65.29234141111374;66.71572387218475;False;False;False;False;0.16391425256782774;0.13472284745781946;0.2344237896447385;0.20890283292372938
65.90786521421587;65.23486287889477;65.40295870253811;66.71093659912576;65.90786521421587;65.23486287889477;65.40295870253811;66.71093659912576;65.90786521421587;65.23486287889477;453.60087756817086;552.2233205634258;-0.5327144753120905;-0.2528482471248168;66.01733422279358;65.08946025371552;65.34692764282227;66.81474030017853;False;False;False;False;0.16418118239529833;0.1352838144325396;0.23314250214569737;0.20848610861857775
65.6708093448618;65.44328328729308;65.47161368444641;66.85563839280354;65.6708093448618;65.44328328729308;65.47161368444641;66.85563839280354;65.6708093448618;65.44328328729308;453.1503236517576;552.6264037054257;-0.2956586059580104;-0.4612686555231278;65.8515055179596;65.22382616996765;65.391665995121;66.747385263443;False;False;False;False;0.16499713969454954;0.13688566482017558;0.23322786759062894;0.20653252251849033
65.56703707287438;65.6069842187223;65.48769542549348;66.74611902132624;65.56703707287438;65.6069842187223;65.48769542549348;66.74611902132624;65.56703707287438;65.6069842187223;452.7614193014961;552.7945271019395;-0.1918863339706007;-0.6249695869523464;65.64437520503998;65.44619870185852;65.40414959192276;66.67618811130524;False;False;False;False;0.16411213106444864;0.1370869813979149;0.23238070334636968;0.20621448460929567
65.38649481028557;65.38437168043299;65.52747837082981;66.73732494540975;65.38649481028557;65.38437168043299;65.52747837082981;66.73732494540975;65.38649481028557;65.38437168043299;453.1233150998144;553.1300267825877;-0.0113440713817851;-0.4023570486630348;65.52671039104462;65.57582151889801;65.40751963853836;66.69210404157639;False;False;False;False;0.1643373374085136;0.13654982424706308;0.23265660745803673;0.2054084359961176
65.35253276692997;65.40927699650247;65.57693441701467;66.6810034389827;65.35253276692997;65.40927699650247;65.57693441701467;66.6810034389827;65.35253276692997;65.40927699650247;453.0198568611871;553.1964383264481;0.0226179719738155;-0.4272623647325133;65.36340880393982;65.39465725421906;65.42277008295059;66.71988397836685;False;False;False;False;0.16247373248452293;0.13653072161481733;0.23217010787790612;0.2037271548458132
65.50547473197652;65.51916348598773;65.54186444654543;66.54631993020124;65.50547473197652;65.51916348598773;65.54186444654543;66.54631993020124;65.50547473197652;65.51916348598773;452.7431155669189;552.8935701259514;-0.1303239930727358;-0.5371488542177758;65.31481277942657;65.3950582742691;65.46455800533295;66.6574627161026;False;False;False;False;0.16096469456825394;0.1341433348008195;0.23187273908557526;0.20255293094837706
65.72820808975538;65.38378858310351;65.2621478544957;66.74978018936834;65.72820808975538;65.38378858310351;65.2621478544957;66.74978018936834;65.72820808975538;65.38378858310351;452.9422455254583;552.4307268779841;-0.3530573508515999;-0.4017739513335527;65.48236310482025;65.48810184001923;65.48163115978241;66.612668633461;False;False;False;False;0.1623858267583494;0.13172241001576984;0.2328119810402494;0.20180401690544905
65.80750613772494;65.68006843867099;65.17583790269617;66.56694985869541;65.80750613772494;65.68006843867099;65.17583790269617;66.56694985869541;65.80750613772494;65.68006843867099;452.2961159541455;552.225056468598;-0.4323553988211586;-0.6980538069010294;65.66653847694397;65.3861597776413;65.41387617588043;66.57976478338242;False;False;False;False;0.16016245459953965;0.13442039172282644;0.233849367558427;0.20027212348864096
65.86268837080057;65.70158707354065;65.25232822055673;66.54507185883172;65.86268837080057;65.70158707354065;65.25232822055673;66.54507185883172;65.86268837080057;65.70158707354065;452.1600048434861;552.0570446159373;-0.4875376318967852;-0.7195724417706941;65.72282648086548;65.63703238964081;65.3205344080925;66.55401736497879;False;False;False;False;0.15942873879984545;0.1339514478049684;0.23359085114583236;0.19436430839091495
65.873742491026;65.80623274043741;65.24019738446681;66.66817896952827;65.873742491026;65.80623274043741;65.24019738446681;66.66817896952827;65.873742491026;65.80623274043741;451.8547705174564;551.9699313579002;-0.4985917521222092;-0.824218108667452;65.78228116035461;65.66018784046173;65.2443116903305;66.56853020191193;False;False;False;False;0.15936110437773388;0.13459387530310718;0.23359110583266293;0.19212427937066032
65.91709795442392;65.82111562704353;65.1559092948366;66.86021411060725;65.91709795442392;65.82111562704353;65.1559092948366;66.86021411060725;65.91709795442392;65.82111562704353;451.71510899642186;551.8167415308214;-0.541947215520139;-0.8391009952735686;65.79279410839081;65.74486184120178;65.18483430147171;66.5063089132309;False;False;False;False;0.15882952553675556;0.13367345161318894;0.23307826837377085;0.19433668888124883
65.79970063798262;65.81670620931973;65.13696118733532;66.75886838021228;65.79970063798262;65.81670620931973;65.13696118733532;66.75886838021228;65.79970063798262;65.81670620931973;451.6120476991663;551.979276534968;-0.4245498990788405;-0.8346915775497763;65.84535193443298;65.77677404880524;65.1544514298439;66.56190484762192;False;False;False;False;0.15849942387377364;0.1336965155449433;0.23303066656119442;0.1946209873013619
65.66837980401984;65.75724662595483;65.1323417127396;67.01855693650045;65.66837980401984;65.75724662595483;65.1323417127396;67.01855693650045;65.66837980401984;65.75724662595483;451.6196746555561;552.1853115496831;-0.2932290651160514;-0.7752319941848782;65.72933268547058;65.77488994598389;65.14501333236694;66.64650022983551;False;False;False;False;0.15806902982487034;0.13176031771905436;0.23212236056302535;0.19770725672387288
65.45843334720274;65.7079840479841;65.0968784432292;66.85699702355689;65.45843334720274;65.7079840479841;65.0968784432292;66.85699702355689;65.45843334720274;65.7079840479841;451.61483554560624;552.5661072546351;-0.0832826082989584;-0.7259694162141415;65.59078025817871;65.73785781860352;65.12644201517105;66.74784749746323;False;False;False;False;0.15696356737721798;0.13178142217479114;0.23155400380111055;0.1975192066226082
65.39299659237766;65.68071789671069;65.31322692198576;66.90880952793762;65.39299659237766;65.68071789671069;65.31322692198576;66.90880952793762;65.39299659237766;65.68071789671069;451.5725719259912;552.6858764165121;-0.0178458534738723;-0.6987032649407325;65.40330684185028;65.68177723884583;65.09750157594681;66.76022291183472;False;False;False;False;0.15500401542054948;0.13128509154886844;0.23241062565737317;0.19769572782408504
65.43702813386999;65.82048781734157;65.39990537195666;66.77396636216312;65.43702813386999;65.82048781734157;65.39990537195666;66.77396636216312;65.43702813386999;65.82048781734157;451.199871649404;552.5954338863976;-0.0618773949662028;-0.8384731855716154;65.34656250476837;65.66214108467102;65.14341354370117;66.81755632162094;False;False;False;False;0.15315949564356515;0.13180884703709803;0.23349248038627507;0.1976709994952137
65.4073324158264;65.81307770160554;64.86101067688348;66.738744640979;65.4073324158264;65.81307770160554;64.86101067688348;66.738744640979;65.4073324158264;65.81307770160554;451.1028954561332;552.6465750031559;-0.0321816769226188;-0.8310630698355794;65.40084540843964;65.7859525680542;65.21029323339462;66.74365788698196;False;False;False;False;0.15309821794007564;0.1308052256701686;0.23557616951692695;0.19550091305620582
65.40617845188365;65.9610141617492;65.35007605433447;66.59189499433295;65.40617845188365;65.9610141617492;65.35007605433447;66.59189499433295;65.40617845188365;65.9610141617492;450.6962141265344;552.6445920407851;-0.0310277129798635;-0.978999529979248;65.31944179534912;65.77912831306458;65.13447374105453;66.70918047428131;False;False;False;False;0.15140248660563535;0.13194580839282574;0.23644418421005525;0.19323095703663354
65.67939997828873;65.7977236712552;65.46518170062154;66.51315617613444;65.67939997828873;65.7977236712552;65.46518170062154;66.51315617613444;65.67939997828873;65.7977236712552;450.89226183685855;552.0940119595776;-0.3042492393849443;-0.8157090394852418;65.36574232578278;65.90839505195618;65.18870919942856;66.60341739654541;False;False;False;False;0.15422920816006616;0.13214422292758846;0.23777913070144469;0.19342226416617153
65.72465280892654;65.66943362597627;65.44691152932918;66.57524685109334;65.72465280892654;65.66943362597627;65.44691152932918;66.57524685109334;65.72465280892654;65.66943362597627;451.0400807221517;551.9629397330507;-0.3495020700227513;-0.6874189942063111;65.63142156600952;65.74100029468536;65.22927433252335;66.5211233496666;False;False;False;False;0.15421521783404485;0.1318802211171891;0.2380975363621781;0.19193325206705544
65.7882724471475;65.54646731716747;65.37400334433282;66.62838404078767;65.7882724471475;65.54646731716747;65.37400334433282;66.62838404078767;65.7882724471475;65.54646731716747;451.1943574738752;551.7891001806057;-0.4131217082437217;-0.5644526853975123;65.66371750831604;65.63758206367493;65.24586886167526;66.44766747951508;False;False;False;False;0.15463334383699645;0.13098692454140773;0.23819743199024182;0.1925916100897698
65.7613851686538;65.3858234787162;65.43164137692305;66.5021013380747;65.7613851686538;65.3858234787162;65.43164137692305;66.5021013380747;65.7613851686538;65.3858234787162;451.4403847927247;551.7877918431607;-0.3862344297500186;-0.4038088469462479;65.72553336620331;65.50584697723389;65.34455090761185;66.45265370607376;False;False;False;False;0.15428814417317302;0.12986956626742469;0.23743855679801265;0.19257531650823131
65.8177698146486;65.10599803396508;65.22502762319024;66.37062810073475;65.8177698146486;65.10599803396508;65.22502762319024;66.37062810073475;65.8177698146486;65.10599803396508;451.94619450263417;551.6235246272045;-0.4426190757448154;-0.1239834021951225;65.71349239349365;65.3702780008316;65.35757213830948;66.47345751523972;False;False;False;False;0.1527942011062633;0.13159096570498924;0.2354732110000976;0.19210251307323806
65.62877514791735;65.0656349522439;65.11111814561055;66.09750733097717;65.62877514791735;65.0656349522439;65.11111814561055;66.09750733097717;65.62877514791735;65.0656349522439;452.0103895457838;551.942498083901;-0.2536244090135682;-0.0836203204739405;65.76717031002045;65.09903287887573;65.29918313026428;66.43918991088867;False;False;False;False;0.15158440356619307;0.1316119355313733;0.2359357119388368;0.1943071143756848
65.68244594201883;65.15436121539416;64.93742666041071;65.99716124902237;65.68244594201883;65.15436121539416;64.93742666041071;65.99716124902237;65.68244594201883;65.15436121539416;451.8217876434201;551.8013399078295;-0.3072952031150464;-0.1723465836242041;65.57257533073425;65.03732764720917;65.22673040628433;66.30405366420746;False;False;False;False;0.1483431621518985;0.13085207442639554;0.23402828483479957;0.1959517368208618
65.74320047652343;65.22269780232872;64.9182939562226;66.18163465966283;65.74320047652343;65.22269780232872;64.9182939562226;66.18163465966283;65.74320047652343;65.22269780232872;451.6621349250678;551.6388581450716;-0.3680497376196427;-0.2406831705587677;65.59675061702728;65.10713279247284;65.11530578136444;66.15464389324188;False;False;False;False;0.1464775480653043;0.13092487302199515;0.23381855292138273;0.1951736538442372
65.83022023289645;65.31312129136046;64.83804890715388;66.12345783053613;65.83022023289645;65.31312129136046;64.83804890715388;66.12345783053613;65.83022023289645;65.31312129136046;451.44919685759646;551.4157453339762;-0.4550694939926671;-0.3311066595905032;65.66035723686218;65.19397437572479;65.00360578298569;66.05097562074661;False;False;False;False;0.14694217324802789;0.1300145856369312;0.23415209368492423;0.19467523978660656
65.5474785165179;65.25389021213881;65.08348165113175;65.9084254243424;65.5474785165179;65.25389021213881;65.08348165113175;65.9084254243424;65.5474785165179;65.25389021213881;451.5235114614277;551.920552834201;-0.1723277776141145;-0.2718755803688566;65.71993637084961;65.26553571224213;64.91727620363235;66.04282259941101;False;False;False;False;0.14771433631585934;0.12989927215364871;0.23452547941567278;0.19459927692943987
65.4789968582949;65.23329425276232;65.2835427723942;66.01527623608168;65.4789968582949;65.23329425276232;65.2835427723942;66.01527623608168;65.4789968582949;65.23329425276232;451.5284533027981;552.0345391136317;-0.1038461193911217;-0.2512796209923635;65.46660923957825;65.21180939674377;64.92437034845352;66.0413670539856;False;False;False;False;0.1469394252281106;0.1295524237992718;0.23660951887183082;0.19374600068259318
65.65291004333785;65.19586261138436;65.39316480912483;65.92670150331084;65.65291004333785;65.19586261138436;65.39316480912483;65.92670150331084;65.65291004333785;65.19586261138436;451.5698126360885;551.6728665942936;-0.2777593044340705;-0.2138479796143997;65.43888700008392;65.19267451763153;65.01311928033829;65.95978111028671;False;False;False;False;0.1478759181782522;0.12951866158100345;0.23637689973530693;0.19276980516783693
65.73338486040673;65.2711529970779;65.44482965246578;65.73645963832982;65.73338486040673;65.2711529970779;65.44482965246578;65.73645963832982;65.73338486040673;65.2711529970779;451.3907188007528;551.4748823862313;-0.3582341215029458;-0.2891383653079487;65.60728776454926;65.15985310077667;65.12078046798706;65.8956190943718;False;False;False;False;0.14832447708081833;0.12994996779489282;0.23670403311473173;0.19286010394971148
65.49054882488133;65.2173941859018;65.43342895059942;65.6300618838972;65.49054882488133;65.2173941859018;65.43342895059942;65.6300618838972;65.49054882488133;65.2173941859018;451.4596846410639;551.9127899077484;-0.1153980859775458;-0.235379554131839;65.68240988254547;65.22751832008362;65.24579674005508;65.88184714317322;False;False;False;False;0.14882073255556663;0.12985601482455691;0.23577326757880582;0.194208569241864
65.34107182057654;65.20649025553732;65.51648956127453;65.54344280443159;65.34107182057654;65.20649025553732;65.51648956127453;65.54344280443159;65.34107182057654;65.20649025553732;451.450108561242;552.1963575048943;0.0340789183272391;-0.2244756237673613;65.44301128387451;65.17650234699249;65.32043933868408;65.75822740793228;False;False;False;False;0.14884506480221155;0.12689188573100996;0.23526885483811696;0.19528117732743022
65.15939595505625;65.16904726764416;65.46637343543101;65.51639411306179;65.15939595505625;65.16904726764416;65.46637343543101;65.51639411306179;65.15939595505625;65.16904726764416;451.4950644538593;552.5642530917119;0.2157547838475295;-0.1870326358742033;65.32127749919891;65.15056049823761;65.38000851869583;65.6356993317604;False;False;False;False;0.14840348867119613;0.1267102126786354;0.23371323823864612;0.1952513473668523
65.21350127331188;65.08075391527952;65.3735552766306;65.44775774275712;65.21350127331188;65.08075391527952;65.3735552766306;65.44775774275712;65.21350127331188;65.08075391527952;451.6467134738053;552.4848097597136;0.1616494655919069;-0.098739283509559;65.15654468536377;65.1263575553894;65.40132701396942;65.56444317102432;False;False;False;False;0.1482536102560082;0.1265729453675767;0.23315568638697437;0.19556790863475212
65.33039773726055;65.04896770912765;65.4975693672604;65.60555201498697;65.33039773726055;65.04896770912765;65.4975693672604;65.60555201498697;65.33039773726055;65.04896770912765;451.69712064830776;552.2725700938952;0.0447530016432295;-0.0669530773576951;65.1960209608078;65.04257202148438;65.39197415113449;65.50801783800125;False;False;False;False;0.14878026173031692;0.12577221847276115;0.23111394278369293;0.1957306592021039
65.27589559312791;65.29610924680986;65.45921525612047;65.87968809200545;65.27589559312791;65.29610924680986;65.45921525612047;65.87968809200545;65.27589559312791;65.29610924680986;451.1939104959623;552.3875414490462;0.0992551457758708;-0.314094615039906;65.29324066638947;65.0215253829956;65.40171712636948;65.50847679376602;False;False;False;False;0.14721993632066885;0.12840342065063015;0.22936908690050714;0.1987859083795276
65.007516812418;65.1481613990266;65.33193270938233;65.70034611019794;65.007516812418;65.1481613990266;65.33193270938233;65.70034611019794;65.007516812418;65.1481613990266;451.4479269095235;552.9375330299029;0.3676339264857802;-0.1661467672566488;65.23401761054993;65.24631786346436;65.39357393980026;65.57508438825607;False;False;False;False;0.14874633123381492;0.12865394330802207;0.22841065232172614;0.1991379414036713
65.02230138301195;65.12329243440128;65.20363578541168;65.81586610178974;65.02230138301195;65.12329243440128;65.20363578541168;65.81586610178974;65.02230138301195;65.12329243440128;451.4755119364733;552.9569817455797;0.3528493558918342;-0.1412778026313219;64.97897577285767;65.11330020427704;65.36841660737991;65.68777114152908;False;False;False;False;0.14873788259215823;0.1279754821937252;0.22814111567070025;0.19800573892656417
64.70900330987871;65.19060849283112;64.91006728875547;66.03877004002837;64.70900330987871;65.19060849283112;64.91006728875547;66.03877004002837;64.70900330987871;65.19060849283112;451.3220427792628;553.6306244726318;0.6661474290250737;-0.2085938610611606;64.98962008953094;65.09060108661652;65.3219997882843;65.76645910739899;False;False;False;False;0.15106422302212139;0.12828275380016274;0.2314905278385744;0.19847668192852108
64.84569388474628;65.21130493955671;65.08048928626269;65.87954588174058;64.84569388474628;65.21130493955671;65.08048928626269;65.87954588174058;64.84569388474628;65.21130493955671;451.25283737100347;553.4460629801;0.5294568541575018;-0.2292903077867549;64.70467114448547;65.18411481380463;65.19293159246445;65.77747076749802;False;False;False;False;0.15165641783656733;0.12702731719989574;0.23133618768093983;0.1983270531607488
64.6895593379482;65.14905960797992;65.01013242959108;66.10369708430916;64.6895593379482;65.14905960797992;65.01013242959108;66.10369708430916;64.6895593379482;65.14905960797992;451.3467559931188;553.8289263209172;0.6855914009555875;-0.167044976209965;64.82330739498138;65.17473924160004;65.11331915855408;65.84955632686615;False;False;False;False;0.1506290055231398;0.1269707379996947;0.22981309036869924;0.19959417003663316
64.5300905968334;64.89574723805715;64.6637892207719;65.941560750319;64.5300905968334;64.89574723805715;64.6637892207719;65.941560750319;64.5300905968334;64.89574723805715;451.8311080694697;554.2392759899408;0.8450601420703805;0.0862673937128022;64.6811215877533;65.1383501291275;65.05248457193375;65.93156188726425;False;False;False;False;0.1512563524624134;0.12709255837155492;0.22673500939894214;0.19958458544219942
64.34821904134863;64.95398352193867;64.65366733681945;65.94747156224025;64.34821904134863;64.95398352193867;64.65366733681945;65.94747156224025;64.34821904134863;64.95398352193867;451.7261378208684;554.7156937865198;1.026931697555156;0.0280311098312893;64.51958656311035;64.89554631710052;64.93792593479156;65.92495620250702;False;False;False;False;0.15015536208135385;0.12711241825486333;0.21537549251695268;0.1993438157158779
64.3378473462809;64.97040448818248;64.6412403515531;65.93342075056837;64.3378473462809;64.97040448818248;64.6412403515531;65.93342075056837;64.3378473462809;64.97040448818248;451.6970333696916;554.8733614029959;1.0373033926228885;0.0116101435874753;64.3220807313919;64.95356976985931;64.88355934619904;65.97581505775452;False;False;False;False;0.15014046370822254;0.12669737654729585;0.21314605616886267;0.1989555457588344
64.34332650035016;64.77787767349548;64.78371889921291;65.88919371623102;64.34332650035016;64.77787767349548;64.78371889921291;65.88919371623102;64.34332650035016;64.77787767349548;452.08363501821054;555.0007102138737;1.0318242385536252;0.2041369582744749;64.31759691238403;64.98021686077118;64.7928336262703;65.91239720582962;False;False;False;False;0.14860718634134323;0.12664078661104017;0.21004703730961677;0.19846537548447118
64.40616879220164;64.95444925612236;64.88521050393524;65.88005058962992;64.40616879220164;64.95444925612236;64.88521050393524;65.88005058962992;64.40616879220164;64.95444925612236;451.7577101140601;555.0126021953113;0.9689819467021435;0.0275653756475975;64.32287585735321;64.79643559455872;64.76208359003067;65.89617639780045;False;False;False;False;0.14860138714927426;0.1275153249511558;0.2103323335112291;0.19689704388566773
64.38650708125145;64.8455137939663;64.75820807098319;65.96717172999222;64.38650708125145;64.8455137939663;64.75820807098319;65.96717172999222;64.38650708125145;64.8455137939663;451.97925642179183;555.1811232101053;0.9886436576523324;0.136500837803652;64.4070451259613;64.95271241664886;64.81661409139633;65.86848169565201;False;False;False;False;0.14852842551630596;0.12651136419442396;0.2098731549423814;0.19510609124998768
64.3673402721583;64.7925320287202;64.78868843756368;65.95418424480327;64.3673402721583;64.7925320287202;64.78868843756368;65.95418424480327;64.3673402721583;64.7925320287202;452.1034200639912;555.3512759826452;1.0078104667454824;0.189482603049754;64.35515797138214;64.88020038604736;64.84388262033463;65.87375313043594;False;False;False;False;0.14810654641725168;0.12642170418367574;0.20982717330085798;0.19441105565666603
64.5219452882814;64.51943192165426;64.90377443730083;66.07946595364555;64.5219452882814;64.51943192165426;64.90377443730083;66.07946595364555;64.5219452882814;64.51943192165426;452.67488462519634;555.1764406792985;0.853205450622383;0.4625827101156972;64.35424530506134;64.82668840885162;64.87585216760635;65.89811712503433;False;False;False;False;0.14896707642125173;0.1279317127499474;0.20959854688401566;0.19505156083191882
64.72628526915241;64.57531670915586;64.99682186672256;65.98119482389373;64.72628526915241;64.57531670915586;64.99682186672256;65.98119482389373;64.72628526915241;64.57531670915586;452.62479274487526;554.8815214443061;0.6488654697513709;0.4066979226141001;64.52223813533783;64.56950664520264;64.9015799164772;65.96361666917801;False;False;False;False;0.14894143316014444;0.12793060567374376;0.20979195021797928;0.19500018348996137
64.76113413849019;64.75182110245693;64.85316951504556;65.81287652158015;64.76113413849019;64.75182110245693;64.85316951504556;65.81287652158015;64.76113413849019;64.75182110245693;452.326010347955;554.8983391015975;0.6140166004135921;0.230193529313027;64.70640659332275;64.61383318901062;64.93596225976944;65.98261415958405;False;False;False;False;0.14867595430878183;0.12859713155327052;0.20873736396136788;0.19560775430246127
64.83359449024107;64.75665305218092;64.92868569104473;65.77412291515991;64.83359449024107;64.75665305218092;64.92868569104473;65.77412291515991;64.83359449024107;64.75665305218092;452.3470389190821;554.8352872781509;0.5415562486627152;0.225361579589034;64.74670910835266;64.76213800907135;64.95094388723373;65.96828162670135;False;False;False;False;0.14791013876291093;0.12770190113152416;0.20709301962723628;0.19544753279456442
64.94311497549967;64.77447451843575;64.77516363209746;65.62207009715613;64.94311497549967;64.77447451843575;64.77516363209746;65.62207009715613;64.94311497549967;64.77447451843575;452.3414441971843;554.6884538074554;0.4320357634041158;0.207540113334204;64.80955862998962;64.75963854789734;64.97436374425888;65.86259722709656;False;False;False;False;0.1476301009676451;0.1275489561414892;0.20375075741937518;0.19624119844654975
64.89201000533826;64.88847542601789;64.84129638922333;65.63515938811013;64.89201000533826;64.88847542601789;64.84129638922333;65.63515938811013;64.89201000533826;64.88847542601789;452.1411143971312;554.8482685162321;0.48314073356552;0.0935392057520658;64.89860582351685;64.77533710002899;64.93691295385361;65.75601786375046;False;False;False;False;0.1471853592501044;0.12743011054485373;0.2004866638141602;0.19593221085106505
64.78668136831061;64.7469762710156;64.84101636653045;65.64198547311334;64.78668136831061;64.7469762710156;64.84101636653045;65.64198547311334;64.78668136831061;64.7469762710156;452.43658460123606;555.1233445547629;0.5884693705931738;0.2350383607543591;64.86591231822968;64.88345348834991;64.90422546863556;65.68682372570038;False;False;False;False;0.14706385162404392;0.1273688712722448;0.19599705128791936;0.19590111159834298
64.57814327359341;64.83688133591833;64.77769900337022;65.6304844085008;64.57814327359341;64.83688133591833;64.77769900337022;65.6304844085008;64.57814327359341;64.83688133591833;452.2881129195312;555.618883326943;0.7970074653103723;0.1451332958516218;64.77025866508484;64.7564926147461;64.90832984447479;65.63102781772614;False;False;False;False;0.14703571442288466;0.12751271913483414;0.19604550676346313;0.1956498149851622
64.50840969085317;65.14030239728115;64.54492826505212;65.44271334565438;64.50840969085317;65.14030239728115;64.54492826505212;65.44271334565438;64.50840969085317;65.14030239728115;451.7006219029191;555.8646181544649;0.8667410480506135;-0.15828776551119;64.58036184310913;64.83754014968872;64.88045483827591;65.63503712415695;False;False;False;False;0.14697334699487352;0.12953825968760774;0.19673566837574888;0.19650588050123302
64.74193082239748;65.30073194273805;64.38191987063192;65.65043955472363;64.74193082239748;65.30073194273805;64.38191987063192;65.65043955472363;64.74193082239748;65.30073194273805;451.35865777660376;555.5131413644497;0.6332199165063059;-0.3187173109680969;64.49389708042145;65.12017631530762;64.8333266377449;65.59382289648056;False;False;False;False;0.14817492509900967;0.13026525179869097;0.19699576888079282;0.19640840062930445
64.61024866726407;65.16949922531936;64.49344377329304;65.64972297489442;64.61024866726407;65.16949922531936;64.49344377329304;65.64972297489442;64.61024866726407;65.16949922531936;451.5786275699787;555.8609349969173;0.7649020716397104;-0.1874845935493994;64.7120658159256;65.28016257286072;64.72408205270767;65.56644946336746;False;False;False;False;0.14842403370119417;0.1304237602540008;0.19411429488508442;0.1965378981527964
64.40833783725908;65.08371255301117;64.55119175614043;66.09740150211363;64.40833783725908;65.08371255301117;64.55119175614043;66.09740150211363;64.40833783725908;65.08371255301117;451.7252029687885;556.3667435998126;0.9668129016447012;-0.101697921241211;64.58103251457214;65.15500974655151;64.65332746505737;65.54648160934448;False;False;False;False;0.1482942429679981;0.1298234360455292;0.1938977907722039;0.2011435095203702
64.37877578344974;65.17118049789505;64.74673785485444;65.89063248130674;64.37877578344974;65.17118049789505;64.74673785485444;65.89063248130674;64.37877578344974;65.17118049789505;451.5367073561886;556.5547760943173;0.9963749554540442;-0.1891658661250943;64.38245499134064;65.1023827791214;64.62236762046814;65.71838349103928;False;False;False;False;0.14722913233121343;0.12980805770651976;0.19425952647643452;0.1997009585197339
64.42677440154559;65.12647446554172;64.7259424936886;65.80725082647513;64.42677440154559;65.12647446554172;64.7259424936886;65.80725082647513;64.42677440154559;65.12647446554172;451.6008973054119;556.5916288521861;0.948376337358198;-0.1444598337717622;64.37352883815765;65.17426908016205;64.67990428209305;65.82392364740372;False;False;False;False;0.1471210872581982;0.12951193343535514;0.19422034228731874;0.19970571672054155
64.49121746842835;64.84885598655696;64.7550000431036;65.8017633382263;64.49121746842835;64.84885598655696;64.7550000431036;65.8017633382263;64.49121746842835;64.84885598655696;452.13687295221183;556.589192896735;0.8839332704754383;0.1331586452130011;64.41294288635254;65.11721706390381;64.75398629903793;65.92107146978378;False;False;False;False;0.14678176729523454;0.13140204524293259;0.19245500675019456;0.1993468297700305
64.36489485935792;64.8946956032587;64.66039751588508;65.94504913230627;64.36489485935792;64.8946956032587;64.66039751588508;65.94504913230627;64.36489485935792;64.8946956032587;452.0629482048368;556.9596958842726;1.0102558795458665;0.0873190285112599;64.48269963264465;64.87940526008606;64.81289327144623;65.81995368003845;False;False;False;False;0.14148655517274647;0.1314092516117423;0.18888331872860886;0.19963258467381215
64.43948846340282;64.88848063583158;64.91682415574319;65.75242489160424;64.43948846340282;64.88848063583158;64.91682415574319;65.75242489160424;64.43948846340282;64.88848063583158;452.0870206768258;556.9452094601222;0.9356622755009596;0.0935339959383725;64.37630832195282;64.91718411445618;64.83621150255203;65.81543296575546;False;False;False;False;0.14047879490364287;0.13047529757726284;0.1889519117997077;0.19665605069709688
64.38700872330483;64.84697098783485;65.02580504004332;66.0398096220089;64.38700872330483;64.84697098783485;65.02580504004332;66.0398096220089;64.38700872330483;64.84697098783485;452.18251117227777;557.174923910385;0.9881420155989532;0.1350436439351057;64.40926456451416;64.90998649597168;64.88857835531235;65.82169443368912;False;False;False;False;0.13971016747934176;0.1304097461022647;0.1894033720712218;0.1973772243591721
64.35289464275115;64.83049119561166;65.26475672904405;66.24228261361702;64.35289464275115;64.83049119561166;65.26475672904405;66.24228261361702;64.35289464275115;64.83049119561166;452.2334765759155;557.3749043402389;1.0222560961526312;0.1515234361582997;64.37988293170929;64.89754796028137;64.96657460927963;65.8730286359787;False;False;False;False;0.13973212080527062;0.13056628575854573;0.19139576024305785;0.19904069977649758
64.35852160103305;64.82599061751753;65.80187805087837;66.01394491198164;64.35852160103305;64.82599061751753;65.80187805087837;66.01394491198164;64.35852160103305;64.82599061751753;452.2626808569249;557.4999512364955;1.016629137870737;0.1560240142524236;64.37296533584595;64.88317692279816;65.0849786400795;65.93602687120438;False;False;False;False;0.13959660592887288;0.12966208891008774;0.20278705249965598;0.1989781751458089
64.28425877321604;64.95869365177334;65.76914647739979;65.90778951318762;64.28425877321604;64.95869365177334;65.76914647739979;65.90778951318762;64.28425877321604;64.95869365177334;452.0180779903136;557.7840274438456;1.0908919656877458;0.0233209799966118;64.39007437229156;64.87984776496887;65.35215646028519;66.06395751237869;False;False;False;False;0.13951152738171577;0.1295306815754007;0.20663968941161714;0.19876521955281637
64.2634695475213;65.03665333957188;66.11213652630141;65.58893576915449;64.2634695475213;65.03665333957188;66.11213652630141;65.58893576915449;64.2634695475213;65.03665333957188;451.865268078716;557.9710581573268;1.1116811913824876;-0.0546387078019279;64.35343289375305;65.00673604011536;65.54711431264877;66.04971021413803;False;False;False;False;0.13933981542126617;0.12932876561065554;0.2135163471127073;0.2027925202278466
64.44372300906507;64.82736792903627;65.92824403907112;65.77790149004842;64.44372300906507;64.82736792903627;65.92824403907112;65.77790149004842;64.44372300906507;64.82736792903627;452.276553738747;557.7587753930902;0.9314277298387168;0.1546467027336859;64.31633162498474;65.05232095718384;65.79329490661621;65.85708647966385;False;False;False;False;0.13986611953844727;0.1303891031386604;0.21386688999926773;0.20221226637743125
64.34612357161878;64.77553438967901;65.96387287311961;65.77487466396816;64.34612357161878;64.77553438967901;65.96387287311961;65.77487466396816;64.34612357161878;64.77553438967901;452.400840377826;558.0781646319613;1.0290271672850082;0.2064802420909472;64.45703434944153;64.87007117271423;65.92888683080673;65.75766682624817;False;False;False;False;0.14025045071432007;0.1307002888916636;0.21385760386292163;0.198883072964179
64.3606279589339;64.77329752771712;65.8848943420837;66.01191935231951;64.3606279589339;64.77329752771712;65.8848943420837;66.01191935231951;64.3606279589339;64.77329752771712;452.4328448006953;558.1863594796357;1.0145227799698802;0.2087171040528375;64.38576686382294;64.821240067482;65.97428411245346;65.69147229194641;False;False;False;False;0.13876371801819867;0.12562488723736953;0.2140049687214133;0.19534905730557192
64.4986896942976;64.72094393720849;65.85532614809489;66.04113036426995;64.4986896942976;64.72094393720849;65.85532614809489;66.04113036426995;64.4986896942976;64.72094393720849;452.5653809289196;558.0455057129043;0.876461044606188;0.261070694561468;64.40407204627991;64.83169770240784;65.99682539701462;65.81761300563812;False;False;False;False;0.13880681471710163;0.12591628366098487;0.21384972750070386;0.1960299091321613
64.58805044241446;64.50394814239355;65.72489602066825;66.0085172582343;64.58805044241446;64.50394814239355;65.72489602066825;66.0085172582343;64.58805044241446;64.50394814239355;453.03418194449097;557.9836456892847;0.7871002964893279;0.4780664893764026;64.53538537025452;64.77842426300049;65.93991816043854;65.88738739490509;False;False;False;False;0.1388976110024659;0.12625160843586208;0.21466900082498036;0.19632809406510157
64.67107438571132;64.35807985611007;65.6632496105667;65.78288019584537;64.67107438571132;64.35807985611007;65.6632496105667;65.78288019584537;64.67107438571132;64.35807985611007;453.3896607156415;557.9225445088896;0.7040763531924625;0.6239347756598903;64.59130346775055;64.56530630588531;65.89390128850937;65.99201619625092;False;False;False;False;0.13759932778387726;0.1277063707859578;0.2150572677061515;0.1936808884244719
64.53947945506755;64.44168366273132;65.66919470041077;65.89753976740234;64.53947945506755;64.44168366273132;65.66919470041077;65.89753976740234;64.53947945506755;64.44168366273132;453.30564440582026;558.2796112172695;0.8356712838362341;0.5403309690386351;64.6877384185791;64.41880261898041;65.81578701734543;65.9656098484993;False;False;False;False;0.13785229739973992;0.12766968774926984;0.21259149622178494;0.19255837164094666
64.39833218914828;64.31776168625272;65.74075942169132;65.80091868514215;64.39833218914828;64.31776168625272;65.74075942169132;65.80091868514215;64.39833218914828;64.31776168625272;453.6255324879826;558.6733285869528;0.9768185497555066;0.6642529455172337;64.59270358085632;64.50770115852356;65.7710388302803;65.91074168682098;False;False;False;False;0.1374711046756994;0.1289351107548306;0.21218654742228485;0.19264344651541934
64.42420569619637;64.42529638159218;66.26944033662826;65.9202060736611;64.42420569619637;64.42529638159218;66.26944033662826;65.9202060736611;64.42420569619637;64.42529638159218;453.499030156706;558.7518240461574;0.9509450427074172;0.5567182501777808;64.44734418392181;64.4033979177475;65.75744062662125;65.84445536136627;False;False;False;False;0.13745105820046577;0.12895083084176356;0.21759671968310748;0.19270488455899662
64.41575439890694;64.42946933200066;66.38833961438708;65.94823219665223;64.41575439890694;64.42946933200066;66.38833961438708;65.94823219665223;64.41575439890694;64.42946933200066;453.5649133559127;558.8955193130972;0.959396339996843;0.5525452997692923;64.50602447986603;64.51843881607056;65.89792370796204;65.87772309780121;False;False;False;False;0.13728630414383006;0.12867190226803907;0.2212665525128281;0.19251163004284877
64.23863714028317;64.60543416562572;66.24418038022252;65.78200327235683;64.23863714028317;64.60543416562572;66.24418038022252;65.78200327235683;64.23863714028317;64.60543416562572;453.2866563952985;559.3776733423443;1.13651359862061;0.3765804661442331;64.47263956069946;64.52077925205231;66.07343822717667;65.88332235813141;False;False;False;False;0.13879165181207903;0.1287236012003081;0.22156665850636728;0.19221106974613122
64.31634960423978;64.53433457367316;66.12490000621092;65.73009632691489;64.31634960423978;64.53433457367316;66.12490000621092;65.73009632691489;64.31634960423978;64.53433457367316;453.4790663080229;559.3737835609139;1.0588011346640087;0.4476800580967932;64.31943953037262;64.67559027671814;66.20278507471085;65.91368228197098;False;False;False;False;0.13697636094527987;0.1293540001883067;0.2214683891025691;0.1922911363730683
64.45422011667735;64.50235677308488;66.0841976725457;65.6227181481897;64.45422011667735;64.50235677308488;66.0841976725457;65.6227181481897;64.45422011667735;64.50235677308488;453.60271258361234;559.2392160206606;0.920930622226436;0.4796578586850728;64.38114821910858;64.61892890930176;66.27725720405579;65.86050897836685;False;False;False;False;0.13584005204180824;0.12841132584771345;0.22200316546820462;0.19217729451285095
64.73588747744682;64.65558714651343;66.29986264087398;65.57959619224617;64.73588747744682;64.65558714651343;66.29986264087398;65.57959619224617;64.73588747744682;64.65558714651343;453.3602062179133;558.7986720487519;0.6392632614569607;0.3264274852565307;64.51013839244843;64.55941545963287;66.23244017362595;65.76165318489075;False;False;False;False;0.13725039882690532;0.12817095600240763;0.22182868771473516;0.19294152758250557
64.7794663033325;64.53431940750892;66.38005180187052;65.48207831856136;64.7794663033325;64.53431940750892;66.38005180187052;65.48207831856136;64.7794663033325;64.53431940750892;453.6462653606232;558.7967494985081;0.595684435571286;0.4476952242610394;64.78861224651337;64.70937275886536;66.21819615364075;65.68676471710205;False;False;False;False;0.1367748120184074;0.1291462921415863;0.22195104452403625;0.19190446232669656
64.81282562983931;64.53352684381697;66.16555293071666;65.41861971707021;64.81282562983931;64.53352684381697;66.16555293071666;65.41861971707021;64.81282562983931;64.53352684381697;453.7075431845752;558.809455436904;0.5623251090644743;0.4484877879529847;64.8365306854248;64.6009486913681;66.2522605061531;65.61581015586853;False;False;False;False;0.13554420240220066;0.12917499883689482;0.2209783245102502;0.1907456585930575
64.74937159183928;64.47142026782318;65.95459694398399;65.7105297322884;64.74937159183928;64.47142026782318;65.95459694398399;65.7105297322884;64.74937159183928;64.47142026782318;453.89155470828985;559.0113401941127;0.625779147064506;0.5105943639467796;64.8476140499115;64.56898808479309;66.2536308169365;65.55576235055923;False;False;False;False;0.13372573942066127;0.12874612422122453;0.222329429049672;0.19025979337450313
64.83156862716253;64.6662066103898;65.84204098031485;65.68304970059764;64.83156862716253;64.6662066103898;65.84204098031485;65.68304970059764;64.83156862716253;64.6662066103898;453.5700612716829;558.9303833430748;0.5435821117412587;0.3158080213801497;64.78521740436554;64.5291315317154;66.20794504880905;65.55951923131943;False;False;False;False;0.13371094092843644;0.128493842245701;0.22399020438351316;0.19024841541900112
64.82457594054833;64.52993830848949;65.74511982710118;65.41952269081855;64.82457594054833;64.52993830848949;65.74511982710118;65.41952269081855;64.82457594054833;64.52993830848949;453.8847056116674;559.016846331202;0.5505747983554556;0.4520763232804654;64.84603416919708;64.7100019454956;66.09794974327087;65.61443001031876;False;False;False;False;0.13264769114241312;0.12904309308509068;0.22602759072772413;0.1910757525548414
65.15778782801162;64.54679967120218;65.78055190572044;65.37156325475537;65.15778782801162;64.54679967120218;65.78055190572044;65.37156325475537;65.15778782801162;64.54679967120218;453.91125972934617;558.4238325293895;0.217362910892163;0.4352149605677766;64.86420106887817;64.56537890434265;65.9557095170021;65.68154573440552;False;False;False;False;0.13543300518937645;0.12903674791398412;0.22639924241813336;0.1932648561906522
65.07064119571363;64.36380696406364;65.64275880100081;65.49284441473336;65.07064119571363;64.36380696406364;65.64275880100081;65.49284441473336;65.07064119571363;64.36380696406364;454.3352738050323;558.6271075154378;0.3045095431901501;0.6182076677063151;65.17109203338623;64.58224940299988;65.87155997753143;65.57233065366745;False;False;False;False;0.1335815859282292;0.1286072615658785;0.22691090360207536;0.19186503659077228
65.28172041826001;64.24595498324513;65.49011484701661;65.7675911173347;65.28172041826001;64.24595498324513;65.49011484701661;65.7675911173347;65.28172041826001;64.24595498324513;454.6534054556968;558.2455503427705;0.0934303206437761;0.7360596485248294;65.06687867641449;64.43476390838623;65.80910921096802;65.48251628875732;False;False;False;False;0.13514033992352986;0.1288037298451553;0.22893339005184546;0.18887324570475048
65.25749716962437;64.54719196103952;65.536505724754;65.73020812108236;65.25749716962437;64.54719196103952;65.536505724754;65.73020812108236;65.25749716962437;64.54719196103952;454.149072786578;558.3064542161276;0.1176535692794118;0.4348226707304405;65.26231026649475;64.30823862552643;65.72415322065353;65.56228935718536;False;False;False;False;0.133925439088898;0.13074628608175343;0.2296297836049207;0.18941265827810216
65.09256325807009;64.37671108781234;65.59024446863856;65.63714219535825;65.09256325807009;64.37671108781234;65.59024446863856;65.63714219535825;65.09256325807009;64.37671108781234;454.5480108891298;558.6520091818068;0.2825874808336976;0.6053035439576178;65.24944305419922;64.59674835205078;65.67600876092911;65.6922197341919;False;False;False;False;0.13440932556004687;0.13176656832653524;0.22977368597010678;0.18918322390138806
65.17377388163952;64.49473042825878;65.78516782637128;65.69226906008409;65.17377388163952;64.49473042825878;65.78516782637128;65.69226906008409;65.17377388163952;64.49473042825878;454.3926793474313;558.5272662654457;0.2013768572642646;0.4872842035111802;65.08524954319;64.44020187854767;65.64583241939545;65.76933413743973;False;False;False;False;0.134585606673718;0.1296217419800183;0.2295213914045468;0.1882462980648623
65.24597151402517;64.86283820911545;65.66751432135132;65.82356892538877;65.24597151402517;64.86283820911545;65.66751432135132;65.82356892538877;65.24597151402517;64.86283820911545;453.7214350128528;558.4097212483097;0.1291792248786123;0.1191764226545046;65.16959512233734;64.54829406738281;65.68748265504837;65.7360565662384;False;False;False;False;0.13158658121847044;0.13230777949510628;0.2288353486474116;0.18473261907699398
65.4845239887304;64.98862205217712;65.72445109699125;65.97176619255701;65.4845239887304;64.98862205217712;65.72445109699125;65.97176619255701;65.4845239887304;64.98862205217712;453.48575751641664;557.9498401955497;-0.1093732498266177;-0.006607420407164;65.25282752513885;64.89028811454773;65.71822613477707;65.73447644710541;False;False;False;False;0.1328889023656143;0.1325758735387536;0.22819526327186687;0.18552337044738254
65.59603415098903;65.00548266882186;65.72238541081511;66.03817039145457;65.59603415098903;65.00548266882186;65.72238541081511;66.03817039145457;65.59603415098903;65.00548266882186;453.45115529373953;557.7122367710555;-0.2208834120852429;-0.0234680370518987;65.45989561080933;65.02719151973724;65.75552612543106;65.82607418298721;False;False;False;False;0.13271937549860646;0.1325427801419893;0.22748495520796796;0.18657040434268218
65.59902372142518;65.21625459796418;65.74653087749982;65.75320990260613;65.59902372142518;65.21625459796418;65.74653087749982;65.75320990260613;65.59902372142518;65.21625459796418;453.026482363848;557.6768065085718;-0.2238729825213994;-0.2342399661942238;65.54714167118073;65.02476465702057;65.77313035726547;65.92529386281967;False;False;False;False;0.13228416842723068;0.13346829318400402;0.22656083436654517;0.186418453949045
65.53003047122141;64.96380272587474;65.75510301136745;65.90622350159528;65.53003047122141;64.96380272587474;65.75510301136745;65.90622350159528;65.53003047122141;64.96380272587474;453.50015411253423;557.7849432779765;-0.1548797323176245;0.0182119058952139;65.57047688961029;65.22248482704163;65.7587257027626;65.95088392496109;False;False;False;False;0.13114186122581262;0.13571472514881136;0.2246484380849121;0.18498158799232414
65.43098744873164;64.91845240481861;65.78609478140532;66.08872344657675;65.43098744873164;64.91845240481861;65.78609478140532;66.08872344657675;65.43098744873164;64.91845240481861;453.59328300876587;557.9623786919803;-0.055836709827858;0.0635622269513476;65.51330733299255;64.99312901496887;65.77998846769333;65.91507881879807;False;False;False;False;0.13135125185607938;0.13587612685737052;0.22335701843476427;0.18565770812502902
65.42543612410957;64.8908353148713;65.87235329485442;65.97579621412288;65.42543612410957;64.8908353148713;65.87235329485442;65.97579621412288;65.42543612410957;64.8908353148713;453.656992152254;557.9660364465808;-0.0502853852057825;0.0911793168986605;65.39360284805298;64.95434069633484;65.79840242862701;65.89207530021667;False;False;False;False;0.13132984937904837;0.13600719556291035;0.22322958040607793;0.18581421521932132
65.47067301928479;64.9246289145256;65.88351057080767;65.95593661845616;65.47067301928479;64.9246289145256;65.88351057080767;65.95593661845616;65.47067301928479;64.9246289145256;453.6015621951986;557.868857938203;-0.0955222803810045;0.0573857172443581;65.39667272567749;64.92372488975525;65.83459109067917;65.98512202501297;False;False;False;False;0.13072860137870382;0.1354920210281311;0.22327772540535973;0.18348454244702053
65.36259927236033;65.29634066447015;65.89632569539073;65.79582640326802;65.36259927236033;65.29634066447015;65.89632569539073;65.79582640326802;65.36259927236033;65.29634066447015;452.8657901242754;558.072269128001;0.0125514665434565;-0.314326032700194;65.47153902053833;64.94472658634186;65.86829155683517;66.02835565805435;False;False;False;False;0.13097817660710873;0.1395431309686203;0.22305124777611676;0.18461598705314444
65.26324811080838;65.22461021019092;65.86743472346463;65.66735451243248;65.26324811080838;65.22461021019092;65.86743472346463;65.66735451243248;65.26324811080838;65.22461021019092;452.9673408951405;558.2726449799774;0.1119026280954074;-0.2425955784209605;65.3718786239624;65.28363347053528;65.90032011270523;65.93074560165405;False;False;False;False;0.1296223312835122;0.13961532912864644;0.2187904839461301;0.1849423049755719
65.33233122724648;65.29440575607629;66.0521654535863;65.63722629043275;65.33233122724648;65.29440575607629;66.0521654535863;65.63722629043275;65.33233122724648;65.29440575607629;452.795403726247;558.1493990975139;0.0428195116572993;-0.3123911243063304;65.25201165676117;65.22594881057739;65.91729491949081;65.84077388048172;False;False;False;False;0.12859858265008886;0.13924119973487298;0.21762303971762226;0.18457003403861183
65.21980374593784;65.381653498383;66.1591807150807;65.46520269224742;65.21980374593784;65.381653498383;66.1591807150807;65.46520269224742;65.21980374593784;65.381653498383;452.57925609172605;558.3801633283522;0.1553469929659456;-0.3996388666130457;65.32729279994965;65.277787566185;65.96359699964523;65.70959120988846;False;False;False;False;0.12800700135636053;0.13895478987213727;0.2149873941505337;0.17922908255524087
65.23233402315495;65.52100628222547;66.21189986783283;65.42837463947124;65.23233402315495;65.52100628222547;66.21189986783283;65.42837463947124;65.23233402315495;65.52100628222547;452.2472653418261;558.3758157063135;0.142816715748836;-0.5389916504555146;65.23395192623138;65.35126411914825;66.02985709905624;65.63056230545044;False;False;False;False;0.12621061215028534;0.13978672855808963;0.21295676451534887;0.17698643429941352
65.21997147802998;65.65994732970529;66.29745819124558;65.24455544054342;65.21997147802998;65.65994732970529;66.29745819124558;65.24455544054342;65.21997147802998;65.65994732970529;451.8975176934724;558.4195830253299;0.1551792608738083;-0.6779326979353328;65.23886787891388;65.48179960250854;66.10533565282822;65.55341511964798;False;False;False;False;0.1261626853681676;0.13959804625898506;0.2129324268449899;0.17941508492633756
65.14409705498564;65.3140142915704;66.28565750618613;65.24605957263073;65.14409705498564;65.3140142915704;66.28565750618613;65.24605957263073;65.14409705498564;65.3140142915704;452.4989927433508;558.5920224395351;0.231053683918148;-0.3319996598004451;65.2212644815445;65.60498189926147;66.1990150809288;65.43761730194092;False;False;False;False;0.12594529467577759;0.14165123053864237;0.21302563768950564;0.18007054557513552
65.38017841274441;65.64871796783846;66.14047715179696;65.19652028913248;65.38017841274441;65.64871796783846;66.14047715179696;65.19652028913248;65.38017841274441;65.64871796783846;451.7853187695079;558.1506668818732;-0.0050276738406296;-0.6667033360685082;65.16177177429199;65.29441261291504;66.25720411539078;65.36338776350021;False;False;False;False;0.1264873062389491;0.1441126037206166;0.21317992838815372;0.18047714955325508
65.54045549235164;65.36122816321122;66.19778821913195;65.20485187278753;65.54045549235164;65.36122816321122;66.19778821913195;65.20485187278753;65.54045549235164;65.36122816321122;452.2714046006199;557.8294423661467;-0.165304753447856;-0.3792135314412661;65.35325539112091;65.59951627254486;66.24352723360062;65.28024792671204;False;False;False;False;0.12752742812175236;0.1450848629796791;0.21307568345055145;0.18049715180242148
65.55449474743276;65.20683121477393;66.23267625467349;65.40351853590613;65.55449474743276;65.20683121477393;66.23267625467349;65.40351853590613;65.55449474743276;65.20683121477393;452.5296366933024;557.7793232221915;-0.1793440085289717;-0.224816583003971;65.52887797355652;65.33171093463898;66.22646391391754;65.25035679340363;False;False;False;False;0.12684825406705402;0.14442361381545862;0.2127693085415164;0.1810356064472451
65.38405371018658;65.0970546087008;66.40109604661198;65.43479419471745;65.38405371018658;65.0970546087008;66.40109604661198;65.43479419471745;65.38405371018658;65.0970546087008;452.7192143610481;558.0962927622132;-0.0089029712827937;-0.115039976930845;65.56168556213379;65.18416321277618;66.21134132146835;65.27898907661438;False;False;False;False;0.1279697243395606;0.1446555154674332;0.21303063941202888;0.18160625556590854
65.45232303222834;64.88963041835714;66.42820886074743;65.37202269412421;65.45232303222834;64.88963041835714;66.42820886074743;65.37202269412421;65.45232303222834;64.88963041835714;453.11872407814457;557.9585670552921;-0.0771722933245513;0.0923842134128136;65.41635036468506;65.0871889591217;66.24693989753723;65.3558149933815;False;False;False;False;0.12671835595272496;0.14539605066912506;0.21360345624721452;0.18130339959153247
65.46084682837908;64.85910179054369;66.33410602895523;65.28043910491824;65.46084682837908;64.85910179054369;66.33410602895523;65.28043910491824;65.46084682837908;64.85910179054369;453.1920992288932;557.9312298238807;-0.0856960894752916;0.1229128412262667;65.44402074813843;64.89914512634277;66.31819278001785;65.44242978096008;False;False;False;False;0.12454181303147202;0.14510571330438618;0.21258128557577233;0.1814898669282648
65.47547595348475;64.9523144903668;66.28938192825419;65.35070057672921;65.47547595348475;64.9523144903668;66.28938192825419;65.35070057672921;65.47547595348475;64.9523144903668;453.0220622080772;557.890545428406;-0.1003252145809625;0.0297001414031541;65.4552354812622;64.86467468738556;66.34145200252533;65.42071461677551;False;False;False;False;0.12382945554188657;0.14261907043626726;0.21142454920263995;0.18160848601641513
65.50180133647716;64.90383754789752;66.27203027612853;65.68654789682937;65.50180133647716;64.90383754789752;66.27203027612853;65.68654789682937;65.50180133647716;64.90383754789752;453.1229761118695;557.8245179671437;-0.1266505975733736;0.0781770838724327;65.47455704212189;64.9467351436615;66.34331732988358;65.38210660219193;False;False;False;False;0.12313671817413906;0.1425448833379242;0.21143378848889308;0.18391166656971455
65.44422899815578;64.81228183435279;66.19074763099559;65.60606437014431;65.44422899815578;64.81228183435279;66.19074763099559;65.60606437014431;65.44422899815578;64.81228183435279;453.31651115014193;557.9227758974433;-0.0690782592519951;0.1697327974171685;65.53957414627075;64.93479442596436;66.30857110023499;65.44253796339035;False;False;False;False;0.12316349710695332;0.14234321635127806;0.21173166128627666;0.18432668947644143
65.80204729818753;65.01058367267434;66.3405651075296;65.50787274253581;65.80204729818753;65.01058367267434;66.3405651075296;65.50787274253581;65.80204729818753;65.01058367267434;452.9425385131544;557.1979288628129;-0.4268965592837475;-0.0285690409043866;65.46964800357819;64.82593476772308;66.25313580036163;65.56538075208664;False;False;False;False;0.12662238122844421;0.1432434550235572;0.21187774842965362;0.18129469761840541
65.89953454746609;64.65488631936294;66.37003664114499;65.46486632586841;65.89953454746609;64.65488631936294;66.37003664114499;65.46486632586841;65.89953454746609;64.65488631936294;453.6501240143233;556.946034823018;-0.5243838085623054;0.3271283124070123;65.77114593982697;64.9998322725296;66.2567549943924;65.64258694648743;False;False;False;False;0.1271382429690995;0.14692139976383609;0.21214631858194916;0.18111383658108332
65.8784886283467;64.69100180486532;66.55225125639127;65.59084526676723;65.8784886283467;64.69100180486532;66.55225125639127;65.59084526676723;65.8784886283467;64.69100180486532;453.6215101516395;556.9182088201151;-0.5033378894429177;0.2910128269046339;65.88144719600677;64.68110084533691;66.27616882324219;65.58371931314468;False;False;False;False;0.12700565879107786;0.14691480184725736;0.2137697910798535;0.17760704798576094
65.93880135251848;64.7601953497946;66.83813962015638;65.51112371806278;65.93880135251848;64.7601953497946;66.83813962015638;65.51112371806278;65.93880135251848;64.7601953497946;453.5219247720349;556.7304716531792;-0.5636506136146977;0.2218192819753568;65.88409531116486;64.71516335010529;66.34058982133865;65.55773586034775;False;False;False;False;0.12648482324556604;0.14694992743433127;0.21895224450536876;0.17735757556482856
65.89810217303133;64.62813789178183;66.65797224999139;65.39654604067555;65.89810217303133;64.62813789178183;66.65797224999139;65.39654604067555;65.89810217303133;64.62813789178183;453.8156155923238;556.7367165970048;-0.522951434127549;0.3538767399881237;65.93858909606934;64.76205849647522;66.48209899663925;65.5684295296669;False;False;False;False;0.12653989834161639;0.14750360658705505;0.2186280229783062;0.177548815526339
65.80374959326093;64.67736248946301;66.65141312278605;65.55100548255254;65.80374959326093;64.67736248946301;66.65141312278605;65.55100548255254;65.80374959326093;64.67736248946301;453.7643499622932;556.8556948986619;-0.4285988543571477;0.3046521423069492;65.9101927280426;64.64956200122833;66.54302209615707;65.57401895523071;False;False;False;False;0.12665285974042753;0.1467528446241071;0.21750159715497486;0.17751372658288686
65.69898806213226;64.4955827449342;66.70431868109011;65.56685216097117;65.69898806213226;64.4955827449342;66.70431868109011;65.56685216097117;65.69898806213226;64.4955827449342;454.1685297369917;557.008071447005;-0.3238373232284743;0.48643188683576;65.79055738449097;64.71088004112244;66.59294992685318;65.52177339792252;False;False;False;False;0.12695192419965778;0.148159032107554;0.21519903301750204;0.17756513526231185
65.78991164490648;64.67516325956572;66.51463104183024;65.5933770944578;65.78991164490648;64.67516325956572;66.51463104183024;65.5933770944578;65.78991164490648;64.67516325956572;453.8742262926401;556.7830459716928;-0.414760906002698;0.3068513722042354;65.73172152042389;64.53320050239563;66.62687659263611;65.53470939397812;False;False;False;False;0.12680370869899069;0.1477618424703876;0.21448211041032872;0.1773009130354483
65.98088858976912;64.61605514797394;66.36504593070663;65.44330212477783;65.98088858976912;64.61605514797394;66.36504593070663;65.44330212477783;65.98088858976912;64.61605514797394;454.0333560321176;556.3457906278338;-0.6057378508653386;0.3659594837960185;65.79473352432251;64.686030626297;66.55593514442444;65.61514794826508;False;False;False;False;0.12449835503827207;0.1475355193900802;0.21363275569123563;0.17784828603698685
66.19430477129906;64.70299333521956;66.3442677238956;65.30931987030505;66.19430477129906;64.70299333521956;66.3442677238956;65.30931987030505;66.19430477129906;64.70299333521956;453.9082742554658;555.8381932179919;-0.8191540323952751;0.2790212965503968;65.97783374786377;64.6226418018341;66.48120403289795;65.60908317565918;False;False;False;False;0.12588414890926827;0.1475766310594526;0.21302305843510574;0.18005630682252688
66.22742848232855;64.73252661212423;66.35658635426917;65.4801731113523;66.22742848232855;64.73252661212423;66.35658635426917;65.4801731113523;66.22742848232855;64.73252661212423;453.8864105411965;555.6627252582803;-0.8522777434247644;0.2494880196457245;66.16091322898865;64.68939089775085;66.40395194292068;65.54082989692688;False;False;False;False;0.1254830821725221;0.14737810422847572;0.2127203804848365;0.17932324467895003
66.2664919463203;64.71882233719191;66.25453283102281;65.2421928551928;66.2664919463203;64.71882233719191;66.25453283102281;65.2421928551928;66.2664919463203;64.71882233719191;453.9470841603473;555.4709612978402;-0.8913412074165166;0.2631922945780474;66.19300174713135;64.74673330783844;66.31974995136261;65.47617614269257;False;False;False;False;0.12563207059811365;0.14695722936047342;0.21264918085552992;0.18064414993318728
66.00464957698085;64.52560570163959;66.20155012509613;65.21770382219161;66.00464957698085;64.52560570163959;66.20155012509613;65.21770382219161;66.00464957698085;64.52560570163959;454.3686097373957;555.8758005421969;-0.629498838077069;0.4564089301303653;66.24542474746704;64.70773756504059;66.25693529844284;65.43082803487778;False;False;False;False;0.1273247383684213;0.14581853958454652;0.21233900044239973;0.18151889511224914
65.72195616329105;64.69459757391645;66.06034353455297;65.32031974170765;65.72195616329105;64.69459757391645;66.06034353455297;65.32031974170765;65.72195616329105;64.69459757391645;454.09148051685935;556.3572541911662;-0.34680542438727;0.2874170578535029;65.97685885429382;64.529128074646;66.22053354978561;65.42822510004044;False;False;False;False;0.12895020007920863;0.14663497806731474;0.21213109206988756;0.17886761488590158
65.6715790955027;64.55971615234083;65.86069304270231;65.28246727196382;65.6715790955027;64.55971615234083;65.86069304270231;65.28246727196382;65.6715790955027;64.55971615234083;454.3995656343911;556.4117676034913;-0.2964283565989092;0.4222984794291307;65.69974708557129;64.69748389720917;66.15723699331284;65.34339368343353;False;False;False;False;0.1285520352899921;0.1467986543984714;0.21222196102989416;0.17655356321327095
65.80693628209946;64.5565248385526;66.04949924345537;65.46523412858399;65.80693628209946;64.5565248385526;66.04949924345537;65.46523412858399;65.80693628209946;64.5565248385526;454.4622547258914;556.1015294494179;-0.4317855431956729;0.425489793217352;65.6730135679245;64.56260287761688;66.05192303657532;65.35986363887787;False;False;False;False;0.128427785421772;0.14638568651178976;0.21138912626413314;0.17682045628757767
66.0028894051448;64.55704588051024;65.91054806282838;65.40907312828524;66.0028894051448;64.55704588051024;65.91054806282838;65.40907312828524;66.0028894051448;64.55704588051024;454.5179446144051;555.6520517975678;-0.6277386662410152;0.424968751259712;65.7884658575058;64.5678334236145;66.01197093725204;65.4164856672287;False;False;False;False;0.12903243383238028;0.1459478424048316;0.2110206241023432;0.17668676414876658
65.95919596443127;64.41507399424493;65.83755544980805;65.80322210900277;65.95919596443127;64.41507399424493;65.83755544980805;65.80322210900277;65.95919596443127;64.41507399424493;454.8585508871037;555.6557401901626;-0.5840452255274897;0.5669406375250219;65.96945035457611;64.55841290950775;65.94811052083969;65.45332670211792;False;False;False;False;0.12798416197733148;0.14658213410436413;0.2106886024136527;0.17935154873960651
65.76632929095992;64.23822330984648;65.85607701994904;65.80690226558254;65.76632929095992;64.23822330984648;65.85607701994904;65.80690226558254;65.76632929095992;64.23822330984648;455.287844340904;555.9636008403684;-0.3911785520561324;0.7437913219234815;65.93886911869049;64.44544970989227;65.8936619758606;65.59617668390274;False;False;False;False;0.12903172858325854;0.1478935921558187;0.2079176714113601;0.1804562934713982
65.72518160235464;64.16196286052944;65.81759618334404;65.87634314817386;65.72518160235464;64.16196286052944;65.81759618334404;65.87634314817386;65.72518160235464;64.16196286052944;455.5395374157945;555.9937390773048;-0.3500308634508542;0.8200517712405144;65.77389776706696;64.29394364356995;65.89069187641144;65.7072964310646;False;False;False;False;0.1274925298913559;0.1484276796420915;0.20485431110820326;0.18114721928575186
65.71372347287682;64.17479436018496;65.72843950303802;65.60903431709646;65.71372347287682;64.17479436018496;65.72843950303802;65.60903431709646;65.71372347287682;64.17479436018496;455.62321465264887;555.9699845544669;-0.338572733973038;0.8072202715849954;65.70444869995117;64.21746289730072;65.84309488534927;65.89551091194153;False;False;False;False;0.1269274493351488;0.14810371999427913;0.20280576799421193;0.1825653497690392
65.56920553205308;64.24104154389335;65.81030692434253;65.69743485665882;65.56920553205308;64.24104154389335;65.81030692434253;65.69743485665882;65.56920553205308;64.24104154389335;455.5983496547768;556.213877404918;-0.1940547931492915;0.7409730878766112;65.6906065940857;64.23111832141876;65.80117255449295;65.85957795381546;False;False;False;False;0.1261345265195634;0.1481035963785046;0.20201704110765753;0.18163916102984698
65.54044272567464;64.2069585420482;65.90215907581937;65.66389338015;65.54044272567464;64.2069585420482;65.90215907581937;65.66389338015;65.54044272567464;64.2069585420482;455.765312070184;556.2455290452549;-0.1652919867708533;0.7750560897217582;65.55033254623413;64.29085648059845;65.79834669828415;65.80897152423859;False;False;False;False;0.12576302463572328;0.1482919070942437;0.20139374953557973;0.18101033551983048
65.68130543848973;64.08890960911401;66.01485482030597;65.82864720999768;65.68130543848973;64.08890960911401;66.01485482030597;65.82864720999768;65.68130543848973;64.08890960911401;456.1047507480152;555.9417646880553;-0.3061546995859459;0.8931050226559449;65.52936542034149;64.26319301128387;65.80786019563675;65.72883784770966;False;False;False;False;0.12565021271148966;0.14920963933308642;0.20219087594105584;0.18090303142697983
65.60430438198215;64.10046584670837;66.28816481814911;65.77494605058584;65.60430438198215;64.10046584670837;66.28816481814911;65.77494605058584;65.60430438198215;64.10046584670837;456.2007189425139;556.054946174459;-0.2291536430783622;0.8815487850615824;65.66295349597931;64.16478061676025;65.85688978433609;65.80124467611313;False;False;False;False;0.12565729080792606;0.14927228048543995;0.20631294455301427;0.1805780081817203
65.61557707733144;64.34381681221312;66.30940832492422;65.79021978987278;65.61557707733144;64.34381681221312;66.30940832492422;65.79021978987278;65.61557707733144;64.34381681221312;455.8315568495126;556.0018469646833;-0.2404263384276532;0.6381978195568365;65.61236274242401;64.16549277305603;65.98933130502701;65.82118630409241;False;False;False;False;0.1250027721347051;0.15023624025533594;0.20831471752031325;0.1803625612128665
65.91172374531203;64.30890158803997;66.07472810696784;65.85197354451563;65.91172374531203;64.30890158803997;66.07472810696784;65.85197354451563;65.91172374531203;64.30890158803997;455.98648034046647;555.3774967835984;-0.536573006408247;0.6731130437299839;65.62376415729523;64.40289664268494;66.09933972358704;65.8763462305069;False;False;False;False;0.127971804682767;0.14820872381074407;0.2082557882129181;0.17687098748371205
65.97811643174666;64.39772854032992;66.17227448980853;66.02095664652909;65.97811643174666;64.39772854032992;66.17227448980853;66.02095664652909;65.97811643174666;64.39772854032992;455.8985748417172;555.1731683432081;-0.6029656928428722;0.5842860914400347;65.89152109622955;64.3706214427948;66.12595587968826;65.876644551754;False;False;False;False;0.12640635225310587;0.1479355185921124;0.20821967940388547;0.17700291639085575
66.04782090402556;64.56459673300361;66.09447288969447;66.2696390583711;66.04782090402556;64.56459673300361;66.09447288969447;66.2696390583711;66.04782090402556;64.56459673300361;455.6427432685618;554.953363972938;-0.6726701651217724;0.4174178987663453;65.97674477100372;64.45597648620605;66.14674985408783;65.94210147857666;False;False;False;False;0.12652046029588498;0.14829453052117117;0.20768590795048508;0.1793213497538308
65.9652241667138;64.55687186182023;65.92064685029749;66.37458196678838;65.9652241667138;64.55687186182023;65.92064685029749;66.37458196678838;65.9652241667138;64.55687186182023;455.71384873076414;555.028868092212;-0.5900734278100117;0.4251427699497299;66.01604127883911;64.6216288805008;66.0899868607521;66.05398833751678;False;False;False;False;0.1237539185034505;0.14811639913641092;0.20457640614664802;0.18004552817220681
66.08037799755746;64.72288149106834;65.82949677914694;66.31355916037911;66.08037799755746;64.72288149106834;65.82949677914694;66.31355916037911;66.08037799755746;64.72288149106834;455.4385151749279;554.7198839734833;-0.7052272586536787;0.2591331407016213;65.93844044208527;64.6001535654068;66.002978682518;66.23687893152237;False;False;False;False;0.12376342587696051;0.14855529386986438;0.20496381838753638;0.17993088754445463
65.83465954327554;64.75728338123253;65.80449963756296;66.66706321997205;65.83465954327554;64.75728338123253;65.80449963756296;66.66706321997205;65.83465954327554;64.75728338123253;455.4042624800264;555.1172905808934;-0.459508804371751;0.224731250537431;66.03760647773743;64.751580119133;65.93754798173904;66.3495722413063;False;False;False;False;0.12461618637661129;0.1485361104139482;0.2051202023234582;0.1808433945590216
66.01774554794368;64.73576563219606;65.81893087443302;66.58935358894236;66.01774554794368;64.73576563219606;65.81893087443302;66.58935358894236;66.01774554794368;64.73576563219606;455.4772621448376;554.6898507309742;-0.6425948090398919;0.2462489995738934;65.79160487651825;64.80019342899323;65.86345613002777;66.44394993782043;False;False;False;False;0.1256452644562183;0.14685249708168685;0.2017890693612506;0.18137151509380595
65.9936017501106;64.5319893546939;65.9937790175151;66.51379505642016;65.9936017501106;64.5319893546939;65.9937790175151;66.51379505642016;65.9936017501106;64.5319893546939;455.9176478997851;554.6524590187684;-0.6184510112068153;0.4500252770760511;65.98609960079193;64.79065191745758;65.80482125282288;66.51716977357864;False;False;False;False;0.12458038761303986;0.14880473976353067;0.20077063400854323;0.18135909534071992
65.85396649981102;64.39877604015238;65.94368361722792;66.67748973184545;65.85396649981102;64.39877604015238;65.94368361722792;66.67748973184545;65.85396649981102;64.39877604015238;456.24407789914494;554.84926938454;-0.4788157609072385;0.5832385916175724;65.97177004814148;64.57850193977356;65.82749038934708;66.61779910326004;False;False;False;False;0.1250766716645095;0.1497795821327202;0.19974428183555806;0.1814033440297065
65.75026892460863;64.63205293909814;66.0195667789333;66.55176222514903;65.75026892460863;64.63205293909814;66.0195667789333;66.55176222514903;65.75026892460863;64.63205293909814;455.8552892468024;554.9928224334905;-0.3751181857048493;0.3499616926718119;65.83924329280853;64.48384046554565;65.85628002882004;66.59989327192307;False;False;False;False;0.12534003002427696;0.14920264880761416;0.2003482213631949;0.18144789511296017
65.72230537919614;64.79708401784023;65.98758891804422;66.33271398315264;65.72230537919614;64.79708401784023;65.98758891804422;66.33271398315264;65.72230537919614;64.79708401784023;455.5718886483412;554.9987337662214;-0.3471546402923593;0.1849306139297226;65.75128507614136;64.6897988319397;65.90559154748917;66.59595280885696;False;False;False;False;0.12511869469184062;0.148792080040507;0.2001567206471381;0.18316911927532126
65.3767457413466;64.6553712706931;65.98321700321529;66.41130832463172;65.3767457413466;64.6553712706931;65.98321700321529;66.41130832463172;65.3767457413466;64.6553712706931;455.8799715578261;555.6435657565482;-0.0015950024428121;0.3266433610768615;65.70516777038574;64.83746409416199;65.93779057264328;66.5689268708229;False;False;False;False;0.12896281605142795;0.14945249749303763;0.20012611268438224;0.1835435487436653
65.3380808594002;64.89311596672734;65.86697756847599;66.58415620021903;65.3380808594002;64.89311596672734;65.86697756847599;66.58415620021903;65.3380808594002;64.89311596672734;455.4480346139012;555.7206828534487;0.0370698795035906;0.0888986650426204;65.39321565628052;64.71729290485382;65.93870848417282;66.46256387233734;False;False;False;False;0.12906468811503444;0.15015729325579777;0.20017377982081605;0.1837493673814051
65.3324702900594;64.96041080041675;65.84540795155324;66.40016404133098;65.3324702900594;64.96041080041675;65.84540795155324;66.40016404133098;65.3324702900594;64.96041080041675;455.3252981018614;555.7368466427307;0.0426804488443792;0.0216038313532038;65.35679197311401;64.93561029434204;65.91867506504059;66.43380045890808;False;False;False;False;0.12809139382416912;0.14729074263160105;0.20027794438608326;0.1829621250519075
65.12117219949327;64.8852124402867;65.58560945034557;66.11348595841037;65.12117219949327;64.8852124402867;65.58560945034557;66.11348595841037;65.12117219949327;64.8852124402867;455.4785753329686;556.1651335503756;0.2539785394105109;0.0968021914832633;65.3416223526001;65.00567471981049;65.87762475013733;66.4869573712349;False;False;False;False;0.1283382464812454;0.14773684587165195;0.2019999990335866;0.18638760242277194
65.15352534924847;64.88680502700723;65.74365988549133;66.05446222439357;65.15352534924847;64.88680502700723;65.74365988549133;66.05446222439357;65.15352534924847;64.88680502700723;455.488297118392;556.1342910561199;0.2216253896553155;0.0952096047627293;65.11063134670258;64.91732239723206;65.78856438398361;66.44676923751831;False;False;False;False;0.1282973250391184;0.14717861642852506;0.20189109873796543;0.18941371611685773
65.30386259219583;65.13461797360767;65.59972802177369;66.36401573693948;65.30386259219583;65.13461797360767;65.59972802177369;66.36401573693948;65.30386259219583;65.13461797360767;455.0053658391595;555.8631666221792;0.0712881467079569;-0.1526033418377181;65.1399507522583;64.91577708721161;65.74254423379898;66.26472771167755;False;False;False;False;0.12897992863680424;0.14864941101697113;0.20233866245341753;0.18874445568123707
65.04740688651492;65.30957815300636;65.49326228674884;66.55964955031602;65.04740688651492;65.30957815300636;65.49326228674884;66.55964955031602;65.04740688651492;65.30957815300636;454.6350983681171;556.3855831197687;0.3277438523888634;-0.3275635212363994;65.30990028381348;65.16284346580505;65.68615823984146;66.18046998977661;False;False;False;False;0.1307671735714907;0.14929964305907564;0.20228312605698728;0.19080250354366163
64.91436079419394;65.30735869363323;65.57712041240133;66.65035099212487;64.91436079419394;65.30735869363323;65.57712041240133;66.65035099212487;64.91436079419394;65.30735869363323;454.5958621506985;556.6953744847292;0.4607899447098447;-0.3253440618632766;65.0344375371933;65.33597004413605;65.61651825904846;66.28053545951843;False;False;False;False;0.13126589339678907;0.14893441218147116;0.20211249348503707;0.19369076212216285
64.99124387398683;65.6713758284593;65.46923194438806;66.70277643582412;64.99124387398683;65.6713758284593;65.46923194438806;66.70277643582412;64.99124387398683;65.6713758284593;453.8244486727979;556.603046984438;0.3839068649169519;-0.6893611966893474;64.92500054836273;65.34189546108246;65.61622649431229;66.47525727748871;False;False;False;False;0.13120045244458275;0.15165426547782057;0.20250819533629205;0.19485488178212068
65.28059637668154;65.43749606825888;65.49698083916704;66.79101183388173;65.28059637668154;65.43749606825888;65.49698083916704;66.79101183388173;65.28059637668154;65.43749606825888;424.2362641034336;556.0755295610376;0.0945543622222402;-15.43749606825888;64.99955224990845;65.68402779102325;65.5607059597969;66.59461200237274;False;False;False;False;0.1326502214276568;0.15327359168776247;0.20221611040871826;0.19575261158129795
65.03614499564362;65.3697160606217;65.21138120574625;66.11293562129607;65.03614499564362;65.3697160606217;65.21138120574625;66.11293562129607;65.03614499564362;65.3697160606217;422.3134913096068;556.5770395714097;0.3390057432601594;-15.369716060621698;65.08029556274414;65.43227708339691;65.5371943116188;66.39427125453949;False;False;False;False;0.13253956861288066;0.1506487858014258;0.2020716610645033;0.19672917808855456
64.88793491540278;65.3100699585289;65.29958508311547;65.73650794243615;64.88793491540278;65.3100699585289;65.29958508311547;65.73650794243615;64.88793491540278;65.3100699585289;420.3834880390428;556.9186604976594;0.4872158235010033;-15.3100699585289;64.83382380008698;65.35181379318237;65.46701341867447;66.01678669452667;False;False;False;False;0.130514658630983;0.14971483336097824;0.19807917059836735;0.19846253090689236
64.61870274961348;65.31082046976249;65.22976899495072;65.52555722282577;64.61870274961348;65.31082046976249;65.22976899495072;65.52555722282577;64.61870274961348;65.31082046976249;418.3406443554384;557.5220869390381;0.756447989290308;-15.31082046976249;64.68042325973511;65.28658926486969;65.41151911020279;65.50625085830688;False;False;False;False;0.13028608599888358;0.14936043107850036;0.19761598318699466;0.19831218816267535
64.47177768166203;65.13706464831104;65.29804426036424;65.13405074053074;64.47177768166203;65.13706464831104;65.29804426036424;65.13405074053074;64.47177768166203;65.13706464831104;416.6467132690397;557.9167968068464;0.9033730572417512;-15.13706464831104;64.4326343536377;65.28133451938629;65.37326842546463;65.01468628644943;False;False;False;False;0.12929528610884514;0.14983838951011794;0.197506166099026;0.19156733403866313
64.39091787941393;65.2431623391306;65.08397478040968;64.78555132635918;64.39091787941393;65.2431623391306;65.08397478040968;64.78555132635918;64.39091787941393;65.2431623391306;414.41624260095904;558.1989661523081;0.9842328594898504;-15.243162339130606;64.2834963798523;65.1077550649643;65.34651786088943;64.67533111572266;False;False;False;False;0.12969985116322363;0.15025044941990365;0.1987327198912573;0.19115114348121778
64.1358046603874;65.32493973573136;65.12599911914538;64.19450697577867;64.1358046603874;65.32493973573136;65.12599911914538;64.19450697577867;64.1358046603874;65.32493973573136;412.2202661625401;558.8404236382931;1.239346078516391;-15.324939735731364;64.1560480594635;65.19801914691925;65.32017052173615;64.35382604598999;False;False;False;False;0.1296148265326406;0.15066809523147348;0.19954492207266858;0.19174718547501235
64.06868201183168;65.02489089406164;65.08155589299705;63.71230427665554;64.06868201183168;65.02489089406164;65.08155589299705;63.71230427665554;64.06868201183168;65.02489089406164;410.777038547782;559.1399150792067;1.306468727072101;-15.024890894061642;63.9144092798233;65.22842752933502;65.28659135103226;63.928072452545166;False;False;False;False;0.13023313095863207;0.149742376808197;0.2005002349380462;0.19251185608367002
64.38131238011982;64.79542356419576;65.36549231705288;63.17459460507019;64.38131238011982;64.79542356419576;65.36549231705288;63.17459460507019;64.38131238011982;64.79542356419576;409.23265442163887;558.6888501729068;0.993838358783961;-14.795423564195758;63.85187780857086;64.94596421718597;65.26643007993698;63.45420390367508;False;False;False;False;0.1392217500269982;0.15042166275769497;0.20019527363600706;0.19398271029548425
64.43888751486517;64.86104578743478;65.55668804779047;62.79894532619954;64.43888751486517;64.86104578743478;65.55668804779047;62.79894532619954;64.43888751486517;64.86104578743478;407.1286868332681;558.7062116845873;0.936263224038612;-14.861045787434776;64.14199161529541;64.70445680618286;65.29228895902634;62.91328519582749;False;False;False;False;0.1419427531779655;0.1511360208647474;0.2016298298810859;0.19419591084245277
64.24355988321652;64.80933131751688;65.64417137610414;62.578059495346594;64.24355988321652;64.80933131751688;65.64417137610414;62.578059495346594;64.24355988321652;64.80933131751688;405.2506430014459;559.2217020444231;1.1315908556872645;-14.80933131751688;64.20625507831573;64.7388926744461;65.40176302194595;62.42906719446182;False;False;False;False;0.14197145346135426;0.15116581192618012;0.2025280083869377;0.19360104636783926
64.09461287032623;64.7463505781205;65.69831371008311;62.07914576842212;64.09461287032623;64.7463505781205;65.69831371008311;62.07914576842212;64.09461287032623;64.7463505781205;403.4020269712364;559.6704748509619;1.2805378685775537;-14.7463505781205;64.01813173294067;64.68046128749847;65.53147047758102;61.99410170316696;False;False;False;False;0.14213531620534078;0.15116114476141143;0.201152575461204;0.1905454887243666
63.70699989878685;64.84174916148616;65.87725766090507;61.47833888918513;63.70699989878685;64.84174916148616;65.87725766090507;61.47833888918513;63.70699989878685;64.84174916148616;401.2450497274223;560.6164391765177;1.6681508401169367;-14.841749161486163;63.88281857967377;64.60948419570923;65.67350745201111;61.62703543901444;False;False;False;False;0.14311384150962458;0.15267740281180966;0.19017764016439642;0.19092772556663762
63.50629798070537;64.79966255440213;66.05001220193401;61.01185318333528;63.50629798070537;64.79966255440213;66.05001220193401;61.01185318333528;63.50629798070537;64.79966255440213;399.3503230533922;561.2402631246963;1.868852758198415;-14.799662554402133;63.47862493991852;64.66824400424957;65.79904168844223;61.21336877346039;False;False;False;False;0.14278215242616324;0.15300614924326558;0.18750840840065;0.19131349075648657
63.27316923209036;64.62564219787296;65.96262676100181;60.6261685242692;63.27316923209036;64.62564219787296;65.96262676100181;60.6261685242692;63.27316923209036;64.62564219787296;397.7250754258636;561.9557009896861;2.101981506813424;-14.625642197872963;63.30631768703461;64.62876427173615;65.93504339456558;60.68917244672775;False;False;False;False;0.14255930670360153;0.15297984686719676;0.17962195387401264;0.18629766253090832
62.977892639951534;64.40934784909317;65.97767609291256;60.23802353999707;62.977892639951534;64.40934784909317;65.97767609291256;60.23802353999707;62.977892639951534;64.40934784909317;396.2075784970402;562.8265183748722;2.39725809895225;-14.409347849093166;63.05386865139008;64.45737314224243;66.01617366075516;60.16945749521256;False;False;False;False;0.14222552326995824;0.15153800165861547;0.17919810999577676;0.18625937772632642
62.532333322336456;64.25281255444118;66.02759959544517;59.87222982074827;62.532333322336456;64.25281255444118;66.02759959544517;59.87222982074827;62.532333322336456;64.25281255444118;394.599402706465;564.037271423296;2.8428174165673283;-14.252812554441178;62.79659700393677;64.23766601085663;66.09099000692368;59.73568856716156;False;False;False;False;0.14405254831645734;0.1512765819938442;0.17926897541193973;0.18670658899757053
62.62233281487992;64.00825956423091;66.060827952267;59.53134138511125;62.62233281487992;64.00825956423091;66.060827952267;59.53134138511125;62.62233281487992;64.00825956423091;393.1881336796268;564.236314760418;2.7528179240238657;-14.008259564230912;62.37245953083038;64.10153698921204;66.14902824163437;59.34869050979614;False;False;False;False;0.14598971719560688;0.15146882846025486;0.1792636192360001;0.18501114376789365
62.54647365908436;63.81589120883657;65.87024767237276;59.17055149905288;62.54647365908436;63.81589120883657;65.87024767237276;59.17055149905288;62.54647365908436;63.81589120883657;391.705102448518;564.755075461879;2.828677079819421;-13.815891208836568;62.43893551826477;63.84638452529907;66.16464585065842;58.96806210279465;False;False;False;False;0.14607101885317156;0.15112824491760998;0.18094567793345975;0.18479092635636382
62.21460699420023;63.59984630055181;65.71278411137331;58.85920635278373;62.21460699420023;63.59984630055181;65.71278411137331;58.85920635278373;62.21460699420023;63.59984630055181;390.29507343724265;565.7959657356231;3.1605437447035527;-13.59984630055181;62.35114669799805;63.647717118263245;66.15521758794785;58.60696226358414;False;False;False;False;0.14656401521817194;0.14891506364097168;0.18466333200302076;0.1859912057487645
62.173565414924624;63.58023264142013;65.75187213093926;58.57000553880395;62.173565414924624;63.58023264142013;65.75187213093926;58.57000553880395;62.173565414924624;63.58023264142013;388.5209879154325;566.2994547268014;3.20158532397916;-13.580232641420132;62.050803422927856;63.45676589012146;66.10433250665665;58.26624989509583;False;False;False;False;0.1468338042755293;0.14806717814747608;0.1864034773481594;0.18717346772362645
62.12711955178731;63.36905898450808;65.80394535112973;58.30469456251789;62.12711955178731;63.36905898450808;65.80394535112973;58.30469456251789;62.12711955178731;63.36905898450808;387.1326375437338;566.8192244962733;3.2480311871164744;-13.36905898450808;61.96874988079071;63.41968536376953;66.05801075696945;57.91763037443161;False;False;False;False;0.14692974514783158;0.14812977433856003;0.18745055404956235;0.19066665156101772
61.7790777169148;63.55072482825149;65.74071930773773;57.78768534923532;61.7790777169148;63.55072482825149;65.74071930773773;57.78768534923532;61.7790777169148;63.55072482825149;384.9867646583126;567.9483789909672;3.5960730219889854;-13.55072482825149;61.955108284950256;63.20002317428589;66.02610349655151;57.609516978263855;False;False;False;False;0.14671942995766085;0.15077321778036173;0.18939317968242364;0.1911353113905728
61.81722049313252;63.360714956651;65.91765241959479;57.14743368001967;61.81722049313252;63.360714956651;65.91765241959479;57.14743368001967;61.81722049313252;63.360714956651;383.5600210910801;568.3515698414636;3.557930245771267;-13.360714956650996;61.59918224811554;63.36841011047363;66.02014034986496;57.25871413946152;False;False;False;False;0.14816852538600542;0.1507605453768712;0.18325430638442064;0.19129327719217018
61.32964523128192;63.35759142691275;66.23225556509512;56.97063319774061;61.32964523128192;63.35759142691275;66.23225556509512;56.97063319774061;61.32964523128192;63.35759142691275;381.78483948966976;569.801111064601;4.0455055076218684;-13.357591426912748;61.64885687828064;63.15677523612976;66.08609229326248;56.82225704193115;False;False;False;False;0.15101708809752865;0.1517346127601324;0.1777355397438971;0.19169784272208792
61.33898317230216;63.48503016731276;66.3822109232765;56.23364232028693;61.33898317230216;63.48503016731276;66.3822109232765;56.23364232028693;61.33898317230216;63.48503016731276;379.74894981861473;570.32183591691;4.036167566601627;-13.485030167312756;61.16381275653839;63.16384148597717;66.22368067502975;56.338438987731934;False;False;False;False;0.15029078603942816;0.15458357294437486;0.1776326747806073;0.19171483804287512
61.06386640422577;63.46912891436044;66.71187223814067;55.60249162294007;61.06386640422577;63.46912891436044;66.71187223814067;55.60249162294007;61.06386640422577;63.46912891436044;377.982748302211;571.4102251286097;4.311284334678014;-13.46912891436044;61.20115256309509;63.23498451709747;66.37741446495056;55.83851486444473;False;False;False;False;0.15085945242003462;0.15560554260385115;0.1803195724923463;0.1922358133192184
61.01975137151678;62.98031734700426;66.85288968195687;55.10901390190549;61.01975137151678;62.98031734700426;66.85288968195687;55.10901390190549;61.01975137151678;62.98031734700426;377.1644875816753;572.073293105318;4.355399367387001;-12.98031734700426;60.90661370754242;63.21689367294312;66.6186448931694;55.37529408931732;False;False;False;False;0.15108407686653005;0.15683861516762582;0.18076265058175717;0.1925750746348243
60.64747994100329;62.67619715086652;67.12213321292707;54.81078335791062;60.64747994100329;62.67619715086652;67.12213321292707;54.81078335791062;60.64747994100329;62.67619715086652;376.0420189943502;573.3985558819967;4.727670797900494;-12.67619715086652;60.874998807907104;62.754234075546265;66.85256153345108;54.73518192768097;False;False;False;False;0.1511082091659319;0.15674702842196722;0.18246763210531738;0.19192655693943497
60.603632073737984;62.41000040161992;67.39537304821064;54.479754183369806;60.603632073737984;62.41000040161992;67.39537304821064;54.479754183369806;60.603632073737984;62.41000040161992;374.8842528727279;574.1166077229141;4.7715186651658;-12.410000401619918;60.54586851596832;62.46419286727905;67.07870870828629;54.23757880926132;False;False;False;False;0.15120602972694377;0.1559414968568768;0.18430377832631767;0.1923228996086318
60.70961879488147;62.219272787046606;67.51769306141213;53.99379672366584;60.70961879488147;62.219272787046606;67.51769306141213;53.99379672366584;60.70961879488147;62.219272787046606;373.6110413816585;574.5408367693159;4.665531944022312;-12.219272787046606;60.52238810062408;62.21746182441712;67.32869863510132;53.85160028934479;False;False;False;False;0.152239416113633;0.15580903587621736;0.18499798001667955;0.19188127260238186
60.828355112540976;62.22755743023832;67.8928593166652;53.635967849136776;60.828355112540976;62.22755743023832;67.8928593166652;53.635967849136776;60.828355112540976;62.22755743023832;371.96523572366885;574.9254350598666;4.546795626362808;-12.22755743023832;60.59059262275696;62.01228821277618;67.52819687128067;53.509894609451294;False;False;False;False;0.15363273210154654;0.1568795565728079;0.18606512127425953;0.19169028107917738
60.780198546652464;61.98464026946942;68.14377025016731;53.35121831548799;60.780198546652464;61.98464026946942;68.14377025016731;53.35121831548799;60.780198546652464;61.98464026946942;370.8207290545082;575.6279876084919;4.59495219225132;-11.984640269469423;60.72766196727753;61.99747467041016;67.77258098125458;53.12144428491592;False;False;False;False;0.15365082780435693;0.15633898555286269;0.18616026612093475;0.19257830409540347
60.75051580829496;61.825712278694645;68.2832966109467;53.06099124470948;60.75051580829496;61.825712278694645;68.2832966109467;53.06099124470948;60.75051580829496;61.825712278694645;369.5406330001285;576.3000133775071;4.624634930608821;-11.825712278694644;60.68916404247284;61.753623366355896;68.01753550767899;52.7129539847374;False;False;False;False;0.15374852670214453;0.15554539011073604;0.18484049461162352;0.1945307973757953
60.5779543996197;61.77006928526215;68.38176268104041;52.38998343772477;60.5779543996197;61.77006928526215;68.38176268104041;52.38998343772477;60.5779543996197;61.77006928526215;368.07515734983417;577.2617541856055;4.797196339284085;-11.770069285262151;60.659775495529175;61.61175560951233;68.23388069868088;52.38334834575653;False;False;False;False;0.15137997188099983;0.15626604802947291;0.18462369150706;0.19227348682158382
60.458854632662806;61.43339765978587;68.43257028405449;52.35496385087773;60.458854632662806;61.43339765978587;68.43257028405449;52.35496385087773;60.458854632662806;61.43339765978587;367.1791580294184;578.1395798980905;4.916296106240978;-11.433397659785868;60.493746280670166;61.535226464271545;68.44464957714081;52.03387647867203;False;False;False;False;0.1511133110028755;0.15517586974541384;0.1833339167194413;0.1945479456962251
60.413379819631096;61.14931146903474;68.69835417714931;51.87586635850525;60.413379819631096;61.14931146903474;68.69835417714931;51.87586635850525;60.413379819631096;61.14931146903474;366.2228773896159;578.8860356716526;4.961770919272688;-11.149311469034744;60.39101600646973;61.227084040641785;68.58005464076996;51.6623255610466;False;False;False;False;0.14973366567304508;0.15430637538583172;0.18114492260068313;0.19371279967798635
60.18293522263625;61.01352077880523;68.91901954795438;51.46531847820998;60.18293522263625;61.01352077880523;68.91901954795438;51.46531847820998;60.18293522263625;61.01352077880523;365.00788390753695;580.0084943215453;5.192215516267531;-11.01352077880523;60.34438705444336;60.94620060920715;68.72262269258499;51.26549273729324;False;False;False;False;0.1505221909958185;0.1527500522838874;0.18122921875405187;0.19398793259008834
60.2108682359355;60.74820298042929;68.9670070054477;51.05918997213934;60.2108682359355;60.74820298042929;68.9670070054477;51.05918997213934;60.2108682359355;60.74820298042929;364.0700500671148;580.6449236971158;5.164282502968284;-10.74820298042929;60.14520108699799;60.80622386932373;68.89599651098251;50.99301725625992;False;False;False;False;0.14990794757438328;0.15140354438912587;0.18117119595500952;0.19401945244570243
60.13814875854048;60.29621350659245;68.99488119242994;50.57598732498592;60.13814875854048;60.29621350659245;68.99488119242994;50.57598732498592;60.13814875854048;60.29621350659245;363.5409352840646;581.4789336523016;5.237001980363303;-10.296213506592451;60.15893602371216;60.55261671543121;69.04181331396103;50.57313829660416;False;False;False;False;0.14968326419936437;0.15327642588901322;0.18073885015802163;0.1938804543297284
60.176465069785046;59.888499219163286;69.17574709892821;50.38907953841684;60.176465069785046;59.888499219163286;69.17574709892821;50.38907953841684;60.176465069785046;59.888499219163286;362.9835353913773;582.1005679605277;5.198685669118738;-9.888499219163286;60.07683062553406;60.1165246963501;69.18158501386642;50.16400873661041;False;False;False;False;0.1498075257007953;0.15187795644146973;0.18072967915719793;0.19488592970441437
60.27455139515617;59.65977997281429;69.2674835389574;49.87023309211517;60.27455139515617;59.65977997281429;69.2674835389574;49.87023309211517;60.27455139515617;59.65977997281429;362.1225073215201;582.5975533990012;5.100599343747611;-9.659779972814292;60.14899349212647;59.71747863292694;69.30682748556137;49.798453748226166;False;False;False;False;0.1486525527713343;0.15168807929135852;0.18076763231208318;0.19368915271067202
60.21809378505821;59.560005087529895;69.4657169877812;49.55769908448328;60.21809378505821;59.560005087529895;69.4657169877812;49.55769908448328;60.21809378505821;59.560005087529895;361.034086429047;583.3905485316968;5.157056953845576;-9.560005087529897;60.227251172065735;59.483386635780334;69.40573245286942;49.43000078201294;False;False;False;False;0.14808732419550547;0.1518497818372305;0.18083048052482095;0.1930149716605415
60.04925549450167;59.40488876757329;69.52803616163811;49.36759780072092;60.04925549450167;59.40488876757329;69.52803616163811;49.36759780072092;60.04925549450167;59.40488876757329;360.06965172395627;584.415832706656;5.325895244402119;-9.40488876757329;60.16709816455841;59.394826889038086;69.53715771436691;49.10211950540543;False;False;False;False;0.1484305550007341;0.1507512107823731;0.18081478635112994;0.19397496458151509
60.10328109290511;59.33601773185369;69.83035025673131;48.95574479363154;60.10328109290511;59.33601773185369;69.83035025673131;48.95574479363154;60.10328109290511;59.33601773185369;358.9534086263857;585.0179008757694;5.271869645998677;-9.336017731853689;59.99189043045044;59.23709809780121;69.67681795358658;48.74018043279648;False;False;False;False;0.14876006396153674;0.14901862895428472;0.18140606410051718;0.1950143350798746
60.00784741782852;59.48041893211177;70.22989264317522;48.65339242111513;60.00784741782852;59.48041893211177;70.22989264317522;48.65339242111513;60.00784741782852;59.48041893211177;357.4198038616224;585.9116841787225;5.367303321075269;-9.480418932111768;60.068108439445496;59.1677873134613;69.84784126281738;48.45355600118637;False;False;False;False;0.14866393023020527;0.1518037796921978;0.18502637601494656;0.1952422070498022
60.01263735358179;59.20624615958483;70.47253599273358;48.304138301551006;60.01263735358179;59.20624615958483;70.47253599273358;48.304138301551006;60.01263735358179;59.20624615958483;356.7040935490613;586.617744750026;5.362513385321996;-9.206246159584827;60.00743341445923;59.2945476770401;70.0883013010025;48.15769016742706;False;False;False;False;0.14863377140358794;0.15191644990472944;0.18848658375329283;0.19557804766355497
60.04224850670762;59.08018717259577;70.81094118914817;47.65856487217219;60.04224850670762;59.08018717259577;70.81094118914817;47.65856487217219;60.04224850670762;59.08018717259577;355.7287120350948;587.2735242284839;5.332902232196162;-9.080187172595773;59.99656784534454;59.01935112476349;70.33886164426804;47.79544949531555;False;False;False;False;0.14853008448093621;0.15202712258425366;0.1937302982172232;0.19599328866443058
59.89721167497648;59.04239395547318;70.9659271810996;47.22605430633709;59.89721167497648;59.04239395547318;70.9659271810996;47.22605430633709;59.89721167497648;59.04239395547318;354.59360684632725;588.2746515229056;5.477939063927302;-9.04239395547318;60.04534363746643;58.8912079334259;70.65032869577408;47.415178418159485;False;False;False;False;0.1488380959642384;0.1489835809581261;0.19603509936701688;0.1955683718504511
60.03255436732415;58.50967257473114;71.09622571864097;47.2073441831837;60.03255436732415;58.50967257473114;71.09622571864097;47.2073441831837;60.03255436732415;58.50967257473114;354.4533970804149;588.7343580134007;5.342596371579631;-8.509672574731141;59.923824191093445;58.84908699989319;70.92004388570786;46.975890547037125;False;False;False;False;0.14883875753688608;0.1523539604822247;0.19672852105588978;0.19520070341038825
59.89383475765593;58.67955932463542;71.07213122721774;47.1293847527637;59.89383475765593;58.67955932463542;71.07213122721774;47.1293847527637;59.89383475765593;58.67955932463542;352.9790005706422;589.7241434156144;5.481315981247853;-8.67955932463542;60.0565721988678;58.35170114040375;71.13269776105881;46.55475929379463;False;False;False;False;0.14944927912271397;0.1553908519534114;0.19639270616215646;0.20181286119910935
59.92162763709155;58.58727890644098;71.24441245566928;46.64601958861133;59.92162763709155;58.58727890644098;71.24441245566928;46.64601958861133;59.92162763709155;58.58727890644098;352.00628683041305;590.3993997875763;5.453523101812237;-8.587278906440979;59.89902317523956;58.51296651363373;71.28183543682098;46.33656024932861;False;False;False;False;0.1491130333397557;0.1552367416573254;0.1955379047997229;0.202622953449489
60.083508949097606;58.483035496971866;71.28105791899839;46.12208790357849;60.083508949097606;58.483035496971866;71.28105791899839;46.12208790357849;60.083508949097606;58.483035496971866;351.0698031284925;590.8027735771391;5.291641789806178;-8.483035496971866;59.91694808006287;58.41344785690308;71.39372557401657;46.18462949991226;False;False;False;False;0.14995625252293301;0.15453328836345084;0.19506205013474462;0.20179193465509734
60.1989878685321;58.27163005340339;71.53325174229367;45.99627602799858;60.1989878685321;58.27163005340339;71.53325174229367;45.99627602799858;60.1989878685321;58.27163005340339;350.3615426160332;591.2773679769109;5.176162870371684;-8.271630053403392;60.06382513046265;58.28344476222992;71.47970765829086;45.87084800004959;False;False;False;False;0.15049821610466316;0.15360107918671695;0.19426711398738;0.19998945942500845
60.28323711615094;58.07297520486259;71.44877948762885;45.75583643542157;60.28323711615094;58.07297520486259;71.44877948762885;45.75583643542157;60.28323711615094;58.07297520486259;349.65596830599435;591.7990245310561;5.091913622752841;-8.072975204862587;60.19410479068756;58.07098710536957;71.59745275974274;45.47343164682388;False;False;False;False;0.1505583002541553;0.15107505274530927;0.19460835041074404;0.2009657213621316
60.572491197073;58.03945825085016;71.64054230462246;45.36552227682243;60.572491197073;58.03945825085016;71.64054230462246;45.36552227682243;60.572491197073;58.03945825085016;348.6466055200375;591.8994381855791;4.802659541830785;-8.03945825085016;60.2533278465271;57.87627112865448;71.69369578361511;45.16164004802704;False;False;False;False;0.15218475553531632;0.14806944390886542;0.19435593434713333;0.20127587438644146
60.58926311925135;57.86153656683012;71.86615172084808;45.1188581753693;60.58926311925135;57.86153656683012;71.86615172084808;45.1188581753693;60.58926311925135;57.86153656683012;347.93052112129755;592.5062489467998;4.785887619652435;-7.861536566830118;60.551883816719055;57.826682925224304;71.79130584001541;44.94110032916069;False;False;False;False;0.15117645662857465;0.1463537177658124;0.1944380027900281;0.20186023121421634
60.65702613127549;57.54244823001805;72.30231576429303;44.96157885021398;60.65702613127549;57.54244823001805;72.30231576429303;44.96157885021398;60.65702613127549;57.54244823001805;347.52049291934435;593.0088412720386;4.718124607628297;-7.542448230018053;60.558562874794006;57.66177725791931;71.92772060632706;44.659332633018494;False;False;False;False;0.1514479841108958;0.14631161172749024;0.19769025361962606;0.20338331656989772
60.85470899467624;57.20189401211648;72.49142737709397;44.56754557916223;60.85470899467624;57.20189401211648;72.49142737709397;44.56754557916223;60.85470899467624;57.20189401211648;347.1959415911451;593.2425588262541;4.520441744227547;-7.201894012116476;60.63618099689484;57.37088906764984;72.12848097085953;44.38197255134583;False;False;False;False;0.1519334638770928;0.1469616854762834;0.1998790825261679;0.203610305023919
60.64881072208269;56.77478432691967;72.76797104001433;44.08019947385028;60.64881072208269;56.77478432691967;72.76797104001433;44.08019947385028;60.64881072208269;56.77478432691967;347.08990842658983;594.2570809373383;4.726340016821091;-6.774784326919672;60.835567474365234;57.038405418396;72.38373905420303;44.146120101213455;False;False;False;False;0.15293491101353746;0.14790100413407534;0.2024723779446669;0.20370143110715333
60.65785924288856;56.71414127399057;72.86015655500721;43.898048130694434;60.65785924288856;56.71414127399057;72.86015655500721;43.898048130694434;60.65785924288856;56.71414127399057;346.3078899555254;594.869162564636;4.717291496015221;-6.71414127399057;60.65484917163849;56.62823450565338;72.65205770730972;43.8625493645668;False;False;False;False;0.15292676542865255;0.148078427522521;0.20343658650757088;0.2031432369073907
60.84743246604456;56.60262463235889;72.91656628113694;43.43681445901114;60.84743246604456;56.60262463235889;72.91656628113694;43.43681445901114;60.84743246604456;56.60262463235889;345.6357044022567;595.1189883177927;4.527718272859225;-6.602624632358889;60.65316557884216;56.547518849372864;72.88714796304703;43.50628986954689;False;False;False;False;0.1540323301671447;0.1479358026916217;0.20339533974031052;0.20314155575045903
60.97314489283483;56.56240729893869;72.90131340883164;43.11756240048532;60.97314489283483;56.56240729893869;72.90131340883164;43.11756240048532;60.97314489283483;56.56240729893869;344.8357891181159;595.4712592339267;4.402005846068953;-6.562407298938688;60.81245005130768;56.41609835624695;73.02695900201797;43.15045982599258;False;False;False;False;0.15477068202395883;0.14853577138707372;0.2036344326157777;0.20108143584861193
60.92245767201323;56.63481900314223;73.24089448212118;42.90047743960675;60.92245767201323;56.63481900314223;73.24089448212118;42.90047743960675;60.92245767201323;56.63481900314223;343.8159780698503;596.1595677883791;4.4526930668905536;-6.634819003142233;60.95222282409668;56.37530148029328;73.1197139620781;42.86214873194695;False;False;False;False;0.15452952964540279;0.15012892343016707;0.2036523415635929;0.20050935201151066
61.04880399826457;56.56857792745766;73.32816552802315;43.05267141685681;61.04880399826457;56.56857792745766;73.32816552802315;43.05267141685681;61.04880399826457;56.56857792745766;343.0638176874672;596.5005675447952;4.326346740639217;-6.56857792745766;60.92750132083893;56.44834244251251;73.2415109872818;42.51302927732468;False;False;False;False;0.15168616995329756;0.14953314181975003;0.20364933119002732;0.2069331577289604
61.17755453553553;56.53837585935934;73.46065828588084;42.69243198617114;61.17755453553553;56.53837585935934;73.46065828588084;42.69243198617114;61.17755453553553;56.53837585935934;342.2484114333361;596.8199127023386;4.197596203368256;-6.538375859359341;61.00510215759277;56.38036954402924;73.36869090795517;42.32906505465508;False;False;False;False;0.15208288843879816;0.14664725582007826;0.2035516637002986;0.2091280034804881
61.21855608946359;56.25822942777007;73.5795526312882;42.69939128865374;61.21855608946359;56.25822942777007;73.5795526312882;42.69939128865374;61.21855608946359;56.25822942777007;341.9369208486001;597.2975890882649;4.156594649440194;-6.258229427770068;61.14865696430206;56.333847761154175;73.50541055202484;42.19473525881767;False;False;False;False;0.1522285864840772;0.14682135228958756;0.20196616088055927;0.21459103454130282
61.42261048604568;56.232706314377744;73.69217906888649;42.39966978995201;61.42261048604568;56.232706314377744;73.69217906888649;42.39966978995201;61.42261048604568;56.232706314377744;341.1535364850154;597.4436929150261;3.952540252858107;-6.232706314377744;61.1883510351181;56.07546293735504;73.66072446107864;42.13152229785919;False;False;False;False;0.1537700295633865;0.14752237556992176;0.19633852735286983;0.21606301095478017
61.26983861975976;56.29359489756597;73.99587553839409;42.28596799511051;61.26983861975976;56.29359489756597;73.99587553839409;42.28596799511051;61.26983861975976;56.29359489756597;340.2007318100553;598.2762420146456;4.105312119144024;-6.293594897565967;61.39601719379425;56.03104996681213;73.7692740559578;41.91440999507904;False;False;False;False;0.1541916240125789;0.14908535549751756;0.19681063201458768;0.21833390048090323
61.40152730582214;56.13392060641336;73.97510460408415;42.08503886333149;61.40152730582214;56.13392060641336;73.97510460408415;42.08503886333149;61.40152730582214;56.13392060641336;339.6809344060184;598.56023959174;3.9736234330816416;-6.133920606413362;61.24265813827515;56.11577582359314;73.93884837627411;41.79162621498108;False;False;False;False;0.15460111525456088;0.14907182895314222;0.19656950275664212;0.2201079795587908
61.403259951952855;56.08713825950664;74.14569993221306;41.65971702778354;61.403259951952855;56.08713825950664;74.14569993221306;41.65971702778354;61.403259951952855;56.08713825950664;338.9566430189767;599.0865907572228;3.9718907869509295;-6.087138259506638;61.35925471782684;55.94513142108917;74.06327456235886;41.57773643732071;False;False;False;False;0.15441140596142366;0.14827119308977524;0.19643975661567;0.22020478517495887
61.39254722706918;55.97814699602505;74.17757576661184;41.30624405849935;61.39254722706918;55.97814699602505;74.17757576661184;41.30624405849935;61.39254722706918;55.97814699602505;338.363007111339;599.6376016452502;3.982603511834604;-5.978146996025053;61.37792634963989;55.87491142749786;74.20136451721191;41.37299299240112;False;False;False;False;0.15431799316163233;0.1479797988429193;0.19616112159266155;0.22022570522558993
61.137293958791126;55.91127735386528;74.1005951670111;40.939612642235765;61.137293958791126;55.91127735386528;74.1005951670111;40.939612642235765;61.137293958791126;55.91127735386528;337.6996601295219;600.6791219833843;4.237856780112658;-5.91127735386528;61.36835026741028;55.75518620014191;74.31610673666;41.07914984226227;False;False;False;False;0.15486880197705682;0.1485765849629913;0.1963928568279022;0.22001796165877735
61.50393380760973;55.954320829985264;74.31548895537134;40.65385557223306;61.50393380760973;55.954320829985264;74.31548895537134;40.65385557223306;61.50393380760973;55.954320829985264;336.8254028634332;600.5108898564288;3.8712169312940494;-5.954320829985264;61.13554084300995;55.69296932220459;74.35655057430267;40.71777626872063;False;False;False;False;0.15745509354671325;0.15045683215463815;0.19599748299076825;0.2182387599099951
61.132098212619695;55.74796949097972;74.14306457827313;40.45256421319174;61.132098212619695;55.74796949097972;74.14306457827313;40.45256421319174;61.132098212619695;55.74796949097972;336.44419609744625;601.7707233039147;4.243052526284089;-5.74796949097972;61.470821261405945;55.727073311805725;74.44542407989502;40.39197996258736;False;False;False;False;0.16060795684100534;0.15041380431301557;0.19805484172759155;0.21823857674490982
61.16546998291476;55.40801615833615;74.254086462523;40.25921625494804;61.16546998291476;55.40801615833615;74.254086462523;40.25921625494804;61.16546998291476;55.40801615833615;336.35770683060275;602.2697201001624;4.209680755989027;-5.408016158336146;61.09919321537018;55.51742279529572;74.45920258760452;40.10598495602608;False;False;False;False;0.1605794206958032;0.150751606896273;0.19892092052495702;0.2175863476227926
61.15365591541092;55.525696994019526;74.31748810919997;40.16676810576536;61.15365591541092;55.525696994019526;74.31748810919997;40.16676810576536;61.15365591541092;55.525696994019526;335.4012763381245;602.8546390026353;4.221494823492861;-5.525696994019526;61.147260308265686;55.196568727493286;74.49339479207993;39.8791640996933;False;False;False;False;0.15893111028132667;0.15300084872490607;0.19955687801931588;0.2183640452458929
61.43960724508668;55.23292389811117;74.22492187270855;39.9335078653554;61.43960724508668;55.23292389811117;74.22492187270855;39.9335078653554;61.43960724508668;55.23292389811117;335.2500629307386;602.8456023197494;3.935543493817107;-5.232923898111167;61.11694180965424;55.30045711994171;74.55310493707657;39.70688849687576;False;False;False;False;0.160046537579214;0.15232140508034536;0.20141696946852955;0.21918914538464723
61.34666629436014;55.38141890186656;74.25334054897517;39.6194833238915;61.34666629436014;55.38141890186656;74.25334054897517;39.6194833238915;61.34666629436014;55.38141890186656;334.25534973681295;603.5562233537115;4.028484444543643;-5.38141890186656;61.39195168018341;55.0213748216629;74.54239815473557;39.55395951867104;False;False;False;False;0.16008224282664782;0.15558835365345436;0.2013180093938162;0.21920120067325685
61.30961607024637;55.23791192912336;74.25523684766532;39.488563981892696;61.30961607024637;55.23791192912336;74.25523684766532;39.488563981892696;61.30961607024637;55.23791192912336;333.82484116205046;604.1674550612115;4.065534668657413;-5.237911929123364;61.30358898639679;55.1436755657196;74.57472503185272;39.36608105897904;False;False;False;False;0.15957320132416927;0.1558465004365123;0.20360948193570838;0.21928203980117977
61.331376310575855;54.922057892294426;74.45387016360603;39.32129916442894;61.331376310575855;54.922057892294426;74.45387016360603;39.32129916442894;61.331376310575855;54.922057892294426;333.7581609784919;604.6660058697069;4.043774428327929;-4.922057892294426;61.288578391075134;55.009188652038574;74.58791345357895;39.14739027619362;False;False;False;False;0.15831071083112933;0.15606437730574307;0.20378088341256148;0.21990693865203192
61.441541636718654;54.98377370829958;74.42880680680061;39.06563134984316;61.441541636718654;54.98377370829958;74.42880680680061;39.06563134984316;61.441541636718654;54.98377370829958;332.9784549608423;604.9848451411983;3.9336091021851294;-4.98377370829958;61.2759393453598;54.71791672706604;74.64116543531418;38.93232688307762;False;False;False;False;0.15909316579831678;0.1575177847062217;0.20451283783348953;0.21773294878452418
61.59741539716721;54.78097925625253;74.69822582842126;38.898962525405466;61.59741539716721;54.78097925625253;74.69822582842126;38.898962525405466;61.59741539716721;54.78097925625253;332.7195407038298;605.197578833926;3.777735341736573;-4.780979256252529;61.38082683086395;54.75428855419159;74.69959706068039;38.772438168525696;False;False;False;False;0.15958213927488546;0.15629440132948638;0.20448148046005238;0.217139318716935
61.684361078511934;54.48536982607367;74.74289607226494;38.95886379446519;61.684361078511934;54.48536982607367;74.74289607226494;38.95886379446519;61.684361078511934;54.48536982607367;332.6732956633538;605.5273855168014;3.69078966039185;-4.485369826073672;61.55072104930878;54.56518340110779;74.81566697359085;38.584697395563126;False;False;False;False;0.16002263766024216;0.15597274433320435;0.20448042732206576;0.21945939595693148
61.35068887319704;54.420976045111686;74.89619612239575;38.97529991388225;61.35068887319704;54.420976045111686;74.89619612239575;38.97529991388225;61.35068887319704;54.420976045111686;332.20403391513463;606.6868352154834;4.024461865706741;-4.420976045111686;61.63545036315918;54.30553328990936;74.9307107925415;38.43205854296684;False;False;False;False;0.16230722794537078;0.1563077120443846;0.20421451228642212;0.22382845013325325
61.267405932877885;54.2999329593804;75.07392633975348;38.79830410298173;61.267405932877885;54.2999329593804;75.07392633975348;38.79830410298173;61.267405932877885;54.2999329593804;331.8566566139157;607.3899960115492;4.107744806025899;-4.299932959380399;61.322105050086975;54.24045050144196;75.04470229148865;38.384173065423965;False;False;False;False;0.16197793795690948;0.156407706894474;0.20423166394621517;0.22675824916555537
61.39345229379776;54.05408751396425;75.29006517648475;38.77069613187335;61.39345229379776;54.05408751396425;75.29006517648475;38.77069613187335;61.39345229379776;54.05408751396425;331.77502311016394;607.6856025971796;3.9816984451060256;-4.054087513964248;61.256431102752686;54.135998606681824;75.2015471458435;38.37642818689346;False;False;False;False;0.16250121008135957;0.15639813264334687;0.20416618483759885;0.229436521953153
61.51563726612565;54.0549861167716;75.3672305709628;38.60767902212755;61.51563726612565;54.0549861167716;75.3672305709628;38.60767902212755;61.51563726612565;54.0549861167716;331.2326809026873;607.9721257785379;3.859513472778133;-4.054986116771602;61.40927159786224;53.898449540138245;75.34906208515167;38.31287100911141;False;False;False;False;0.16217158833217682;0.15622740837195803;0.20321741005990648;0.2309559736162588
61.697516061021226;53.84819426696732;75.59061897808522;38.47746707029035;61.697516061021226;53.84819426696732;75.59061897808522;38.47746707029035;61.697516061021226;53.84819426696732;331.1055997867263;608.1229699851172;3.6776346778825584;-3.848194266967319;61.48684477806091;53.892499923706055;75.50719201564789;38.19517016410828;False;False;False;False;0.16331512532890086;0.15616416029004004;0.19917252995903909;0.2325055760412305
61.62245278649316;53.67287161022431;75.6027175855941;38.49180088245689;61.62245278649316;53.67287161022431;75.6027175855941;38.49180088245689;61.62245278649316;53.67287161022431;330.9431525312834;608.7634478245576;3.752697952410621;-3.6728716102243055;61.6592903137207;53.70146226882935;75.67080318927765;38.10717523097992;False;False;False;False;0.16335260214959282;0.1552597503399453;0.19692760521881564;0.23536143742029578
61.61557578990686;53.22409863255271;75.76874483436703;38.376987239331;61.61557578990686;53.22409863255271;75.76874483436703;38.376987239331;61.61557578990686;53.22409863255271;331.35098227193;609.2775615447183;3.759574948996921;-3.2240986325527103;61.61535096168518;53.549057364463806;75.79698324203491;37.995747327804565;False;False;False;False;0.1610287189352392;0.15806724735394898;0.19693202940675553;0.23814053389120152
61.66919167529522;53.0374378333912;75.94308311148963;38.35596095908205;61.66919167529522;53.0374378333912;75.94308311148963;38.35596095908205;61.66919167529522;53.0374378333912;331.2944240525793;609.6716064338078;3.70595906360856;-3.037437833391195;61.59419715404511;53.129815101623535;75.9159642457962;37.93120831251144;False;False;False;False;0.1609757955124672;0.15829135336217784;0.19689948247593422;0.2411674136944722
61.836971944357344;52.880872179248456;76.17401253908619;38.38517998833728;61.836971944357344;52.880872179248456;76.17401253908619;38.38517998833728;61.836971944357344;52.880872179248456;331.202563649746;609.8301737708314;3.53817879454644;-2.880872179248456;61.64877390861511;52.97581994533539;76.06420695781708;37.89872080087662;False;False;False;False;0.16183098437645535;0.1582114092163859;0.1971146197841994;0.24359338384760942
62.05432936010385;52.871390769283096;76.16346711471559;38.25509162307875;62.05432936010385;52.871390769283096;76.16346711471559;38.25509162307875;62.05432936010385;52.871390769283096;330.83741017911024;609.8672161119446;3.320821378799934;-2.871390769283096;61.83933103084564;52.81905221939087;76.21157109737396;37.85469546914101;False;False;False;False;0.16305217592612503;0.15816962566188367;0.19650577184677093;0.244664665445562
62.07829363784357;52.96794139667994;76.27760556439372;38.13348480101537;62.07829363784357;52.96794139667994;76.27760556439372;38.13348480101537;62.07829363784357;52.96794139667994;330.26145682174547;610.2620637403052;3.296857101060212;-2.96794139667994;62.04488146305084;52.80935859680176;76.34701550006866;37.82539442181587;False;False;False;False;0.16252080795275528;0.15845922084252653;0.19592017829564304;0.24631331970761686
62.29838073768256;52.97502059591482;76.60621902591856;37.60126465251708;62.29838073768256;52.97502059591482;76.60621902591856;37.60126465251708;62.29838073768256;52.97502059591482;329.8515729037184;610.2614704874352;3.076770001221228;-2.9750205959148204;62.05582308769226;52.88486099243164;76.4680814743042;37.76732996106148;False;False;False;False;0.1630136131320197;0.15869129381526587;0.19595219524279228;0.24495834203094333
62.34908399714937;52.77709593554475;76.60316575981263;37.262820293519255;62.34908399714937;52.77709593554475;76.60316575981263;37.262820293519255;62.34908399714937;52.77709593554475;329.85075281166985;610.5702999686644;3.0260667417544127;-2.77709593554475;62.28580117225647;52.856831073760986;76.62278890609741;37.56817102432251;False;False;False;False;0.16169396739050027;0.15875449004015774;0.195915136538432;0.2462925399047911
62.46015816612863;52.759391617625575;76.96922015570608;37.22597594191838;62.46015816612863;52.759391617625575;76.96922015570608;37.22597594191838;62.46015816612863;52.759391617625575;329.5158819894356;610.7516271962731;2.914992572775155;-2.7593916176255746;62.321516156196594;52.65924572944641;76.73207938671112;37.28838831186295;False;False;False;False;0.16223183816620454;0.15711754630946861;0.19639089469770166;0.24636420911489856
62.27525294596075;53.0183890612488;77.17439387064725;37.302290283263766;62.27525294596075;53.0183890612488;77.17439387064725;37.302290283263766;62.27525294596075;53.0183890612488;328.62996821983904;611.5101033129789;3.0998977929430325;-3.018389061248804;62.42846059799194;52.65816020965576;76.92552924156189;36.959767788648605;False;False;False;False;0.16250044848240427;0.1599123338224381;0.19750868622147036;0.24845420790423903
62.15503669382571;53.037463120925615;77.04415543990967;37.20999893456263;62.15503669382571;53.037463120925615;77.04415543990967;37.20999893456263;62.15503669382571;53.037463120925615;328.18936822565223;612.1638555229747;3.220114045078077;-3.037463120925615;62.26792466640472;52.90463542938232;77.12781071662903;36.815531104803085;False;False;False;False;0.16263542020070273;0.1597893856488327;0.19705561206704333;0.2512429564428741
62.38451225057214;52.87951293523503;77.1279295058853;37.19798990262552;62.38451225057214;52.87951293523503;77.1279295058853;37.19798990262552;62.38451225057214;52.87951293523503;328.1002735142433;612.1342529488255;2.9906384883316406;-2.8795129352350277;62.16555392742157;52.92985475063324;77.23352134227753;36.79621562361717;False;False;False;False;0.16394660200161573;0.15953385054097527;0.19715768111100626;0.25290422980307714
62.33394554250731;53.03132196777694;77.24214264731312;37.069082420620994;62.33394554250731;53.03132196777694;77.24214264731312;37.069082420620994;62.33394554250731;53.03132196777694;327.4127203911282;612.6341381633994;3.041205196396476;-3.03132196777694;62.39751636981964;52.7696852684021;77.3500108718872;36.78335338830948;False;False;False;False;0.16104245444753112;0.16053635690250734;0.19737823928128612;0.25392300038243326
62.59388578167443;52.94454900144197;77.22530630532924;37.03334051552116;62.59388578167443;52.94454900144197;77.22530630532924;37.03334051552116;62.59388578167443;52.94454900144197;327.18209006142786;612.5197517112513;2.7812649572293537;-2.9445490014419704;62.33486044406891;52.89844727516174;77.41990983486176;36.708233803510666;False;False;False;False;0.162840362834503;0.1597191577200332;0.19813043997775526;0.25554518535775944
62.77681362054545;52.81834596376487;77.23708162832264;36.86971959508782;62.77681362054545;52.81834596376487;77.23708162832264;36.86971959508782;62.77681362054545;52.81834596376487;327.04188960325644;612.5247313611399;2.598337118358337;-2.8183459637648696;62.55889582633972;52.81430912017822;77.43867456912994;36.64928585290909;False;False;False;False;0.1641441947926181;0.15970211641770135;0.19893798670349155;0.2563879734034479
62.575626799482286;52.54158603400445;77.4698482635409;36.88572614213992;62.575626799482286;52.54158603400445;77.4698482635409;36.88572614213992;62.575626799482286;52.54158603400445;327.21963000094195;613.2735499523807;2.7995239394214977;-2.541586034004453;62.731873750686646;52.69825875759125;77.48535692691803;36.54460296034813;False;False;False;False;0.1634730913361223;0.15998748360817222;0.1969855339457356;0.2559778283831094
62.56957271212512;52.39992964095601;77.80544724020162;36.84164819841865;62.56957271212512;52.39992964095601;77.80544724020162;36.84164819841865;62.56957271212512;52.39992964095601;327.1640646491716;613.6589279856845;2.8055780267786687;-2.3999296409560102;62.560444593429565;52.44579589366913;77.56851315498352;36.485559940338135;False;False;False;False;0.16342424161185828;0.16002078965766162;0.1982304538336587;0.25549604877938475
62.62364352708734;52.538178824921886;78.01246734855978;36.61808550963944;62.62364352708734;52.538178824921886;78.01246734855978;36.61808550963944;62.62364352708734;52.538178824921886;326.5675756624457;613.9248634259972;2.7515072118164454;-2.5381788249218857;62.56632161140442;52.31822657585144;77.71262526512146;36.41480207443237;False;False;False;False;0.16276703409952262;0.1600346411876136;0.1998179447661885;0.2560552398973125
62.5922526392046;52.65905344612189;78.35552140700757;36.24917333976076;62.5922526392046;52.65905344612189;78.35552140700757;36.24917333976076;62.5922526392046;52.65905344612189;325.9874025767228;614.3545128300049;2.7828980996991888;-2.659053446121888;62.620283007621765;52.4421728849411;77.91764736175537;36.36807546019554;False;False;False;False;0.1608535395597592;0.16075745737531358;0.20330268625757839;0.25374346425597843
62.30535476893393;52.62130485128966;78.54439642898437;36.31689050997126;62.30535476893393;52.62130485128966;78.54439642898437;36.31689050997126;62.30535476893393;52.62130485128966;325.7083593069043;615.2993616505061;3.069795969969853;-2.6213048512896577;62.61592710018158;52.52968513965607;78.168243765831;36.19897156953812;False;False;False;False;0.163155293550949;0.1609715156444982;0.20640773157707132;0.2515329974764678
62.40401355049229;52.576515201047656;78.594123243449;36.20989215161529;62.40401355049229;52.576515201047656;78.594123243449;36.20989215161529;62.40401355049229;52.576515201047656;325.448431293883;615.5113502167186;2.9711371884114897;-2.5765152010476555;62.33375072479248;52.5197114944458;78.42710137367249;35.99659666419029;False;False;False;False;0.16317057906576224;0.15796922951162157;0.20654617774028539;0.25141966668737276
62.426650854379645;52.41409630832061;78.7935503366727;35.917945986773816;62.426650854379645;52.41409630832061;78.7935503366727;35.917945986773816;62.426650854379645;52.41409630832061;325.42973371919743;615.8622272340655;2.9484998845241392;-2.414096308320609;62.43507397174835;52.46450555324554;78.62046599388123;35.84253668785095;False;False;False;False;0.16095723073098792;0.15628452269147453;0.2071153145653107;0.25082440500800446
62.26740153214803;52.3509839768352;78.7707937997751;35.64560888189478;62.26740153214803;52.3509839768352;78.7707937997751;35.64560888189478;62.26740153214803;52.3509839768352;325.2340788743922;616.5738591964653;3.107749206755756;-2.350983976835195;62.45871686935425;52.31932938098908;78.80697250366211;35.7769650220871;False;False;False;False;0.16193285924559106;0.15619980955310012;0.2048014028423247;0.24970021540879572
62.27214900356357;52.37785396508831;78.65053086645791;35.531211365114025;62.27214900356357;52.37785396508831;78.65053086645791;35.531211365114025;62.27214900356357;52.37785396508831;324.8668743676413;616.978730814535;3.1030017353402144;-2.377853965088306;62.30264055728912;52.23578238487244;78.91582369804382;35.59757396578789;False;False;False;False;0.16187675787540132;0.15673555150635626;0.2057391474133972;0.2483467068648305
62.24953119454955;52.172810373223015;78.78075499412907;35.19047288128489;62.24953119454955;52.172810373223015;78.78075499412907;35.19047288128489;62.24953119454955;52.172810373223015;324.9599143560268;617.437699997275;3.1256195443542367;-2.1728103732230157;62.32335877418518;52.25463378429413;78.94156455993652;35.36775678396225;False;False;False;False;0.16192283267523183;0.15691258599988772;0.20558060258877703;0.24891448687896897
62.61498702024645;52.2887782312926;78.89084644066746;35.302774981442795;62.61498702024645;52.2887782312926;78.89084644066746;35.302774981442795;62.61498702024645;52.2887782312926;324.43827059012455;617.1235376184618;2.760163718657332;-2.2887782312925964;62.29601681232453;52.058140873909;78.98217558860779;35.16328543424606;False;False;False;False;0.16471187529594483;0.1578477792595754;0.20563990141490646;0.24900959923963623
62.71001222686258;52.17896629923651;79.05655358756026;35.233732863185224;62.71001222686258;52.17896629923651;79.05655358756026;35.233732863185224;62.71001222686258;52.17896629923651;324.35272402339774;617.3015090343838;2.665138512041203;-2.178966299236506;62.65434551239014;52.16454255580902;79.00688707828522;35.02994239330292;False;False;False;False;0.1644787803257154;0.15732491770412516;0.2041655408768344;0.24954536693146157
62.61718547262964;52.16752464084713;79.00316004655625;34.84097764183371;62.61718547262964;52.16752464084713;79.00316004655625;34.84097764183371;62.61718547262964;52.16752464084713;324.0850785002783;617.8425143444551;2.757965266274148;-2.1675246408471267;62.750773549079895;52.05603897571564;79.0925806760788;34.90930750966072;False;False;False;False;0.164959928701195;0.1572185649468012;0.20350309366351788;0.24916778432449546
62.64053563965463;51.91457053752544;79.17623169727995;34.849701933811055;62.64053563965463;51.91457053752544;79.17623169727995;34.849701933811055;62.64053563965463;51.91457053752544;324.3019834214754;618.163542712575;2.7346150992491545;-1.9145705375254425;62.64529490470886;52.03988754749298;79.18403089046478;34.85783725976944;False;False;False;False;0.16430343777856135;0.1564731077423752;0.20256328512189387;0.24831824521571516
62.40060267667189;51.87118182428476;79.25925455466923;34.66217561747987;62.40060267667189;51.87118182428476;79.25925455466923;34.66217561747987;62.40060267667189;51.87118182428476;324.1334847762867;619.008023985107;2.9745480622318965;-1.871181824284761;62.68218183517456;51.80958795547485;79.2890465259552;34.71019610762596;False;False;False;False;0.15864494434243964;0.1559240198299834;0.20236289471823546;0.24692544342885211
62.557991987466416;51.93962428501609;79.43323043376625;34.510239314434514;62.557991987466416;51.93962428501609;79.43323043376625;34.510239314434514;62.557991987466416;51.93962428501609;323.74710894491943;619.0898517718156;2.8171587514373684;-1.9396242850160876;62.461302757263184;51.75464129447937;79.38387989997864;34.52623024582863;False;False;False;False;0.15637093580945424;0.15620649484029175;0.20084164102160457;0.24668937611128386
62.60390421913892;51.77320629012629;79.27374155301705;34.67600628470399;62.60390421913892;51.77320629012629;79.27374155301705;34.67600628470399;62.60390421913892;51.77320629012629;323.82132836336353;619.3736484753289;2.771246519764865;-1.7732062901262893;62.609548807144165;51.82450866699219;79.48199152946472;34.443567395210266;False;False;False;False;0.15633140396305983;0.1561386890720831;0.2004929463060392;0.24727515853443557
62.83655490486032;51.56913684151463;79.28311689965969;34.52866342574958;62.83655490486032;51.56913684151463;79.28311689965969;34.52866342574958;62.83655490486032;51.56913684151463;323.9930397552367;619.2778466398547;2.53859583404347;-1.5691368415146272;62.64769756793976;51.67800843715668;79.54660594463348;34.342311918735504;False;False;False;False;0.15719598637282212;0.1563572119592977;0.201433638511136;0.247780049718525
62.87061947433322;51.27809729070511;79.31617393330394;34.474978669419144;62.87061947433322;51.27809729070511;79.31617393330394;34.474978669419144;62.87061947433322;51.27809729070511;324.3659006113204;619.548196945448;2.5045312645705664;-1.2780972907051122;62.87403535842896;51.483378887176514;79.57039952278137;34.30778041481972;False;False;False;False;0.15629991723969866;0.156013608672385;0.20195460071156998;0.24788724391704192
63.127440886100885;51.16090576442414;79.40466425789369;34.42581950365668;63.127440886100885;51.16090576442414;79.40466425789369;34.42581950365668;63.127440886100885;51.16090576442414;324.4298706917883;619.3684916238554;2.247709852802899;-1.1609057644241432;62.9093804359436;51.19235932826996;79.57930982112885;34.324338883161545;False;False;False;False;0.15765461723600502;0.15553852376829383;0.20122211961498176;0.24733082758118238
63.38083504818225;51.09971637032733;79.40635860241517;34.25923339873152;63.38083504818225;51.09971637032733;79.40635860241517;34.25923339873152;63.38083504818225;51.09971637032733;324.3974620447254;619.1613979467331;1.9943156907215356;-1.0997163703273287;63.15305197238922;51.08218598365784;79.57716584205627;34.24784570932388;False;False;False;False;0.15911213674335523;0.1555472196202165;0.2018629559304557;0.24726024926167575
63.22522615728606;51.09136130786207;79.44911694861794;34.489823838962195;63.22522615728606;51.09136130786207;79.44911694861794;34.489823838962195;63.22522615728606;51.09136130786207;324.26754332027895;619.7385244872884;2.149924581617725;-1.0913613078620656;63.38412940502167;51.01418888568878;79.59532082080841;34.18443605303764;False;False;False;False;0.15966760399828342;0.15565381992905705;0.2023104126422296;0.24888295519341053
63.21126651410204;51.16710967280607;79.24040490181494;34.23689412708961;63.21126651410204;51.16710967280607;79.24040490181494;34.23689412708961;63.21126651410204;51.16710967280607;323.9705317493427;620.0531003845388;2.163884224801741;-1.1671096728060704;63.22521829605103;51.03256320953369;79.63543355464935;34.15101423859596;False;False;False;False;0.15767259441142856;0.15617489076010418;0.20569780635402482;0.2486770748975324
63.2492533297325;51.28840350531969;79.24015606790826;34.217846475526336;63.2492533297325;51.28840350531969;79.24015606790826;34.217846475526336;63.2492533297325;51.28840350531969;323.57232946127465;620.265644649918;2.12589740917128;-1.2884035053196925;63.21629214286804;51.09941947460175;79.62249755859375;34.10758227109909;False;False;False;False;0.15589393115732153;0.15695916959769105;0.2087338530223135;0.248289209780556
63.2552295796683;51.17310869594075;79.26004224164593;34.11201309558014;63.2552295796683;51.17310869594075;79.26004224164593;34.11201309558014;63.2552295796683;51.17310869594075;323.6311319459899;620.5371451379359;2.1199211592354814;-1.1731086959407475;63.24726057052612;51.20291030406952;79.58574175834656;34.11141127347946;False;False;False;False;0.15555823254159024;0.15695796179480728;0.20915610180677338;0.24753745158097964
63.15110085009018;51.04930729342173;79.18497905786852;34.35186054863891;63.15110085009018;51.04930729342173;79.18497905786852;34.35186054863891;63.15110085009018;51.04930729342173;323.72232025823587;621.0280587516569;2.224049888813603;-1.049307293421727;63.23302090167999;51.09622514247894;79.55893874168396;33.98406580090523;False;False;False;False;0.15520917886400518;0.1569553458256553;0.2079376809058667;0.24884958561707685
63.14927582117329;50.946776724505966;79.43351070692248;34.439125688288975;63.14927582117329;50.946776724505966;79.43351070692248;34.439125688288975;63.14927582117329;50.946776724505966;323.7874737569445;621.3282487946658;2.225874917730493;-0.9467767245059662;63.17977166175842;50.9823043346405;79.51322019100189;33.98534595966339;False;False;False;False;0.1547945060692413;0.15654990597143714;0.20534480959103157;0.25091688844613597
63.16423683101715;50.88419410679291;79.55909503601211;34.51990669765168;63.16423683101715;50.88419410679291;79.55909503601211;34.51990669765168;63.16423683101715;50.88419410679291;323.7864020957698;621.5951100973422;2.210913907886635;-0.8841941067929113;63.1848258972168;50.9102486371994;79.5745038986206;34.03631791472435;False;False;False;False;0.1540687644282621;0.15649518856504;0.20391625271753672;0.25243470380023236
63.32600175899325;50.99285788687089;79.78602838909438;34.70819636367504;63.32600175899325;50.99285788687089;79.78602838909438;34.70819636367504;63.32600175899325;50.99285788687089;323.45118198804147;621.5663687624415;2.049148979910534;-0.9928578868708868;63.18078112602234;50.8666342496872;79.6637773513794;34.17322114109993;False;False;False;False;0.15377647681344714;0.15335409415439002;0.20242851430605746;0.25697568483229344
63.33025422292153;50.90166325785388;79.94747487396222;34.64395585323328;63.33025422292153;50.90166325785388;79.94747487396222;34.64395585323328;63.33025422292153;50.90166325785388;323.5011901944927;621.831083698573;2.044896515982252;-0.901663257853876;63.348480105400085;50.95394945144653;79.79836940765381;34.25860986113548;False;False;False;False;0.15237465897729813;0.15343335040983347;0.2026917058600289;0.2593720297253827
63.4010798307236;50.74110295391339;80.08268701168333;34.56405042787922;63.4010798307236;50.74110295391339;80.08268701168333;34.56405042787922;63.4010798307236;50.74110295391339;323.7020890346598;621.9620853517665;1.974070908180181;-0.7411029539133906;63.35912787914276;50.873748898506165;79.97018277645111;34.33420479297638;False;False;False;False;0.14935765273911167;0.15275842592784625;0.20249636449265632;0.259911471129135
63.63457984056064;50.748647044475135;80.03693693648344;34.46281114074129;63.63457984056064;50.748647044475135;80.03693693648344;34.46281114074129;63.63457984056064;50.748647044475135;323.58818712634786;621.7582947865164;1.7405708983431438;-0.7486470444751347;63.44412684440613;50.71643495559693;80.1254278421402;34.37529116868973;False;False;False;False;0.14952760756573158;0.14968878277542338;0.2021076297506418;0.2598533575044439
63.74779373607208;50.802531878054616;80.50129853046607;34.26705337402819;63.74779373607208;50.802531878054616;80.50129853046607;34.26705337402819;63.74779373607208;50.802531878054616;323.3805978532589;621.7639431152727;1.627357002831701;-0.8025318780546158;63.65286123752594;50.72991061210632;80.22653579711914;34.31406483054161;False;False;False;False;0.14922832678146655;0.14817651437221643;0.20128805451540127;0.2589158782519861
63.71604504294113;50.75586776929791;80.63598163633984;34.0166454594224;63.71604504294113;50.75586776929791;80.63598163633984;34.0166454594224;63.71604504294113;50.75586776929791;323.36692182036506;622.0444214352455;1.6591056959626511;-0.7558677692979074;63.77831137180328;50.77414035797119;80.38605570793152;34.21273559331894;False;False;False;False;0.14895628557154766;0.14645993137333607;0.20145943075879033;0.25834550022671693
63.602885266670704;50.76657127115229;80.84523526214825;33.862330172072305;63.602885266670704;50.76657127115229;80.84523526214825;33.862330172072305;63.602885266670704;50.76657127115229;323.2447324474166;622.4919550805813;1.7722654722330802;-0.7665712711522872;63.76073908805847;50.71382141113281;80.55567264556885;34.06467318534851;False;False;False;False;0.14813477418061188;0.14635725440558908;0.20171146956903452;0.25896456132385287
63.68234105841651;50.641197288562296;80.837895752175;33.74981303788963;63.68234105841651;50.641197288562296;80.837895752175;33.74981303788963;63.68234105841651;50.641197288562296;323.3932709097763;622.5693455600541;1.6928096804872723;-0.6411972885622959;63.65430283546448;50.70831429958344;80.73847472667694;33.88153836131096;False;False;False;False;0.14805649286396777;0.14640594004094024;0.1996641521350359;0.25823867556598207
63.59204417367668;50.66135266951788;80.77700946420761;33.900329109928045;63.59204417367668;50.66135266951788;80.77700946420761;33.900329109928045;63.59204417367668;50.66135266951788;323.2674671760568;622.975647286932;1.783106565227108;-0.661352669517882;63.70219361782074;50.601155519485474;80.91738879680634;33.715186566114426;False;False;False;False;0.14735107507652148;0.14651829975703723;0.19929928534065672;0.25848600150217627
63.72837404824563;51.00196383750569;80.745903811143;33.54485187582977;63.72837404824563;51.00196383750569;80.745903811143;33.54485187582977;63.72837404824563;51.00196383750569;322.49806448414546;622.9407350798244;1.6467766906581571;-1.0019638375056914;63.64933502674103;50.635491132736206;80.98870396614075;33.64226259291172;False;False;False;False;0.1457916786269443;0.14922218776528967;0.19760373067180612;0.25837333476653446
63.71721032783253;51.02918512690312;80.75633340013182;33.60192746832354;63.71721032783253;51.02918512690312;80.75633340013182;33.60192746832354;63.71721032783253;51.02918512690312;322.3100267270165;623.1826327460717;1.6579404110712517;-1.0291851269031227;63.75506603717804;50.9284051656723;81.00620985031128;33.578066155314445;False;False;False;False;0.14575029873078618;0.14952624044867688;0.19586295181473765;0.257452891898427
63.508579796532025;51.10980176437791;80.7428848282715;33.58000235526792;63.508579796532025;51.10980176437791;80.7428848282715;33.58000235526792;63.508579796532025;51.10980176437791;322.01156876847983;623.8209525301489;1.8665709423717587;-1.109801764377913;63.75249743461609;50.9612957239151;80.9875762462616;33.525768145918846;False;False;False;False;0.14747814102471074;0.15003780907947128;0.19561319611374925;0.2553576900472568
63.65419354987215;50.83525461208187;80.62043155327054;33.62262682636635;63.65419354987215;50.83525461208187;80.62043155327054;33.62262682636635;63.65419354987215;50.83525461208187;322.4126895044882;623.7786011491182;1.7209571890316369;-0.8352546120818687;63.54665315151215;51.01920163631439;80.9746664762497;33.39300125837326;False;False;False;False;0.14762817156488706;0.15030336428415964;0.19800621602440666;0.25629376543902466
63.55471779671718;50.79045264886901;81.03901954286503;33.587237074745744;63.55471779671718;50.79045264886901;81.03901954286503;33.587237074745744;63.55471779671718;50.79045264886901;322.39092614930297;624.2070136139657;1.8204329421866063;-0.7904526488690138;63.66785454750061;50.78290057182312;80.94362139701843;33.41425992548466;False;False;False;False;0.14798436562483255;0.14999118377454335;0.1982116791161075;0.25499266220988054
63.6882957956438;50.71442236620576;81.06316041768007;33.50698094350446;63.6882957956438;50.71442236620576;81.06316041768007;33.50698094350446;63.6882957956438;50.71442236620576;322.4375930281136;624.182582008404;1.6868549432599806;-0.7144223662057598;63.60518133640289;50.736565470695496;81.01923763751984;33.41450907289982;False;False;False;False;0.14818105770331488;0.1498226471924189;0.19793479416423934;0.25433138244443804
63.759626758721055;50.656866496952766;81.30623944371006;33.49038041251658;63.759626758721055;50.656866496952766;81.30623944371006;33.49038041251658;63.759626758721055;50.656866496952766;322.4574484511255;624.2648340746841;1.6155239801827292;-0.656866496952766;63.74441826343536;50.67847287654877;81.10571146011353;33.41012850403786;False;False;False;False;0.1473864262025334;0.149699263607115;0.19797244640465145;0.2537321381559775
63.87696738523358;50.77863120601531;81.20770978309973;33.591845308999794;63.87696738523358;50.77863120601531;81.20770978309973;33.591845308999794;63.87696738523358;50.77863120601531;322.1263368334067;624.2455560190168;1.498183353670207;-0.7786312060153122;63.79984200000763;50.62617778778076;81.23782515525818;33.363705947995186;False;False;False;False;0.14743687708673223;0.15030155351763738;0.19787747113749538;0.2545846619739899
63.64420977320437;50.61744132689707;81.19012745448869;33.63964343978021;63.64420977320437;50.61744132689707;81.19012745448869;33.63964343978021;63.64420977320437;50.61744132689707;322.3448990975078;624.9108290235646;1.7309409656994106;-0.6174413268970724;63.92285490036011;50.73385167121887;81.3637363910675;33.34389053285122;False;False;False;False;0.14979836739776747;0.14871479817672908;0.19851818632154114;0.25614147684007127
63.61167239930737;50.77628847681545;81.16706550654861;33.466007501318984;63.61167239930737;50.77628847681545;81.16706550654861;33.466007501318984;63.61167239930737;50.77628847681545;321.9448792874181;625.2066959001185;1.7634783395964106;-0.7762884768154521;63.704917788505554;50.58595824241638;81.40061676502228;33.37903179228306;False;False;False;False;0.14976096943825742;0.14823200524000793;0.19976244624160153;0.2553756250469976
63.63563150370605;50.82531424778527;80.93743806421433;33.4801638213781;63.63563150370605;50.82531424778527;80.93743806421433;33.4801638213781;63.63563150370605;50.82531424778527;321.7433226152364;625.3939081366007;1.7395192351977329;-0.8253142477852649;63.660231709480286;50.734007239341736;81.4223712682724;33.39573696255684;False;False;False;False;0.14930014490312804;0.14838548832300477;0.20500922614251488;0.2554107868758093
64.05620288623645;50.78235085520109;80.90421023393878;33.4329720486902;64.05620288623645;50.78235085520109;80.90421023393878;33.4329720486902;64.05620288623645;50.78235085520109;321.7192075007;624.7847012695662;1.3189478526673355;-0.7823508552010878;63.685343861579895;50.76237595081329;81.3519412279129;33.36777098476887;False;False;False;False;0.1534278396547279;0.14821778986560855;0.20932860220079552;0.2551961460962185
64.21093827775951;50.70342953480439;81.11605425569329;33.77415514335161;64.21093827775951;50.70342953480439;81.11605425569329;33.77415514335161;64.21093827775951;50.70342953480439;321.77273669413324;624.6510902002091;1.164212461144274;-0.7034295348043926;64.0669835805893;50.72386419773102;81.27548575401306;33.284029588103294;False;False;False;False;0.15363023133704468;0.14822749069160535;0.2098780209996356;0.25820186540210116
64.29845199503711;50.9041543450719;81.11650848202649;33.62990108765557;64.29845199503711;50.9041543450719;81.11650848202649;33.62990108765557;64.29845199503711;50.9041543450719;321.2774964689576;624.6312910938065;1.0766987438666715;-0.9041543450719018;64.2181646823883;50.65913057327271;81.26144170761108;33.33531133830547;False;False;False;False;0.15345373749897284;0.1497605465821999;0.20982242879134752;0.2589106109248667
64.51922762707605;51.11866103367513;81.29214746025664;33.78575901663291;64.51922762707605;51.11866103367513;81.29214746025664;33.78575901663291;64.51922762707605;51.11866103367513;320.7279291790749;624.3332996622441;0.8559231118277353;-1.1186610336751317;64.28724384307861;50.83327007293701;81.25573754310608;33.391447365283966;False;False;False;False;0.15493313913004392;0.14926528598063651;0.20666534440232762;0.26093127923412457
64.52272267334689;50.92848100436567;81.6030372377866;33.856465544543084;64.52272267334689;50.92848100436567;81.6030372377866;33.856465544543084;64.52272267334689;50.92848100436567;320.9591344332038;624.4404326512795;0.852428065556893;-0.9284810043656648;64.50746953487396;51.04916059970856;81.33004903793335;33.50152216851711;False;False;False;False;0.15493917027268633;0.14947119584552834;0.20505095513936022;0.262746028727009
64.54095067936562;50.82321312974598;81.48481101352985;33.84141122394016;64.54095067936562;50.82321312974598;81.48481101352985;33.84141122394016;64.54095067936562;50.82321312974598;321.04587271519443;624.5176337146496;0.834200059538162;-0.8232131297459802;64.54951441287994;50.87193739414215;81.49105727672577;33.49996089935303;False;False;False;False;0.15488009227187421;0.14943083690059206;0.20005063635130238;0.2644334121614315
64.450035285453;50.76924345036283;81.71483667633316;34.21521126377058;64.450035285453;50.76924345036283;81.71483667633316;34.21521126377058;64.450035285453;50.76924345036283;321.04405032332795;624.8106911770799;0.9251154534507862;-0.7692434503628292;64.54824221134186;50.76514160633087;81.57818675041199;33.57321187853813;False;False;False;False;0.15451873231592594;0.14873444498382865;0.19820327214563913;0.27082615226164675
64.52299811647579;50.56901021804875;81.49617967173255;34.07782796154903;64.52299811647579;50.56901021804875;81.49617967173255;34.07782796154903;64.52299811647579;50.56901021804875;321.3419509945744;624.7881142421611;0.8521526224279938;-0.5690102180487528;64.47640776634216;50.738791823387146;81.71445071697235;33.66655774414539;False;False;False;False;0.154234551591803;0.1460708578120542;0.1985836505847122;0.2727589833269578
64.20527467473815;50.38515100160871;81.55457921279631;34.10727433161225;64.20527467473815;50.38515100160871;81.55457921279631;34.10727433161225;64.20527467473815;50.38515100160871;321.6338013983813;625.5371814752934;1.169876064165635;-0.3851510016087118;64.54297018051147;50.54543447494507;81.75619602203369;33.75288814306259;False;False;False;False;0.15679365245057292;0.14350281302505744;0.19942832668988802;0.2693277165791362
63.97877356481751;50.48195136932494;81.81495627534342;34.023183752680744;63.97877356481751;50.48195136932494;81.81495627534342;34.023183752680744;63.97877356481751;50.48195136932494;321.3888471960677;626.1461671703568;1.3963771740862754;-0.4819513693249391;64.25340950489044;50.39899301528931;81.75188839435577;33.8684843480587;False;False;False;False;0.1589505748581541;0.1435458768874026;0.19948705589336202;0.2681126443064825
64.19838618276317;50.42242368326895;82.15696538783408;33.99212597698887;64.19838618276317;50.42242368326895;82.15696538783408;33.99212597698887;64.19838618276317;50.42242368326895;321.443642385603;625.893125557677;1.1767645561406113;-0.4224236832689456;64.03597366809845;50.48129200935364;81.83597564697266;33.814481645822525;False;False;False;False;0.15891154426504803;0.14350226811691036;0.2015350142111817;0.2685809334801091
64.41013236597192;50.51644632823469;82.29321951256308;33.981441357796086;64.41013236597192;50.51644632823469;82.29321951256308;33.981441357796086;64.41013236597192;50.51644632823469;321.1992739379023;625.6265351320782;0.9650183729318657;-0.5164463282346929;64.26871395111084;50.42693305015564;81.96240484714508;33.79356637597084;False;False;False;False;0.1589610267094263;0.14375143144345132;0.2039244777488394;0.2689118439495099
64.49652990512332;50.69031830126792;82.20556616603113;33.73200245252217;64.49652990512332;50.69031830126792;82.20556616603113;33.73200245252217;64.49652990512332;50.69031830126792;320.7826704814046;625.5824091701663;0.8786208337804595;-0.690318301267915;64.47360062599182;50.52574992179871;82.14839994907379;33.74032832682133;False;False;False;False;0.15874874550042975;0.1446051345626197;0.20350419748374243;0.26756155851344415
64.48473353339683;50.7545161219025;82.35917868142367;33.750959763443376;64.48473353339683;50.7545161219025;82.35917868142367;33.750959763443376;64.48473353339683;50.7545161219025;320.5622323999664;625.7231513581233;0.8904172055069495;-0.7545161219024976;64.52753436565399;50.66773867607117;82.28108406066895;33.678235709667206;False;False;False;False;0.15585817354499057;0.14400351106390585;0.2035773005015992;0.2669445202852392
64.76953983806783;50.82509054604468;82.37060404840895;33.61028279046507;64.76953983806783;50.82509054604468;82.37060404840895;33.61028279046507;64.76953983806783;50.82509054604468;320.320481402095;625.272261042849;0.6056109008359556;-0.8250905460446774;64.53901183605194;50.72221517562866;82.39178419113159;33.59533108770847;False;False;False;False;0.1573600583532001;0.14429892576194409;0.20346220540959892;0.2664097521021026
64.94543718930467;50.77224778617327;82.39938974062146;33.54457707968999;64.94543718930467;50.77224778617327;82.39938974062146;33.54457707968999;64.94543718930467;50.77224778617327;320.3161548490319;625.0012144604867;0.4297135495991142;-0.7722477861732671;64.78531074523926;50.76332664489746;82.4388074874878;33.47009353339672;False;False;False;False;0.15781998206684084;0.1438521958383743;0.200338073804158;0.26494171202053357
64.80383674816977;50.7183388559147;82.2170797899518;33.26431250646366;64.80383674816977;50.7183388559147;82.2170797899518;33.26431250646366;64.80383674816977;50.7183388559147;320.32100633805925;625.3417104827031;0.5713139907340121;-0.7183388559147019;64.96182870864868;50.728012681007385;82.46047675609589;33.41934368014336;False;False;False;False;0.15716213733001402;0.14294990290068313;0.19868659215049025;0.26476317892652007
64.87188548604973;50.59523075850128;82.48375081403742;32.924791688886;64.87188548604973;50.59523075850128;82.48375081403742;32.924791688886;64.87188548604973;50.59523075850128;320.47144401876415;625.2817882057077;0.5032652528540495;-0.5952307585012804;64.80670309066772;50.66515970230103;82.45170414447784;33.29237520694733;False;False;False;False;0.15627376256428435;0.14088061350062578;0.19530378619312402;0.2669988357877035
65.02895517881201;50.29974959753176;82.50396740723606;32.74864035969655;65.02895517881201;50.29974959753176;82.50396740723606;32.74864035969655;65.02895517881201;50.29974959753176;320.98304223956967;625.034750853897;0.3461955600917719;-0.2997495975317576;64.86838412284851;50.51778829097748;82.48244762420654;33.1237917393446;False;False;False;False;0.15702164815267636;0.14217048337144628;0.1943041325017716;0.26936288482899867
64.99692036954173;50.30390120679932;82.58075199496973;32.68236558425142;64.99692036954173;50.30390120679932;82.58075199496973;32.68236558425142;64.99692036954173;50.30390120679932;320.9347724080303;625.1449798804498;0.3782303693620577;-0.303901206799317;65.0483729839325;50.24145436286926;82.5189083814621;32.88650505244732;False;False;False;False;0.15600249201996905;0.1421980711615155;0.19437334611729476;0.2699839405894061
64.74775726575139;50.23528909319767;82.48534697065953;32.700899979332185;64.74775726575139;50.23528909319767;82.48534697065953;32.700899979332185;64.74775726575139;50.23528909319767;321.03147647432706;625.6937368039454;0.6273934731523951;-0.2352890931976645;65.02995026111603;50.238733649253845;82.55938172340393;32.69519753754139;False;False;False;False;0.15756255846626546;0.14151253130765315;0.19413219662755776;0.26996626685935826
64.74654297935076;50.37838449144441;82.71822291347296;32.778107237448666;64.74654297935076;50.37838449144441;82.71822291347296;32.778107237448666;64.74654297935076;50.37838449144441;320.7139137987406;625.7798178398336;0.6286077595530202;-0.3783844914444074;64.78464353084564;50.19367074966431;82.61394500732422;32.6156834512949;False;False;False;False;0.15757887690393338;0.14044110504917565;0.1940429483315329;0.27038539452713284
64.86368139566265;50.56850179237189;82.58239212156417;32.73491661996602;64.86368139566265;50.56850179237189;82.58239212156417;32.73491661996602;64.86368139566265;50.56850179237189;320.2832279313597;625.6293553751502;0.5114693432411315;-0.5685017923718902;64.79377019405365;50.334190249443054;82.68588304519653;32.60617159307003;False;False;False;False;0.15729516277753786;0.14174409610688593;0.19411792572216885;0.26572833729011996
64.9996178547266;50.45424374410444;82.51566909554278;32.70225817730096;64.9996178547266;50.45424374410444;82.51566909554278;32.70225817730096;64.9996178547266;50.45424374410444;320.4359437889117;625.4256783694545;0.3755328841771899;-0.4542437441044384;64.88562107086182;50.48230838775635;82.69970417022705;32.624268382787704;False;False;False;False;0.15681053854099153;0.14096661095536406;0.19471203701984782;0.26356502212091315
64.93824771914964;50.53272964709221;82.68552215628573;32.82564022986628;64.93824771914964;50.53272964709221;82.68552215628573;32.82564022986628;64.93824771914964;50.53272964709221;320.2184061503889;625.5984896918321;0.4369030197541406;-0.5327296470922036;65.02087891101837;50.37338650226593;82.68396854400635;32.62349225580692;False;False;False;False;0.15686682179763584;0.14159951527670775;0.19458372527105292;0.2598514154523017
65.02236639846852;50.45802897054506;82.83760848801546;32.629866706281035;65.02236639846852;50.45802897054506;82.83760848801546;32.629866706281035;65.02236639846852;50.45802897054506;320.2967768838709;625.4885060691616;0.3527843404352637;-0.4580289705450582;64.9643177986145;50.46011054515839;82.72703170776367;32.61943377554417;False;False;False;False;0.15536713486256173;0.14080371099387753;0.19484606295549345;0.2585925043016559
65.05145136913669;50.37451311455691;82.96307461678511;32.65134873910622;65.05145136913669;50.37451311455691;82.96307461678511;32.65134873910622;65.05145136913669;50.37451311455691;320.4027380664412;625.4773740398833;0.3236993697670982;-0.3745131145569118;65.05745816230774;50.37167179584503;82.76372194290161;32.60439559817314;False;False;False;False;0.15490170415498347;0.13856090179506222;0.19457510735306738;0.2561934356366885
65.1790373781541;50.171603037825086;82.96521426608027;32.623442840048064;65.1790373781541;50.171603037825086;82.96521426608027;32.623442840048064;65.1790373781541;50.171603037825086;320.7586231379639;625.2653619378175;0.1961133607496776;-0.1716030378250863;65.09298300743103;50.32076644897461;82.8563916683197;32.59423792362213;False;False;False;False;0.15437749237845086;0.13927814146098463;0.1948208922875454;0.2546766284008329
65.0322377725668;50.248040021738994;83.05475341484278;32.69877921906896;65.0322377725668;50.248040021738994;83.05475341484278;32.69877921906896;65.0322377725668;50.248040021738994;320.5828687650928;625.585109597092;0.3429129663369821;-0.2480400217389942;65.19147145748138;50.108689069747925;82.9493761062622;32.52626575529575;False;False;False;False;0.1550655000202244;0.13925375207722437;0.1949214350696378;0.2550875149980732
64.96781957222717;50.47258783433502;82.97852728074633;32.45757346181081;64.96781957222717;50.47258783433502;82.97852728074633;32.45757346181081;64.96781957222717;50.47258783433502;320.1007011370022;625.7596677266162;0.407331166676613;-0.4725878343350231;65.07536232471466;50.19362580776215;83.03075551986694;32.543097138404846;False;False;False;False;0.15539789679673116;0.14142903942179455;0.1949718424370625;0.2551384528402584
65.09459146978585;50.22020475388308;83.12960938497318;32.488400623507474;65.09459146978585;50.22020475388308;83.12960938497318;32.488400623507474;65.09459146978585;50.22020475388308;320.5424555866614;625.5604347537223;0.2805592691179299;-0.2202047538830811;65.01772952079773;50.39426028728485;83.06951105594635;32.50994823873043;False;False;False;False;0.15400284642064752;0.14161952650201198;0.1939706796086502;0.2547996179260701
65.28844317740291;50.34588003901326;83.21562657980287;32.438720384696424;65.28844317740291;50.34588003901326;83.21562657980287;32.438720384696424;65.28844317740291;50.34588003901326;320.26174438255;625.2101392410373;0.086707561500873;-0.3458800390132595;65.12016248703003;50.15619957447052;83.10683071613312;32.467971816658974;False;False;False;False;0.15079973028697038;0.14057815682976257;0.19420839752616648;0.25474198664017694
65.33400915044909;50.25770295165521;82.80061349159703;32.5416039012788;65.33400915044909;50.25770295165521;82.80061349159703;32.5416039012788;65.33400915044909;50.25770295165521;320.39198121873096;625.130568303145;0.0411415884546926;-0.2577029516552116;65.304967045784;50.2827490568161;83.16846191883087;32.373909652233124;False;False;False;False;0.1473268349336652;0.14058432140118626;0.1952329699443563;0.25517790020892456
65.4501133841858;50.12200134788551;82.6163912381257;32.33513050867596;65.4501133841858;50.12200134788551;82.6163912381257;32.33513050867596;65.4501133841858;50.12200134788551;320.6290240327164;624.9038453807989;-0.0749626452820138;-0.1220013478855079;65.33675134181976;50.1752964258194;83.09286534786224;32.39516258239746;False;False;False;False;0.14758756829902397;0.14028883224336275;0.19949265954468115;0.25482360569189344
65.50272887820243;50.00546215103587;82.57843306137694;32.34472506073606;65.50272887820243;50.00546215103587;82.57843306137694;32.34472506073606;65.50272887820243;50.00546215103587;320.8458355800309;624.7886193733947;-0.1275781392986488;-0.0054621510358714;65.45505571365356;50.05704736709595;82.98555493354797;32.36936025321484;False;False;False;False;0.14765628889828275;0.1368224074030439;0.20254091373577127;0.2533547374794283
65.39435510107118;49.74668433350443;82.58185174922293;32.314399803078565;65.39435510107118;49.74668433350443;82.58185174922293;32.314399803078565;65.39435510107118;49.74668433350443;321.362662928289;624.988356509084;-0.0192043621674002;0.2533156664955669;65.50106239318848;49.95202851295471;82.85500168800354;32.35358528792858;False;False;False;False;0.14477365482967627;0.1380660686514511;0.2017968635754821;0.2524593161537937
65.64427178296124;49.64372505702691;82.36143908143299;32.251540564478994;65.64427178296124;49.64372505702691;82.36143908143299;32.251540564478994;65.64427178296124;49.64372505702691;321.6023569034435;624.4859625636816;-0.2691210440574565;0.3562749429730871;65.39352333545685;49.690553069114685;82.72222578525543;32.27820672094822;False;False;False;False;0.14667091309701544;0.13380472363729398;0.2028440937940969;0.25239480993912544
65.51175240083654;49.73195523567037;82.41260733404194;32.51257955286944;65.51175240083654;49.73195523567037;82.41260733404194;32.51257955286944;65.51175240083654;49.73195523567037;321.4733998718864;624.7151185220566;-0.1366016619327581;0.2680447643296304;65.63872981071472;49.60026133060455;82.61915743350983;32.270371690392494;False;False;False;False;0.14716861631963613;0.13409190335145338;0.20150840601327397;0.2531799214985799
65.36143015224735;49.35357113083925;82.20063820420812;32.482479536501856;65.36143015224735;49.35357113083925;82.20063820420812;32.482479536501856;65.36143015224735;49.35357113083925;322.2659073834592;624.9975494643106;0.0137205866564329;0.6464288691607507;65.5029810667038;49.69835567474365;82.57138013839722;32.293653041124344;False;False;False;False;0.14772982645565136;0.1378126149492815;0.20418579161058775;0.25327705160110353
65.38256143352524;49.2345141284594;81.97758810467359;32.56004445113134;65.38256143352524;49.2345141284594;81.97758810467359;32.56004445113134;65.38256143352524;49.2345141284594;322.590211904107;624.957116313309;-0.0074106946214556;0.765485871540605;65.36281073093414;49.33111464977264;82.48482763767242;32.35033079981804;False;False;False;False;0.14689566953383787;0.13577409642339597;0.20885614625760035;0.2537469904907033
65.49642666929509;49.32786723255035;81.88185746746329;32.52736480706617;65.49642666929509;49.32786723255035;81.88185746746329;32.52736480706617;65.49642666929509;49.32786723255035;322.50557047879715;624.7283977491531;-0.121275930391306;0.6721327674496465;65.36573886871338;49.22917950153351;82.34911441802979;32.46301755309105;False;False;False;False;0.14596966821367002;0.13607596318472623;0.21355486965410864;0.2535343087120396
65.52784348922371;49.66421857230469;81.97775855821575;32.42006268761193;65.52784348922371;49.66421857230469;81.97775855821575;32.42006268761193;65.52784348922371;49.66421857230469;321.9224855016151;624.6493939852437;-0.1526927503199289;0.3357814276953164;65.4458737373352;49.32989776134491;82.23264455795288;32.48147003352642;False;False;False;False;0.14562233929037818;0.13955232485971591;0.21482120107852853;0.25108005594766386
65.39309334066725;49.9106656212778;81.9997442559398;32.473088175957166;65.39309334066725;49.9106656212778;81.9997442559398;32.473088175957166;65.39309334066725;49.9106656212778;321.4743622606949;624.8985352489807;-0.0179426017634654;0.0893343787221994;65.50738883018494;49.607922196388245;82.13791608810425;32.477568089962006;False;False;False;False;0.1434832768146884;0.14208064939891263;0.21519962234587478;0.24567976712065384
65.1804868045513;50.00983681316279;82.10599053833465;32.673854900496714;65.1804868045513;50.00983681316279;82.10599053833465;32.673854900496714;65.1804868045513;50.00983681316279;321.2879311274212;625.3213559743108;0.1946639343524907;-0.0098368131627921;65.36929619312286;49.85161101818085;82.10168480873108;32.43194788694382;False;False;False;False;0.14451412549996537;0.14276673415983376;0.21518197403950534;0.2435803911332293
65.25008494891108;49.988559013406245;81.94645160554816;32.689094180422806;65.25008494891108;49.988559013406245;81.94645160554816;32.689094180422806;65.25008494891108;49.988559013406245;321.3291751518459;625.2081148768382;0.1250657899927034;0.0114409865937545;65.15647208690643;49.97431969642639;82.13780462741852;32.43345834314823;False;False;False;False;0.14419888830517957;0.14255942216018286;0.21578907108351586;0.2418932377717732
65.27019442293799;49.93387135602627;82.0049077777809;32.62864677904204;65.27019442293799;49.93387135602627;82.0049077777809;32.62864677904204;65.27019442293799;49.93387135602627;321.440075931485;625.1845713674501;0.1049563159657935;0.0661286439737267;65.24043047428131;49.94267022609711;82.14247941970825;32.5077960640192;False;False;False;False;0.14386980762240864;0.1417784601354396;0.21618042579553878;0.24053067019615543
65.12556391058072;49.95709552218346;81.99101931073444;32.460936829947435;65.12556391058072;49.95709552218346;81.99101931073444;32.460936829947435;65.12556391058072;49.95709552218346;321.4024447517005;625.4878265676267;0.2495868283230606;0.0429044778165419;65.2843006849289;49.887412428855896;82.1392273902893;32.580435648560524;False;False;False;False;0.1432623894071261;0.14187117189703083;0.21649570626582604;0.23929135508377536
65.03918172848631;50.013138806770506;82.02498820407975;32.635358805532604;65.03918172848631;50.013138806770506;82.02498820407975;32.635358805532604;65.03918172848631;50.013138806770506;321.29607877956863;625.693869175592;0.3359690104174717;-0.013138806770506;65.11370813846588;49.91083753108978;82.14288592338562;32.54168502986431;False;False;False;False;0.14339549651932137;0.1421799551447035;0.2166901267679441;0.2366331390077958
65.23492887493344;49.96339096536801;81.79433400755394;32.606086356901784;65.23492887493344;49.96339096536801;81.79433400755394;32.606086356901784;65.23492887493344;49.96339096536801;321.39382262147086;625.3471707507534;0.1402218639703392;0.0366090346319865;65.01944077014923;49.97366631031037;82.14032888412476;32.49639675021172;False;False;False;False;0.14485995114963657;0.13876640824234432;0.21917038330949654;0.23405835737171976
65.35131630884669;50.11978501298905;81.81243333695711;32.559222841092044;65.35131630884669;50.11978501298905;81.81243333695711;32.559222841092044;65.35131630884669;50.11978501298905;321.0859157308464;625.1330921314564;0.0238344300570929;-0.1197850129890483;65.20564889907837;49.91539740562439;82.09632813930511;32.47516676783562;False;False;False;False;0.14534846577134866;0.13985100840053408;0.22082043480717317;0.23066731700542228
64.96418409374202;50.28625646203543;81.64810714152017;32.7410399523307;64.96418409374202;50.28625646203543;81.64810714152017;32.7410399523307;64.96418409374202;50.28625646203543;320.7370014976884;625.9105344856733;0.4109666451617642;-0.2862564620354249;65.30420649051666;50.0647497177124;82.05441892147064;32.52370871603489;False;False;False;False;0.14783517064870463;0.14114672121483365;0.22394835208096664;0.2269041758099216
64.85597852480747;50.31267469677222;81.71807498283673;32.88472711808043;64.85597852480747;50.31267469677222;81.71807498283673;32.88472711808043;64.85597852480747;50.31267469677222;320.64599749994346;626.1817411762307;0.5191722140963151;-0.3126746967722198;64.95772862434387;50.2161762714386;81.98380529880524;32.53034636378288;False;False;False;False;0.14672810185238191;0.14135822587100616;0.22533033713463665;0.22620735035332956
65.04496123797443;50.422991227032405;81.8305059006088;32.75798612854727;65.04496123797443;50.422991227032405;81.8305059006088;32.75798612854727;65.04496123797443;50.422991227032405;320.3836744798535;625.8729987117763;0.3301895009293503;-0.422991227032405;64.842010140419;50.25143492221832;81.92522287368774;32.58661761879921;False;False;False;False;0.14796429915314335;0.14149588312861336;0.2254141089694059;0.2248862676858545
64.95404771783588;50.28858328066209;81.91239512050706;32.779587081149046;64.95404771783588;50.28858328066209;81.91239512050706;32.779587081149046;64.95404771783588;50.28858328066209;320.5960915423231;626.098851018844;0.421103021067907;-0.2885832806620882;65.02595734596252;50.34750688076019;81.93956196308136;32.67400197684765;False;False;False;False;0.14630648098723187;0.14134620875406856;0.22504390100279778;0.22455394575291845
64.6409457676406;50.37926665104552;81.9697460967304;32.62683772033951;64.6409457676406;50.37926665104552;81.9697460967304;32.62683772033951;64.6409457676406;50.37926665104552;320.3762470308013;626.7812019887103;0.734204971263182;-0.3792666510455191;64.91803455352783;50.24635303020477;81.97841584682465;32.685934007167816;False;False;False;False;0.14855020519594866;0.14170939914118083;0.2250376414642642;0.22272987110699655
64.48742065798632;50.4825786869044;82.19945268889843;32.787519542931115;64.48742065798632;50.4825786869044;82.19945268889843;32.787519542931115;64.48742065798632;50.4825786869044;320.1190540722775;627.1861462041874;0.8877300809174642;-0.4825786869043966;64.6545125246048;50.32530903816223;82.05732345581055;32.617052122950554;False;False;False;False;0.14881611795603453;0.1421802780736576;0.22430860200983024;0.2232428221490926
64.68192397030775;50.64132879427239;82.21043329914737;32.64185370314378;64.68192397030775;50.64132879427239;82.21043329914737;32.64185370314378;64.68192397030775;50.64132879427239;319.7372100326209;626.9155035903335;0.693226768596034;-0.6413287942723898;64.53543376922607;50.41945540904999;82.17703223228455;32.607120648026466;False;False;False;False;0.1487546136903299;0.1395817921048215;0.2230727645364801;0.220865941782061
64.56202934017507;50.64403966191575;82.38859307776767;32.43462433178845;64.56202934017507;50.64403966191575;82.38859307776767;32.43462433178845;64.56202934017507;50.64403966191575;319.6462777914312;627.2477230864117;0.8131213987287111;-0.6440396619157482;64.70617842674255;50.56581735610962;82.27081656455994;32.56187580525875;False;False;False;False;0.14899994280544238;0.13920599415895735;0.22321277073913634;0.21797794165101794
64.69921178313031;50.48142553894184;82.43015520899914;32.21766154946452;64.69921178313031;50.48142553894184;82.43015520899914;32.21766154946452;64.69921178313031;50.48142553894184;319.88563408245693;627.0817743869984;0.675938955773475;-0.4814255389418349;64.6070123910904;50.55811154842377;82.38589644432068;32.535044103860855;False;False;False;False;0.147791810136556;0.13931522186456013;0.22302553287690113;0.21670867016401338
64.55020636978942;50.87712796351859;82.47259125550107;32.377014808257805;64.55020636978942;50.87712796351859;82.47259125550107;32.377014808257805;64.55020636978942;50.87712796351859;319.0300391614445;627.4699104077833;0.8249443691143625;-0.8771279635185891;64.70569443702698;50.38831412792206;82.4825131893158;32.377546057105064;False;False;False;False;0.14840979490912307;0.14477084143129315;0.22279027246494904;0.21498943847183258
64.71918488497658;50.9867654910238;82.6497095315023;32.536157303973674;64.71918488497658;50.9867654910238;82.6497095315023;32.536157303973674;64.71918488497658;50.9867654910238;318.6938137112983;627.2419459599575;0.6559658539271993;-0.9867654910238032;64.56784379482269;50.76878190040589;82.54850447177887;32.25328870117664;False;False;False;False;0.14705012734666648;0.1461890772804605;0.22222587886198122;0.21444581269872426
64.6979888552888;50.8982149377256;82.66497819794041;32.61648281422642;64.6979888552888;50.8982149377256;82.66497819794041;32.61648281422642;64.6979888552888;50.8982149377256;318.7393460857582;627.37180013319;0.6771618836149855;-0.8982149377255979;64.74786031246185;50.87673234939575;82.64251828193665;32.23983310163021;False;False;False;False;0.14565246282606684;0.14620291939217955;0.22140342179340974;0.21641384377558753
64.76656927220017;51.03042698120461;82.60627074954273;32.593057700946176;64.76656927220017;51.03042698120461;82.60627074954273;32.593057700946176;64.76656927220017;51.03042698120461;318.35516000710345;627.324927550516;0.6085814667036118;-1.030426981204613;64.73253512382507;50.80312097072601;82.70652294158936;32.3504201322794;False;False;False;False;0.14492492117387185;0.14704371583589967;0.2216047311066129;0.21520292031058524
64.7930972082916;50.78606847641056;82.70400439860013;32.74078602156051;64.7930972082916;50.78606847641056;82.70400439860013;32.74078602156051;64.7930972082916;50.78606847641056;318.70648675253096;627.3530158738936;0.5820535306121855;-0.7860684764105628;64.79066228866577;50.93104290962219;82.75182843208313;32.42626093327999;False;False;False;False;0.14492249376133595;0.1476272287491911;0.22049740527873896;0.21461339117198844
64.74416640256112;50.73840089669832;82.67464054577827;32.64719829658495;64.74416640256112;50.73840089669832;82.67464054577827;32.64719829658495;64.74416640256112;50.73840089669832;318.6970127817674;627.5284846227695;0.6309843363426637;-0.738400896698316;64.82801246643066;50.70341217517853;82.79364585876465;32.4789310246706;False;False;False;False;0.14503988705899135;0.1461681184073109;0.2189304293881872;0.2143376597695882
64.36092324046776;50.55140344915037;82.78443631438343;32.700928749241974;64.36092324046776;50.55140344915037;82.78443631438343;32.700928749241974;64.36092324046776;50.55140344915037;318.9725542239702;628.379102191802;1.0142274984360284;-0.5514034491503708;64.77183163166046;50.65058124065399;82.81036496162415;32.50133790075779;False;False;False;False;0.15021447020807896;0.14500664965223128;0.21492699046997268;0.214881962440697
64.55195352059002;50.37148283094863;82.81320775211987;32.53691360984075;64.55195352059002;50.37148283094863;82.81320775211987;32.53691360984075;64.55195352059002;50.37148283094863;319.25887500048697;628.1322719646822;0.8231972183137657;-0.3714828309486293;64.39977145195007;50.50623822212219;82.84765183925629;32.544867396354675;False;False;False;False;0.14797993677483495;0.14531242118779994;0.21193894499711796;0.21458896739977518
64.73099174471884;50.4529843543135;82.98622896178648;32.56428833511982;64.73099174471884;50.4529843543135;82.98622896178648;32.56428833511982;64.73099174471884;50.4529843543135;319.0463409096307;627.883955145533;0.6441589941849486;-0.4529843543135001;64.59415209293365;50.31156718730927;82.89266228675842;32.50148542225361;False;False;False;False;0.14840286113673587;0.14583611993979761;0.21152801710854918;0.21370702083961515
64.86210178641632;50.68489454432156;82.82486464543406;32.66962140218615;64.86210178641632;50.68489454432156;82.82486464543406;32.66962140218615;64.86210178641632;50.68489454432156;318.5221226157061;627.7076229280294;0.5130489524874662;-0.6848945443215584;64.74463486671448;50.387003898620605;82.96815395355225;32.47529216110706;False;False;False;False;0.14882272980143663;0.14849845029869943;0.21132536006029892;0.2143882051273544
65.0316507832065;50.77395668005345;82.76670107053218;32.5436340455124;65.0316507832065;50.77395668005345;82.76670107053218;32.5436340455124;65.0316507832065;50.77395668005345;318.25267907166614;627.4369314614473;0.3434999556972826;-0.7739566800534519;64.88032138347626;50.59869062900543;82.99775004386902;32.42970883846283;False;False;False;False;0.14840367456192655;0.14940527697673592;0.21244249677528165;0.21429753725274775
64.9384921729298;50.865961511623496;82.74961781361108;32.327486266804094;64.9384921729298;50.865961511623496;82.74961781361108;32.327486266804094;64.9384921729298;50.865961511623496;317.96547518451894;627.6690486760937;0.4366585659739854;-0.865961511623496;65.0394675731659;50.69390869140625;82.98963963985443;32.44741551578045;False;False;False;False;0.1486872209825739;0.14969152783988027;0.2121690959107646;0.21450909753915806
65.03014297591407;50.732764327329946;82.60039828819164;32.06724376524436;65.03014297591407;50.732764327329946;82.60039828819164;32.06724376524436;65.03014297591407;50.732764327329946;318.1164080182229;627.543968212255;0.3450077629897095;-0.7327643273299458;64.94584667682648;50.761425256729126;82.96700656414032;32.40147404372692;False;False;False;False;0.14873781752137163;0.1495130661377081;0.2144818638252304;0.21620354716800505
64.79103538703002;50.53191793805505;82.64754343400267;32.10299372747136;64.79103538703002;50.53191793805505;82.64754343400267;32.10299372747136;64.79103538703002;50.53191793805505;318.420398886462;628.0681844250884;0.5841153518737627;-0.5319179380550523;65.02720534801483;50.614835143089294;82.88352251052856;32.23507471382618;False;False;False;False;0.1473263994315808;0.14809821484157215;0.2154828995828254;0.21616124394161218
64.56367325490379;50.23105349793156;82.63135601335149;31.82533549211526;64.56367325490379;50.23105349793156;82.63135601335149;31.82533549211526;64.56367325490379;50.23105349793156;318.9512053749683;628.6007907362573;0.8114774839999939;-0.2310534979315619;64.81336486339569;50.440560817718506;82.84064292907715;32.078091353178024;False;False;False;False;0.1491431463970474;0.1494329952912462;0.2163530585186002;0.21663081585854133
64.60612627010413;49.98977643726462;83.033903956873;31.99415883132174;64.60612627010413;49.98977643726462;83.033903956873;31.99415883132174;64.60612627010413;49.98977643726462;319.40295236324465;628.6240817037233;0.7690244687996568;0.0102235627353834;64.60147416591644;50.14505052566528;82.8159511089325;31.94961979985237;False;False;False;False;0.1485989251397844;0.14978788632861487;0.21718150028531813;0.21657446538475292
64.34141805693076;50.12308208986818;83.01565041045232;31.90732265993904;64.34141805693076;50.12308208986818;83.01565041045232;31.90732265993904;64.34141805693076;50.12308208986818;319.1377041997356;629.25603472591;1.0337326819730208;-0.1230820898681841;64.66813683509827;49.947707176208496;82.91195809841156;31.91795185208321;False;False;False;False;0.15182834117396968;0.15024395935039908;0.2174051457834178;0.21657544753887958
64.50133913177916;50.16309749412859;83.04540186888305;32.134393390593104;64.50133913177916;50.16309749412859;83.04540186888305;32.134393390593104;64.50133913177916;50.16309749412859;319.041262445899;629.0740236004763;0.8738116071246225;-0.1630974941285927;64.41804897785187;50.08102905750275;83.01172852516174;31.85782290995121;False;False;False;False;0.14964665647750144;0.15033292232897078;0.21741029598363876;0.2181268804185031
64.5198606889611;50.27321398895965;83.03731599952033;32.086374786175455;64.5198606889611;50.27321398895965;83.03731599952033;32.086374786175455;64.5198606889611;50.27321398895965;318.7992831236864;629.1534887003957;0.8552900499426812;-0.2732139889596539;64.55610358715057;50.117093205451965;83.11233818531036;31.935099586844444;False;False;False;False;0.14940238947433096;0.15003495414589424;0.2174770395643028;0.21859791714402496
64.57445366315146;50.38904044467394;82.80162839913673;32.257691911500274;64.57445366315146;50.38904044467394;82.80162839913673;32.257691911500274;64.57445366315146;50.38904044467394;318.5312016803965;629.1583414253406;0.8006970757523248;-0.3890404446739381;64.56994569301605;50.21885550022125;83.1977367401123;31.95894807577133;False;False;False;False;0.149402038390967;0.15083056727388872;0.21983718492312834;0.2193290486461884
64.48716406894854;50.4612326796013;82.84524571267002;32.3774481322211;64.48716406894854;50.4612326796013;82.84524571267002;32.3774481322211;64.48716406894854;50.4612326796013;318.334945151252;629.4396802238467;0.8879866699552394;-0.4612326796013022;64.62280082702637;50.329723715782166;83.13299119472504;32.05247916281223;False;False;False;False;0.14887569050979446;0.15099446666216476;0.2201134759383669;0.22079306273515834
64.56928748479413;50.35349233062276;82.67223646541653;32.54455640478312;64.56928748479413;50.35349233062276;82.67223646541653;32.54455640478312;64.56928748479413;50.35349233062276;318.4889281585955;629.3938316148162;0.8058632541096529;-0.3534923306227568;64.53783988952637;50.41598796844482;83.0914556980133;32.10419774055481;False;False;False;False;0.14890552580589972;0.14983904566937556;0.22239620186622674;0.22418364869285834
64.70432990397923;50.298753417559766;82.75327617589609;32.3686122272433;64.70432990397923;50.298753417559766;82.75327617589609;32.3686122272433;64.70432990397923;50.298753417559766;318.5512736739718;629.2311952103273;0.6708208349245552;-0.2987534175597659;64.6019788980484;50.317426919937134;83.00312638282776;32.233781442046165;False;False;False;False;0.14776946068425512;0.14981961061691515;0.22304772868040545;0.22434338416076527
64.53271093757392;50.41817651041641;82.96384050679883;32.439949919924054;64.53271093757392;50.41817651041641;82.96384050679883;32.439949919924054;64.53271093757392;50.41817651041641;318.2725936992506;629.6638759211279;0.84243980132986;-0.4181765104164086;64.75049114227295;50.25439417362213;82.93617129325867;32.30419099330902;False;False;False;False;0.14763230042426767;0.15062198527148143;0.22246802205154156;0.22471387359612222
64.44633730046957;50.478884209174616;82.89561640284528;32.51045639690148;64.44633730046957;50.478884209174616;82.89561640284528;32.51045639690148;64.44633730046957;50.478884209174616;318.09542143367867;629.9489485021805;0.9288134384342186;-0.4788842091746161;64.56757068634033;50.37094581127167;82.98427641391754;32.324267849326134;False;False;False;False;0.14730703451235022;0.1507937539151715;0.2221917132328341;0.2235254759525483
64.56301518978852;50.33655647362091;83.0986065093304;32.51286785929972;64.56301518978852;50.33655647362091;83.0986065093304;32.51286785929972;64.56301518978852;50.33655647362091;318.3162256768961;629.8394345153339;0.8121355491152684;-0.3365564736209094;64.47919416427612;50.42733061313629;83.00685048103333;32.28833571076393;False;False;False;False;0.147517677768059;0.15049616056132087;0.21915081667440178;0.2243989862733923
64.40799647340829;50.272809758447856;83.2632773255771;32.429717682676824;64.40799647340829;50.272809758447856;83.2632773255771;32.429717682676824;64.40799647340829;50.272809758447856;318.39884491075946;630.2577566879763;0.9671542654954948;-0.2728097584478561;64.6257393360138;50.29664301872253;83.10871243476868;32.33068011701107;False;False;False;False;0.14893826336393162;0.149430842570182;0.21659942372472907;0.2243513842794763
64.55060345781061;50.35561078878495;83.60735329441265;32.30548201736907;64.55060345781061;50.35561078878495;83.60735329441265;32.30548201736907;64.55060345781061;50.35561078878495;318.1968682156256;630.1014966212377;0.8245472810931744;-0.3556107887849506;64.47687447071075;50.24691998958588;83.23961973190308;32.3481048643589;False;False;False;False;0.14910213554830268;0.14976281223743793;0.21721024455130772;0.22438818118261397
64.46030223816979;50.371954441564014;83.55697741380565;32.12339927760498;64.46030223816979;50.371954441564014;83.55697741380565;32.12339927760498;64.46030223816979;50.371954441564014;318.1167661382294;630.3920386979985;0.9148485007339956;-0.3719544415640143;64.62574279308319;50.319629073143005;83.40264737606049;32.305272817611694;False;False;False;False;0.14973063186677674;0.14977909952021487;0.2147684557127292;0.22230836797898268
64.45735175840414;50.511807091296696;83.40399239882849;31.91932634771375;64.45735175840414;50.511807091296696;83.40399239882849;31.91932634771375;64.45735175840414;50.511807091296696;317.7874669132222;630.5199194576277;0.91779898049964;-0.5118070912966957;64.54616105556488;50.31087923049927;83.54873955249786;32.193022072315216;False;False;False;False;0.14994168345435482;0.15096132695622494;0.21507719521685773;0.21961338880438958
64.59760314593261;50.35419593861905;83.42541552948713;31.809652533996285;64.59760314593261;50.35419593861905;83.42541552948713;31.809652533996285;64.59760314593261;50.35419593861905;318.0344482730713;630.3617898799707;0.7775475929711746;-0.3541959386190498;64.5197628736496;50.42927348613739;83.59635293483734;32.05262668430805;False;False;False;False;0.15011241625183241;0.1511105328616029;0.2156888363267686;0.21596470221654424
64.74074949411721;50.43787535837456;83.56765474502862;31.5216855472016;64.74074949411721;50.43787535837456;83.56765474502862;31.5216855472016;64.74074949411721;50.43787535837456;317.8198633084111;630.1791701959977;0.6344012447865737;-0.437875358374562;64.68345510959625;50.29161989688873;83.6227297782898;31.901299953460693;False;False;False;False;0.14957226106112595;0.15127462982089854;0.21543765383359945;0.21295307624521465
64.6152419248423;50.410106873590415;83.76654137142377;31.8722755039364;64.6152419248423;50.410106873590415;83.76654137142377;31.8722755039364;64.6152419248423;50.410106873590415;317.81701689686275;630.5147721671857;0.7599088140614896;-0.410106873590415;64.80323565006256;50.35421013832092;83.63087296485901;31.735162064433094;False;False;False;False;0.15063243036710883;0.15128636596603104;0.2153569040259915;0.21016659964547632
64.92910643201394;50.44512885894359;83.68794395998881;31.99825873881846;64.92910643201394;50.44512885894359;83.68794395998881;31.99825873881846;64.92910643201394;50.44512885894359;317.69229200967766;629.9883643280506;0.4460443068898456;-0.4451288589435904;64.66715848445892;50.34949469566345;83.6904388666153;31.667584106326103;False;False;False;False;0.15263655464712877;0.15103229770670215;0.21508971899475093;0.21138540100553252
64.90655049565804;50.36005056359145;83.77632162760088;32.122928890678075;64.90655049565804;50.36005056359145;83.77632162760088;32.122928890678075;64.90655049565804;50.36005056359145;317.8030980858561;630.0929487750144;0.4686002432457457;-0.3600505635914501;64.97371065616608;50.3737667798996;83.75666618347168;31.681536361575127;False;False;False;False;0.15168775053963762;0.15100672954547315;0.21493234220852056;0.21537249492342897
64.8442070717264;50.24291716015665;83.7008403451474;32.211123520025325;64.8442070717264;50.24291716015665;83.7008403451474;32.211123520025325;64.8442070717264;50.24291716015665;317.9893581509135;630.2801156553104;0.5309436671773824;-0.2429171601566508;64.97115242481232;50.30597710609436;83.82771253585815;31.874450221657757;False;False;False;False;0.15190044725546642;0.15096767471566097;0.2136724826614094;0.217705453755545
65.00231525490628;50.4393993871651;83.86075316989852;32.336628583339305;65.00231525490628;50.4393993871651;83.86075316989852;32.336628583339305;65.00231525490628;50.4393993871651;317.5640047422091;630.0346917779076;0.3728354839975054;-0.4393993871651034;64.88727009296417;50.20663821697235;83.84629368782043;31.975250020623207;False;False;False;False;0.15218022628633152;0.15258023653291927;0.21234402596787771;0.21962087643811515
65.06378629664769;50.4389028208854;83.59413371210152;32.417878808481404;65.06378629664769;50.4389028208854;83.59413371210152;32.417878808481404;65.06378629664769;50.4389028208854;317.5064112898132;629.9614610922911;0.3113644422560924;-0.4389028208853958;65.05073070526123;50.39120423793793;83.87161493301392;32.07414761185646;False;False;False;False;0.151439245529541;0.1525651202521759;0.2121973290275279;0.22121307439025148
65.37911322505956;50.49970582753652;83.52125219755543;32.298008303240785;65.37911322505956;50.49970582753652;83.52125219755543;32.298008303240785;65.37911322505956;50.49970582753652;317.32628490039286;629.3723224944348;-0.0039624861557712;-0.4997058275365162;65.09709000587463;50.39290857315064;83.83931756019592;32.15774394571781;False;False;False;False;0.15378479395613343;0.15277058591554402;0.21414372284448266;0.2212607922399481
65.2894311853884;50.26585027395748;83.49040747167837;32.46379687301935;65.2894311853884;50.26585027395748;83.49040747167837;32.46379687301935;65.2894311853884;50.26585027395748;317.7273685638794;629.5511582422897;0.0857195535153891;-0.2658502739574828;65.3952898979187;50.430410861968994;83.7774109840393;32.20651291310787;False;False;False;False;0.15375739688659693;0.1534669109009353;0.215469749043025;0.2219155137063201
65.03446465383357;50.21883553560665;83.65820607276027;32.695579534434266;65.03446465383357;50.21883553560665;83.65820607276027;32.695579534434266;65.03446465383357;50.21883553560665;317.78595133738673;630.0725205792014;0.3406860850702173;-0.2188355356066509;65.31593632698059;50.2341046333313;83.72274935245514;32.2293746471405;False;False;False;False;0.15589991593010313;0.1494432426029902;0.21431088977718785;0.226132958148792
64.71524467422174;50.39071391494214;83.66023771378636;32.65442524889205;64.71524467422174;50.39071391494214;83.66023771378636;32.65442524889205;64.71524467422174;50.39071391494214;317.4130165073016;630.7563853497678;0.6599060646820476;-0.3907139149421397;65.0803405046463;50.19853484630585;83.68824899196625;32.27874845266342;False;False;False;False;0.1596982417855855;0.15025545814931945;0.21299922564585838;0.22894096731550803
64.67420027114983;50.322700368935934;83.74113199823739;32.53766398417639;64.67420027114983;50.322700368935934;83.74113199823739;32.53766398417639;64.67420027114983;50.322700368935934;317.496948410655;630.9264616312025;0.7009504677539553;-0.3227003689359335;64.78260385990143;50.36516559123993;83.71841549873352;32.408477216959;False;False;False;False;0.1583334700480581;0.14964158842363043;0.21172872573483326;0.22921375867100793
64.74856856755812;50.52360461784063;83.70310151640301;32.34344007160193;64.74856856755812;50.52360461784063;83.70310151640301;32.34344007160193;64.74856856755812;50.52360461784063;317.05211319698753;630.8711851007531;0.6265821713456603;-0.5236046178406255;64.73751676082611;50.308002948760986;83.77928614616394;32.463613376021385;False;False;False;False;0.1580046275580428;0.1500252742476814;0.2091436561595521;0.22845325580498874
64.88232018703843;50.46766893362402;83.63554046613962;32.266028278994035;64.88232018703843;50.46766893362402;83.63554046613962;32.266028278994035;64.88232018703843;50.46766893362402;317.0941706163753;630.6872261513053;0.4928305518653531;-0.4676689336240187;64.79595506191254;50.47934567928314;83.82678806781769;32.370250299572945;False;False;False;False;0.15785090395494666;0.15002767723328442;0.2097399346206238;0.2280737329955145
65.0230213673244;50.47386010069271;83.61106715240047;31.95304131216623;65.0230213673244;50.47386010069271;83.61106715240047;31.95304131216623;65.0230213673244;50.47386010069271;317.0194324244214;630.471534530982;0.3521293715793803;-0.4738601006927112;64.92999947071075;50.42072415351868;83.8265585899353;32.25002847611904;False;False;False;False;0.15790114648233702;0.15009834790342813;0.21070228389509074;0.2296556587149083
65.23279123260285;50.56454520190679;83.82305267283827;31.84506478828893;65.23279123260285;50.56454520190679;83.82305267283827;31.84506478828893;65.23279123260285;50.56454520190679;316.7748808752342;630.0989453833024;0.1423595063009344;-0.5645452019067889;65.0568255186081;50.39811491966248;83.8023978471756;32.08824083209038;False;False;False;False;0.15878337332298306;0.150920772351104;0.2098422549930972;0.2306962503781675
65.22389708487712;50.70421089825467;83.55638460028052;31.653759275630453;65.22389708487712;50.70421089825467;83.55638460028052;31.653759275630453;65.22389708487712;50.70421089825467;316.42027678895084;630.1357149462607;0.1512536540266609;-0.7042108982546722;65.24737226963043;50.46990096569061;83.81757616996765;31.94333128631115;False;False;False;False;0.15862879252787823;0.1518712926294286;0.21129533442123707;0.23132204970108322
65.13608810883677;50.52752842340072;83.66665853871595;32.08137014299357;65.13608810883677;50.52752842340072;83.66665853871595;32.08137014299357;65.13608810883677;50.52752842340072;316.6797469522248;630.3315000522116;0.2390626300670106;-0.5275284234007245;65.2400951385498;50.588398933410645;83.776296377182;31.748797968029976;False;False;False;False;0.15670222703690653;0.15157631436661737;0.21090517927740002;0.2317761938550599
65.62046226045214;50.347954240167205;83.81386377133335;32.091946997769035;65.62046226045214;50.347954240167205;83.81386377133335;32.091946997769035;65.62046226045214;50.347954240167205;316.96855819557175;629.3946267663231;-0.2453115215483592;-0.3479542401672049;65.17914700508118;50.455612897872925;83.77638816833496;31.723975017666817;False;False;False;False;0.16200951508061898;0.15083574711703726;0.20975673445790843;0.2342698725120873
66.01001772685011;50.16583539347154;84.10079594539114;31.90358541845901;66.01001772685011;50.16583539347154;84.10079594539114;31.90358541845901;66.01001772685011;50.16583539347154;317.2864019902741;628.5828076306541;-0.6348669879463245;-0.1658353934715393;65.63321578502655;50.2868595123291;83.81395697593689;31.77491419017315;False;False;False;False;0.16592861720056754;0.1510257760803334;0.20641714216051482;0.23445273683137516
65.95205841998614;50.136482070043066;84.17979478221199;31.95627302821532;65.95205841998614;50.136482070043066;84.17979478221199;31.95627302821532;65.95205841998614;50.136482070043066;317.32299725133487;628.6140773126558;-0.5769076810823606;-0.1364820700430655;66.02718341350555;50.08682656288147;83.87992203235626;31.923595368862152;False;False;False;False;0.1622753274573314;0.15108796435609484;0.20396846116917955;0.23439101149252436
65.9973792688572;49.75728309018554;84.02295940714372;31.892251969738027;65.9973792688572;49.75728309018554;84.02295940714372;31.892251969738027;65.9973792688572;49.75728309018554;318.06319760171084;628.4465145907694;-0.6222285299534178;0.2427169098144617;65.96654295921326;50.06503319740296;84.02124762535095;31.88556842505932;False;False;False;False;0.16172054831791963;0.1538985964878691;0.20340128662840493;0.22968610397266806
65.96415126282369;49.72448414779486;83.99220021880976;32.211555502625046;65.96415126282369;49.72448414779486;83.99220021880976;32.211555502625046;65.96415126282369;49.72448414779486;318.1611577411341;628.4300067988427;-0.589000523919907;0.2755158522051388;65.99044513702393;49.7164534330368;84.08665537834167;31.82690404355526;False;False;False;False;0.16155872131309446;0.1521169832050852;0.2031310663209125;0.2308935473711193
66.2645427760602;49.75262902202377;83.90562427439988;31.99764011463997;66.2645427760602;49.75262902202377;83.90562427439988;31.99764011463997;66.2645427760602;49.75262902202377;318.141603439637;627.7506903691803;-0.8893920371564121;0.2473709779762316;65.96807789802551;49.70705366134644;84.1062068939209;31.894269734621048;False;False;False;False;0.16251459222386447;0.14972649418691952;0.2039998444005825;0.22802521951856455
66.44693924157657;50.21102955229427;83.98528840392261;32.01668783749926;66.44693924157657;50.21102955229427;83.98528840392261;32.01668783749926;66.44693924157657;50.21102955229427;317.2577851761595;627.2673118331934;-1.0717885026727885;-0.2110295522942706;66.2712767124176;49.713736176490784;84.05635118484497;31.935392171144485;False;False;False;False;0.16336890383265154;0.15663273992053475;0.20244596087652422;0.22563303405383311
66.10776457226285;50.11636390464249;84.03504357511557;32.05982823180364;66.10776457226285;50.11636390464249;84.03504357511557;32.05982823180364;66.10776457226285;50.11636390464249;317.4189791978238;627.8027560381312;-0.7326138333590677;-0.1163639046424904;66.42678260803223;50.12746441364288;84.00304019451141;31.98736645281315;False;False;False;False;0.1661744163373773;0.15656740752818507;0.20246808006202519;0.2233788394684732
66.11979896147172;50.138498996974334;84.15599572481769;31.949267881590675;66.11979896147172;50.138498996974334;84.15599572481769;31.949267881590675;66.11979896147172;50.138498996974334;317.3591938258744;627.6810054152655;-0.7446482225679318;-0.1384989969743344;66.10312831401825;50.03371560573578;84.00754451751709;31.91230833530426;False;False;False;False;0.16591800661639688;0.15688535405788975;0.20254360108684638;0.21485712903893456
66.03353184824503;50.19521731368045;83.8651172659699;31.910672575858023;66.03353184824503;50.19521731368045;83.8651172659699;31.910672575858023;66.03353184824503;50.19521731368045;317.22729065953223;627.7542532120432;-0.6583811093412493;-0.1952173136804518;66.13099575042725;50.05448913574219;84.05005037784576;31.90497651696205;False;False;False;False;0.16611865673379564;0.15662375883626858;0.20224171281399098;0.21124917863718923
66.07597783979315;50.34703692871381;83.58473035882537;32.02046207882312;66.07597783979315;50.34703692871381;83.58473035882537;32.02046207882312;66.07597783979315;50.34703692871381;316.89762245430813;627.5815770810348;-0.7008271008893701;-0.3470369287138126;66.01939463615417;50.10418450832367;84.03162002563477;31.88592739403248;False;False;False;False;0.16305766679220682;0.1575868218932247;0.20578561617608926;0.20892351173258994
65.9709648822849;50.36639263459849;83.63870193316642;32.08168342186936;65.9709648822849;50.36639263459849;83.63870193316642;32.08168342186936;65.9709648822849;50.36639263459849;316.8126394520436;627.6981593825993;-0.5958141433811193;-0.3663926345984905;66.04840636253357;50.26366603374481;83.9344984292984;31.846541613340374;False;False;False;False;0.16111065029555924;0.15769266351192615;0.20762219162916368;0.2096046815347754
65.98319600326194;50.40252588340312;83.68721966471544;32.30689268218112;65.98319600326194;50.40252588340312;83.68721966471544;32.30689268218112;65.98319600326194;50.40252588340312;316.6915206031545;627.5942552548611;-0.6080452643581538;-0.4025258834031149;65.95922434329987;50.26914203166962;83.84155333042145;31.866670101881027;False;False;False;False;0.16038100646483266;0.15810506132691596;0.20588062862848588;0.21309391632357233
65.84740842130837;50.3515512836154;83.60118333310056;32.319466752403066;65.84740842130837;50.3515512836154;83.60118333310056;32.319466752403066;65.84740842130837;50.3515512836154;316.73979968494285;627.7847577168538;-0.4722576824045887;-0.3515512836154002;65.97250986099243;50.33298373222351;83.75673174858093;31.96329176425934;False;False;False;False;0.16025770717427718;0.15788445927619169;0.20398994234550535;0.2150381679130959
65.99553065713148;50.56466982368;83.61407095934128;32.38228392872676;65.99553065713148;50.56466982368;83.61407095934128;32.38228392872676;65.99553065713148;50.56466982368;316.2666891003316;627.4255455542203;-0.6203799182276981;-0.5646698236799992;65.84230971336365;50.28256583213806;83.70152592658997;32.05539025366306;False;False;False;False;0.1609073562850493;0.15938875240988246;0.20408752619957274;0.2172837620412971
65.910648037363;50.64146672429214;83.6172841853758;32.41108587400781;65.910648037363;50.64146672429214;83.6172841853758;32.41108587400781;65.910648037363;50.64146672429214;316.0378059892833;627.5125934713269;-0.5354972984592195;-0.6414667242921368;65.96722400188446;50.46681725978851;83.69725108146667;32.15578928589821;False;False;False;False;0.16094602235335817;0.16004253110209238;0.20409411717521464;0.2185329851751708
66.06389530551637;50.27627409583196;83.77104765156633;32.483570080954976;66.06389530551637;50.27627409583196;83.77104765156633;32.483570080954976;66.06389530551637;50.27627409583196;316.68266234963136;627.1346992952256;-0.6887445666125842;-0.2762740958319583;65.88448250293732;50.54782676696777;83.68569850921631;32.177654430270195;False;False;False;False;0.16035313944445687;0.1618263605095633;0.20424630475932862;0.22046632496867816
65.8565957345138;50.11945985989938;84.01268104045438;32.41933484202979;65.8565957345138;50.11945985989938;84.01268104045438;32.41933484202979;65.8565957345138;50.11945985989938;316.9594542753856;627.457465828349;-0.4814449956100191;-0.1194598598993792;66.04653608798981;50.20660018920898;83.69940161705017;32.21761964261532;False;False;False;False;0.16064871575345643;0.16203727560391631;0.2063847040937014;0.2211896609448311
65.94954948248683;50.18626271942928;83.92011505971925;32.76809991648216;65.94954948248683;50.18626271942928;83.92011505971925;32.76809991648216;65.94954948248683;50.18626271942928;316.8099205750059;627.2073656663216;-0.5743987435830462;-0.1862627194292798;65.86515748500824;50.08174812793732;83.80907893180847;32.25141353905201;False;False;False;False;0.1601431642374549;0.16234078556341558;0.20534888289746814;0.2261267830179909
66.04536224774377;50.27202919560192;84.15650465767007;33.05503182095555;66.04536224774377;50.27202919560192;84.15650465767007;33.05503182095555;66.04536224774377;50.27202919560192;316.61355259340337;626.9391536366634;-0.6702115088399836;-0.2720291956019238;65.95471286773682;50.14643681049347;83.88089895248413;32.33043506741524;False;False;False;False;0.1602557671957889;0.16264522915408797;0.20700086788349828;0.2338334339629198
66.08761366311587;50.248845846230445;84.05938869801703;33.31948946504549;66.08761366311587;50.248845846230445;84.05938869801703;33.31948946504549;66.08761366311587;50.248845846230445;316.6236487327328;626.7652892714071;-0.7124629242120903;-0.248845846230445;66.05454957485199;50.2396981716156;83.99566411972046;32.46283560991287;False;False;False;False;0.15955393420025393;0.16131348842987733;0.20707985381829716;0.24509192157117815
66.04667856181882;50.27587149195759;84.39715752656906;33.151319477432985;66.04667856181882;50.27587149195759;84.39715752656906;33.151319477432985;66.04667856181882;50.27587149195759;316.5364179951144;626.7521644174396;-0.6715278229150385;-0.275871491957588;66.09082460403442;50.2229140996933;84.05640363693237;32.72871606051922;False;False;False;False;0.1595340337751091;0.1612826273548842;0.2095301198805134;0.247618222043012
65.89673583084767;50.57168795487899;84.2658018275219;33.284528770723;65.89673583084767;50.57168795487899;84.2658018275219;33.284528770723;65.89673583084767;50.57168795487899;315.90800220367726;626.9625128363266;-0.5215850919438907;-0.571687954878989;66.05504739284515;50.24326586723328;84.14595246315002;32.887472957372665;False;False;False;False;0.1579715606341435;0.16429404488188318;0.20972272930558214;0.25049491064916385
65.83028319345728;50.569212010323376;84.08044404222028;33.259881913171306;65.83028319345728;50.569212010323376;84.08044404222028;33.259881913171306;65.83028319345728;50.569212010323376;315.83672903213795;627.0258734321816;-0.4551324545534925;-0.5692120103233762;65.92973554134369;50.51651263237;84.23127233982086;32.959362640976906;False;False;False;False;0.15821420043399342;0.16342462005006228;0.20997995238200495;0.25165231020337114
65.67502050067199;50.59436143286626;84.1872329521784;33.369394632910414;65.67502050067199;50.59436143286626;84.1872329521784;33.369394632910414;65.67502050067199;50.59436143286626;315.7105352523424;627.2757144904783;-0.2998697617682069;-0.5943614328662576;65.83480095863342;50.51455938816071;84.2149007320404;32.922294586896896;False;False;False;False;0.15880613889904238;0.16206909793006888;0.20976456453988016;0.2549420708633657
65.82896926101706;50.33178260106536;84.1737365526529;33.29645800086216;65.82896926101706;50.33178260106536;84.1737365526529;33.29645800086216;65.82896926101706;50.33178260106536;316.1564447248954;626.9278343348858;-0.4538185221132806;-0.3317826010653562;65.72093200683594;50.548808574676514;84.23101663589478;32.97932803630829;False;False;False;False;0.15876826034655603;0.16336283722337627;0.2091006951479415;0.2566212198223265
65.89796383543478;50.48347411926429;84.08826469013427;33.30803652458523;65.89796383543478;50.48347411926429;84.08826469013427;33.30803652458523;65.89796383543478;50.48347411926429;315.8088240083555;626.7293360497686;-0.5228130965309958;-0.4834741192642866;65.85534632205963;50.30756735801697;84.1897040605545;32.9880990087986;False;False;False;False;0.15862471413710275;0.16351727112763792;0.20932420722646963;0.25770818171532855
65.99962090138781;50.59438698700012;84.19819639412331;33.18950626262504;65.99962090138781;50.59438698700012;84.19819639412331;33.18950626262504;65.99962090138781;50.59438698700012;315.5225350569819;626.4563135049917;-0.6244701624840303;-0.5943869870001208;65.9173834323883;50.43318688869476;84.13838624954224;33.00860531628132;False;False;False;False;0.15872192247681494;0.1642379070963833;0.20913628960936315;0.2582828271466727
66.1366942119275;50.81309146452768;84.3139971407185;33.07262830997884;66.1366942119275;50.81309146452768;84.3139971407185;33.07262830997884;66.1366942119275;50.81309146452768;315.0058745036601;626.0989041955811;-0.7615434730237212;-0.8130914645276803;66.00095808506012;50.53161311149597;84.15661990642548;32.961635291576385;False;False;False;False;0.15924765072603467;0.16641601496762282;0.20881058717416337;0.25846077459675826
65.96534650502225;50.84768325871268;84.41280702623993;33.05333341850456;65.96534650502225;50.84768325871268;84.41280702623993;33.05333341850456;65.96534650502225;50.84768325871268;314.82827872001974;626.3400604796551;-0.5901957661184696;-0.8476832587126779;66.14262878894806;50.72983801364899;84.17925298213959;32.9011195152998;False;False;False;False;0.159931895228936;0.16618745392712428;0.20973814580207878;0.25885294290831634
65.88278665359763;50.6687859841146;84.45264742760835;32.78495904285733;65.88278665359763;50.6687859841146;84.45264742760835;32.78495904285733;65.88278665359763;50.6687859841146;315.07304883472085;626.4264874136885;-0.50763591469385;-0.6687859841145993;65.97720801830292;50.76159119606018;84.23554062843323;32.80722700059414;False;False;False;False;0.15946396714585745;0.16589163500882828;0.21051756272185956;0.2583385381540225
65.81665109549522;50.64663222013328;84.45086850014718;32.72036872669714;65.81665109549522;50.64663222013328;84.45086850014718;32.72036872669714;65.81665109549522;50.64663222013328;315.0281848981349;626.4910737412675;-0.4415003565914333;-0.6466322201332844;65.89149689674377;50.59200465679169;84.32143747806549;32.70614117383957;False;False;False;False;0.1592938879247587;0.16382829594249113;0.21082016170820703;0.2582133747066467
65.71056590057863;50.45226955978267;84.41160167314902;32.60962935189371;65.71056590057863;50.45226955978267;84.41160167314902;32.60962935189371;65.71056590057863;50.45226955978267;315.330692589485;626.6443774168886;-0.3354151616748453;-0.4522695597826711;65.85132229328156;50.56336283683777;84.38104271888733;32.605086490511894;False;False;False;False;0.15969016316277485;0.16332940914703956;0.2107624148101785;0.25820556459008326
65.59075658950046;50.28705785527969;84.20613013492851;32.532227321427776;65.59075658950046;50.28705785527969;84.20613013492851;32.532227321427776;65.59075658950046;50.28705785527969;315.60081339052;626.8392740174883;-0.215605850596674;-0.2870578552796914;65.72875189781189;50.37515997886658;84.40077781677246;32.46530659496784;False;False;False;False;0.15942591946128842;0.1625422421656678;0.2113235065168509;0.2582693314376797
65.43389087887685;50.43560484803099;84.43956464155374;32.45499214248962;65.43389087887685;50.43560484803099;84.43956464155374;32.45499214248962;65.43389087887685;50.43560484803099;315.2654450243133;627.1242579919892;-0.058740139973068;-0.4356048480309908;65.62212204933167;50.21806383132935;84.34932887554169;32.398290038108826;False;False;False;False;0.1604090268162755;0.1638429025918796;0.2085702130038729;0.2578306173936942
65.40431818538107;50.15787353383378;84.54005056506156;32.35305549549386;65.40431818538107;50.15787353383378;84.54005056506156;32.35305549549386;65.40431818538107;50.15787353383378;315.76282700630367;627.1755713603177;-0.0291674464772881;-0.1578735338337793;65.47959744930267;50.37500786781311;84.35715734958649;32.32207961380482;False;False;False;False;0.16020532740498095;0.16506752320658483;0.20430794635439375;0.25778399440032584
65.76774106948227;50.18938164504867;84.60870893778414;32.44655162879741;65.76774106948227;50.18938164504867;84.60870893778414;32.44655162879741;65.76774106948227;50.18938164504867;315.6787609793627;626.4448365992516;-0.3925903305784857;-0.1893816450486696;65.45025038719177;50.10924911499024;84.39467370510101;32.252721562981606;False;False;False;False;0.16297684623356407;0.16517103482007553;0.2016219217387777;0.2584349374124996
65.85599887649641;50.00578649309337;84.2527053676844;32.3318193856216;65.85599887649641;50.00578649309337;84.2527053676844;32.3318193856216;65.85599887649641;50.00578649309337;316.02070039726686;626.2159756078129;-0.4808481375926305;-0.0057864930933675;65.80446171760559;50.13219714164734;84.44888293743134;32.207147255539894;False;False;False;False;0.16273317249863628;0.16444880943825466;0.20080584642965055;0.25868119188913996
65.92254849908736;49.929859964277625;84.01447040484408;32.561439739076505;65.92254849908736;49.929859964277625;84.01447040484408;32.561439739076505;65.92254849908736;49.929859964277625;316.1717819224859;626.0187632776186;-0.5473977601835713;0.0701400357223747;65.86865258216858;49.96139717102051;84.4329309463501;32.18275375664234;False;False;False;False;0.16104938213300382;0.16441568534207832;0.20182059663290008;0.2611764900230172
65.96470184567369;49.97382937609929;83.98065059928108;32.494398804474905;65.96470184567369;49.97382937609929;83.98065059928108;32.494398804474905;65.96470184567369;49.97382937609929;316.0931951036055;625.8614702164215;-0.5895511067699033;0.0261706239007111;65.94779527187347;49.89214861392975;84.31087493896484;32.23027288913727;False;False;False;False;0.1606017647648636;0.16412039363591088;0.203310242681384;0.2613695630535612
65.77078953370703;49.81145572349303;83.98242052118435;32.15266793865669;65.77078953370703;49.81145572349303;83.98242052118435;32.15266793865669;65.77078953370703;49.81145572349303;316.4214318253381;626.1706880261188;-0.3956387948032471;0.1885442765069669;65.96045851707458;49.914076805114746;84.16928052902222;32.24635437130928;False;False;False;False;0.1610522110396323;0.16109173280154668;0.20100481917494714;0.26090170626111386
65.81653786069083;50.00418752889348;84.11921653507477;31.873135254197308;65.81653786069083;50.00418752889348;84.11921653507477;31.873135254197308;65.81653786069083;50.00418752889348;316.06110745140484;626.026439532844;-0.4413871217870451;-0.0041875288934747;65.77790451049805;49.76798450946808;84.03484582901001;32.25536875426769;False;False;False;False;0.16108332288762983;0.1623973887815774;0.19526554364100368;0.2626748710915274
65.77856297328144;49.848467180837766;84.1668644204435;31.79708329966204;65.77856297328144;49.848467180837766;84.1668644204435;31.79708329966204;65.77856297328144;49.848467180837766;316.37198981033043;626.0435376914246;-0.4034122343776545;0.1515328191622345;65.83059024810791;49.91072690486908;84.02222454547882;32.07782417535782;False;False;False;False;0.1606772483889317;0.1622332022995806;0.19061482376421587;0.2639639186692835
65.79278365101796;49.71755614893648;84.36260589824806;31.847846583909124;65.79278365101796;49.71755614893648;84.36260589824806;31.847846583909124;65.79278365101796;49.71755614893648;316.6540162500213;625.9613080380345;-0.417632912114172;0.2824438510635261;65.79524171352386;49.77723562717438;84.06324207782745;31.84435747563839;False;False;False;False;0.16048722969102128;0.15917253496537456;0.1912017743919132;0.2638991861791357
65.70966304870859;49.622468034569934;84.21252869025554;32.10317050004269;65.70966304870859;49.622468034569934;84.21252869025554;32.10317050004269;65.70966304870859;49.622468034569934;316.8818516588962;626.0718648543714;-0.3345123098048077;0.3775319654300659;65.83039319515228;49.65014338493347;84.15536761283875;31.72942593693733;False;False;False;False;0.1605300568759371;0.15655556351158403;0.19082521683790157;0.2662939384160163
65.99904489953201;49.59273718466125;84.2944505165804;31.987952389729895;65.99904489953201;49.59273718466125;84.2944505165804;31.987952389729895;65.99904489953201;49.59273718466125;316.9916509541043;625.4484995114173;-0.6238941606282253;0.407262815338747;65.74466824531555;49.58539938926697;84.20890808105469;31.762515008449554;False;False;False;False;0.16135075864437431;0.15582855766837997;0.19099899906695816;0.2661625236538228
65.75268639952895;49.438176988435394;84.41938479743985;32.000341612808285;65.75268639952895;49.438176988435394;84.41938479743985;32.000341612808285;65.75268639952895;49.438176988435394;317.35507305526784;625.8580306233396;-0.3775356606251705;0.5618230115646057;66.0206149816513;49.54644513130188;84.23759937286377;31.848525777459145;False;False;False;False;0.16311651613182013;0.156164207427559;0.19091401926029364;0.265439124271094
65.70927670072408;49.434202661852986;84.59485992955751;32.31765766826345;65.70927670072408;49.434202661852986;84.59485992955751;32.31765766826345;65.70927670072408;49.434202661852986;317.43793144330795;625.894511932866;-0.3341259618202912;0.5657973381470143;65.80066239833832;49.397345185279846;84.2869108915329;31.922514364123344;False;False;False;False;0.16332441823051172;0.15620149046045276;0.1927127998737753;0.26785181608500364
65.61930190956036;49.2740036863802;84.57776831403622;32.41722331744768;65.61930190956036;49.2740036863802;84.57776831403622;32.41722331744768;65.61930190956036;49.2740036863802;317.8337690393398;626.0299113869506;-0.2441511706565791;0.7259963136198024;65.76655840873718;49.41676700115204;84.36079621315002;31.943831220269203;False;False;False;False;0.1632266223817285;0.1566526339324252;0.19330418359740464;0.2713891134988305
65.57603944737346;49.08481491716071;84.2744665816782;32.18640946715218;65.57603944737346;49.08481491716071;84.2744665816782;32.18640946715218;65.57603944737346;49.08481491716071;318.3089460862614;626.0838828219036;-0.2008887084696766;0.9151850828392938;65.69330310821533;49.29179739952088;84.43442583084106;32.06797055900097;False;False;False;False;0.1634547173413594;0.15758926607350282;0.19357880478370665;0.27147708091009043
65.80204080571542;49.28980088038205;84.38839952235892;32.36846100731179;65.80204080571542;49.28980088038205;84.38839952235892;32.36846100731179;65.80204080571542;49.28980088038205;318.0209988375306;625.6050949440903;-0.4268900668116373;0.7101991196179469;65.62865591049194;49.09572625160217;84.42443370819092;32.18986511230469;False;False;False;False;0.1629987759829662;0.158668918443312;0.19077804597106238;0.2718094801416908
66.04716411941824;49.35693645037557;84.49269934100163;32.352220813585554;66.04716411941824;49.35693645037557;84.49269934100163;32.352220813585554;66.04716411941824;49.35693645037557;317.9814209134926;625.0579296411098;-0.672013380514457;0.6430635496244292;65.83721053600311;49.28220748901367;84.40956354141235;32.18923568725586;False;False;False;False;0.16363506014171825;0.15762876261585815;0.1890142902984318;0.27213536091090607
66.11737509286033;49.16516672147764;84.54014371393905;32.330448317725434;66.11737509286033;49.16516672147764;84.54014371393905;32.330448317725434;66.11737509286033;49.16516672147764;318.4507021779051;624.827905910157;-0.7422243539565443;0.8348332785223604;66.07710349559784;49.353907108306885;84.38391447067261;32.15609088540077;False;False;False;False;0.16043730554252228;0.15724065644328258;0.18560031658959256;0.2718540661379153
65.94652195657024;49.06174615463692;84.52542196563576;32.27909719478834;65.94652195657024;49.06174615463692;84.52542196563576;32.27909719478834;65.94652195657024;49.06174615463692;318.7688544153895;625.070648935543;-0.5713712176664529;0.9382538453630788;66.13669645786285;49.1695761680603;84.38820242881775;32.2186104953289;False;False;False;False;0.16116697860683438;0.15730757393664418;0.18432774978423358;0.269807719111289
66.09157851918594;49.06682778219816;84.70607553937953;32.70149924380164;66.09157851918594;49.06682778219816;84.70607553937953;32.70149924380164;66.09157851918594;49.06682778219816;318.8837916729821;624.7043529812894;-0.7164277802821601;0.9331722178018396;65.98104190826416;49.06428420543671;84.43140983581543;32.20841348171234;False;False;False;False;0.1603478220396143;0.15645501572548765;0.1859596503443743;0.27338532554829004
66.08459714918895;49.16158924489272;84.6607461576834;32.4082160620243;66.08459714918895;49.16158924489272;84.6607461576834;32.4082160620243;66.08459714918895;49.16158924489272;318.8186917099666;624.6227920172457;-0.7094464102851674;0.8384107551072759;66.15455222129822;49.08560395240784;84.50410187244415;32.2676794230938;False;False;False;False;0.16033996159041575;0.15652187439484663;0.18654047735118495;0.2735283152601713
65.79022003849585;49.30993573122733;84.65018666580676;32.48840805253851;65.79022003849585;49.30993573122733;84.65018666580676;32.48840805253851;65.79022003849585;49.30993573122733;318.63378683797833;625.1169533839272;-0.4150692995920622;0.690064268772673;66.12498044967651;49.17138767242432;84.53566491603851;32.32164852321148;False;False;False;False;0.16133718780974185;0.1565662863408298;0.18685795608011396;0.2739321031818904
65.88905553989123;49.430576143182606;84.40716148995295;32.17065958732843;65.88905553989123;49.430576143182606;84.40716148995295;32.17065958732843;65.88905553989123;49.430576143182606;318.48451458323746;624.8639398078575;-0.5139048009874472;0.5694238568173944;65.85456848144531;49.31377398967743;84.5616614818573;32.41390027105808;False;False;False;False;0.16058233130616026;0.1562439590887341;0.186947198698856;0.27443122297595074
65.84891000153856;49.42836620575353;84.39515094442096;32.3752633486212;65.84891000153856;49.42836620575353;84.39515094442096;32.3752633486212;65.84891000153856;49.42836620575353;318.5648576390046;624.8757102444312;-0.4737592626347719;0.5716337942464733;65.91970658302307;49.39909791946411;84.52410578727722;32.2652543336153;False;False;False;False;0.16011609824766923;0.15483034868707374;0.18732402120819613;0.274611629464945
65.8426107030575;49.444235443034856;84.26340544201084;32.47947893966339;65.8426107030575;49.444235443034856;84.26340544201084;32.47947893966339;65.8426107030575;49.444235443034856;318.6093370036748;624.8251409397086;-0.4674599641537185;0.5557645569651442;65.8975225687027;49.40993928909302;84.45162355899811;32.23308399319649;False;False;False;False;0.1596110184968642;0.15468518038117604;0.18784632340573748;0.2753475111110786
65.9580001604946;49.47566774102654;84.08936326460625;32.55835527407229;65.9580001604946;49.47566774102654;84.08936326460625;32.55835527407229;65.9580001604946;49.47566774102654;318.6205743486201;624.5320340296139;-0.5828494215908222;0.5243322589734589;65.88539516925812;49.44053089618683;84.35044348239899;32.19132475554943;False;False;False;False;0.15951902855078898;0.15454859215459166;0.1894415375337747;0.2759078802451221
66.16038161930268;49.73045801540556;84.21938095551869;32.40305956924809;66.16038161930268;49.73045801540556;84.21938095551869;32.40305956924809;66.16038161930268;49.73045801540556;318.1809047677252;624.0495578557857;-0.785230880398899;0.26954198459444;65.97947931289673;49.46449530124664;84.21216011047363;32.31552965939045;False;False;False;False;0.15976244743329335;0.14951973437760588;0.18944042650971749;0.2760340661592264
65.95407392024433;49.76139666902313;84.36062421535006;32.55620561630958;65.95407392024433;49.76139666902313;84.36062421535006;32.55620561630958;65.95407392024433;49.76139666902313;318.1549663917693;624.3574758031825;-0.5789231813405422;0.238603330976872;66.17259120941162;49.686363101005554;84.16834950447083;32.35156014561653;False;False;False;False;0.16046778314954957;0.1482408910912864;0.19008063771870068;0.2754053829781971
65.98797492239287;49.69089174716476;84.21168251107191;32.69670047276497;65.98797492239287;49.69089174716476;84.21168251107191;32.69670047276497;65.98797492239287;49.69089174716476;318.3277900129496;624.2124840413734;-0.6128241834890815;0.3091082528352373;66.0022337436676;49.72779262065888;84.16745126247406;32.35816664993763;False;False;False;False;0.16040307719010358;0.1482684901831971;0.19011535559032436;0.27495510195913964
66.03427059843582;49.94790078671755;84.28644208098856;32.171803816451025;66.03427059843582;49.94790078671755;84.28644208098856;32.171803816451025;66.03427059843582;49.94790078671755;317.8549863675554;624.0381827981556;-0.6591198595320407;0.0520992132824531;66.0178735256195;49.655564069747925;84.17040824890137;32.364124059677124;False;False;False;False;0.16037786997835346;0.14930087692677402;0.19019694758124678;0.27459305388314215
66.05933390992303;49.975946265816354;84.10457166871151;32.33769740448788;66.05933390992303;49.975946265816354;84.10457166871151;32.33769740448788;66.05933390992303;49.975946265816354;317.8058419711288;623.9001735272436;-0.6841831710192423;0.0240537341836457;66.04427516460419;49.859925270080566;84.20999646186829;32.370973974466324;False;False;False;False;0.16038412885218853;0.1490706357520701;0.19040779024475943;0.27296901714709115
66.03157812100407;50.0659699439486;83.83630328648297;32.46260787249245;66.03157812100407;50.0659699439486;83.83630328648297;32.46260787249245;66.03157812100407;50.0659699439486;317.6290017794221;623.864460682279;-0.65642738210029;-0.0659699439485947;66.07145810127258;49.89302670955658;84.17494535446167;32.290921434760094;False;False;False;False;0.16022988647122824;0.14994275090775278;0.192792401541471;0.2729883719393575
66.22437221877146;50.12350531164577;83.98649516184521;32.569010861056846;66.22437221877146;50.12350531164577;83.98649516184521;32.569010861056846;66.22437221877146;50.12350531164577;317.50513505150127;623.3913488357974;-0.8492214798676798;-0.123505311645772;66.01553308963776;50.002487897872925;84.0574198961258;32.15391002595425;False;False;False;False;0.15663698312133417;0.15008846241724538;0.19289512301952852;0.27518529014028725
66.07529313414555;50.20923066618401;84.05934564578334;32.62039377632499;66.07529313414555;50.20923066618401;84.05934564578334;32.62039377632499;66.07529313414555;50.20923066618401;317.3172169675387;623.5762774744002;-0.7001423952417696;-0.2092306661840126;66.22052347660065;50.05474150180817;83.98657023906708;32.27043643593788;False;False;False;False;0.15657697390516717;0.15026122729325342;0.1929919451452255;0.2771998082681066
66.02505714092327;50.47547294706012;83.85342596312384;32.550654216219336;66.02505714092327;50.47547294706012;83.85342596312384;32.550654216219336;66.02505714092327;50.47547294706012;316.7568349836286;623.5833971414792;-0.6499064020194822;-0.4754729470601191;66.0841178894043;50.1386376619339;83.94569039344788;32.35296405851841;False;False;False;False;0.1561340171721188;0.15306229276245029;0.19298624539848247;0.27777538178786887
66.28121830914255;50.711670348202674;83.85246734830875;32.26735430735341;66.28121830914255;50.711670348202674;83.85246734830875;32.26735430735341;66.28121830914255;50.711670348202674;316.22104378840214;622.9844206181047;-0.9060675702387612;-0.7116703482026736;66.02696907520294;50.37299585342407;83.89267444610596;32.39493392407894;False;False;False;False;0.15760726912020098;0.1538313355548329;0.19254021505136032;0.27742354564618427
66.24963547498284;50.9189646393472;83.87185478886865;32.22530486106828;66.24963547498284;50.9189646393472;83.87185478886865;32.22530486106828;66.24963547498284;50.9189646393472;315.71156582635274;622.9267772770589;-0.8744847360790544;-0.9189646393471946;66.2646633386612;50.556182503700256;83.87729287147522;32.33177341520786;False;False;False;False;0.15695195820296673;0.15678420221724526;0.1912764950152498;0.27739661800550847
66.3462057245525;50.57625564006833;83.76084138433673;32.49032228201105;66.3462057245525;50.57625564006833;83.76084138433673;32.49032228201105;66.3462057245525;50.57625564006833;316.27445520633086;622.617038813109;-0.9710549856487204;-0.5762556400683323;66.20505654811859;50.76361012458801;83.84405791759491;32.195183262228966;False;False;False;False;0.15723340926403803;0.15694356244041455;0.19006819934671762;0.27858573384371016
66.59480627750897;50.87496363661801;83.88777974451703;32.37493894584233;66.59480627750897;50.87496363661801;83.88777974451703;32.37493894584233;66.59480627750897;50.87496363661801;315.60020512788907;621.9903637091096;-1.2196555386051813;-0.8749636366180127;66.3266589641571;50.461275577545166;83.77006769180298;32.118083611130714;False;False;False;False;0.15909559917303945;0.16180115064230557;0.18716317002890306;0.27783850778745434
66.43853529477194;50.45922120448473;83.90220723099608;32.03788548587322;66.43853529477194;50.45922120448473;83.90220723099608;32.03788548587322;66.43853529477194;50.45922120448473;316.3150281739399;622.140284936103;-1.0633845558681545;-0.4592212044847272;66.5392963886261;50.71068239212036;83.76428484916687;32.15499348938465;False;False;False;False;0.15778672636730678;0.1633767209523488;0.1862706291816711;0.2777774600218589
66.15684256037264;50.795696511865806;83.7370949522351;32.006807597196655;66.15684256037264;50.795696511865806;83.7370949522351;32.006807597196655;66.15684256037264;50.795696511865806;315.5808480652464;622.5618857974524;-0.7816918214688542;-0.7956965118658061;66.39521956443787;50.32913255691528;83.77588331699371;32.16733939945698;False;False;False;False;0.15762756186842017;0.16814234855189988;0.18523561719844092;0.2771530564477598
65.6953367966083;50.43763691080864;83.7546696670653;31.978652250324423;65.6953367966083;50.43763691080864;83.7546696670653;31.978652250324423;65.6953367966083;50.43763691080864;316.190874399112;623.3806717487853;-0.3201860577045181;-0.4376369108086422;66.13644754886627;50.620829701423645;83.75397145748138;32.0097241550684;False;False;False;False;0.1631414991613752;0.16839760815147098;0.18406626203746332;0.2771363559162144
65.67102285299954;50.42396668986807;83.65177510648928;31.996834463349643;65.67102285299954;50.42396668986807;83.65177510648928;31.996834463349643;65.67102285299954;50.42396668986807;316.1598632528853;623.3866081616422;-0.2958721140957578;-0.4239666898680667;65.71421492099762;50.31548750400543;83.75818729400635;31.865246519446373;False;False;False;False;0.1601926895698652;0.16788427726614324;0.1840803734618673;0.2774183578839352
65.65945621743465;50.14775560514355;83.87238821373977;31.866108253027672;65.65945621743465;50.14775560514355;83.87238821373977;31.866108253027672;65.65945621743465;50.14775560514355;316.65575653035194;623.3702918175593;-0.284305478530868;-0.1477556051435513;65.67662274837494;50.28985333442688;83.70960354804993;31.847600489854813;False;False;False;False;0.1600040964567153;0.1682482175301109;0.1847056425192907;0.27616785555407947
65.57860738759966;50.0654142895626;83.98919002437708;31.804999116777555;65.57860738759966;50.0654142895626;83.98919002437708;31.804999116777555;65.57860738759966;50.0654142895626;316.8007384141614;623.4940820800919;-0.2034566486958766;-0.0654142895625966;65.68171155452728;50.04952132701874;83.70976746082306;31.830687150359157;False;False;False;False;0.16026855639805873;0.16759528590793615;0.18648002140842246;0.2758018224226811
65.69187210539607;50.128855797087965;83.84036722259307;31.917007472569463;65.69187210539607;50.128855797087965;83.84036722259307;31.917007472569463;65.69187210539607;50.128855797087965;316.66513349383564;623.2404250913396;-0.3167213664922883;-0.1288557970879651;65.59178972244263;49.96995687484741;83.76694679260254;31.78973846137524;False;False;False;False;0.16055181209231462;0.16749452464898287;0.18274961917739208;0.27459524758365633
65.9107394821801;50.2681707495364;83.69716687150552;32.380573396272084;65.9107394821801;50.2681707495364;83.69716687150552;32.380573396272084;65.9107394821801;50.2681707495364;316.3693228159937;622.7604608222392;-0.5355887432763211;-0.2681707495363952;65.6858081817627;50.02576088905335;83.79302203655243;31.74624502658844;False;False;False;False;0.16146077598654374;0.16861612317783173;0.18090950309895273;0.2794645553881906
65.9592273581533;50.04824386395532;83.7460205409788;32.16407059827014;65.9592273581533;50.04824386395532;83.7460205409788;32.16407059827014;65.9592273581533;50.04824386395532;316.77342048721766;622.592073237856;-0.5840766192495153;-0.0482438639553208;65.89494705200195;50.17285919189453;83.78669500350952;31.839666292071342;False;False;False;False;0.16154923388440612;0.16892916602469807;0.17648118522404574;0.278018484502126
65.86197521958867;49.952795084579705;83.61736338553852;32.34008981806437;65.86197521958867;49.952795084579705;83.61736338553852;32.34008981806437;65.86197521958867;49.952795084579705;316.95788553077483;622.7087006324186;-0.4868244806848878;0.0472049154202949;65.95592629909515;49.95210802555084;83.75551223754883;31.982929334044456;False;False;False;False;0.1615028320459715;0.16891979584398445;0.17536136561649956;0.2798011440038173
65.60432538472226;50.01833810190289;83.66378495969667;32.56937049564186;65.60432538472226;50.01833810190289;83.66378495969667;32.56937049564186;65.60432538472226;50.01833810190289;316.8330934848512;623.1590903713935;-0.2291746458184747;-0.0183381019028914;65.8504683971405;49.88313603401184;83.66841554641724;32.13438801467419;False;False;False;True;0.161872741499982;0.16868970067157718;0.17534207599465385;0.2825618853058576
65.59315501428688;50.11491944412551;83.66507359307673;32.47019240986576;65.59315501428688;50.11491944412551;83.66507359307673;32.47019240986576;65.59315501428688;50.11491944412551;316.63748572015226;623.1508744928218;-0.2180042753830946;-0.1149194441255119;65.6026691198349;49.95475614070892;83.62598180770874;32.14954420924187;False;False;False;True;0.16146204937817116;0.1690665616208532;0.17517784126353034;0.2836560527109483
65.62632170961923;50.14247600471198;83.74833186102244;32.42549435102612;65.62632170961923;50.14247600471198;83.74833186102244;32.42549435102612;65.62632170961923;50.14247600471198;316.56705000642927;623.0554738654394;-0.2511709707154494;-0.1424760047119804;65.61300575733185;50.027862787246704;83.61711084842682;32.26414792239666;False;False;False;True;0.16126913200387782;0.1691981488622609;0.17540602646147324;0.28326507294656605
65.80947009354662;49.93117256712539;83.7715222901214;32.26862919926769;65.80947009354662;49.93117256712539;83.7715222901214;32.26862919926769;65.80947009354662;49.93117256712539;316.9706600809742;622.6556876348225;-0.4343193546428381;0.0688274328746132;65.6524578332901;50.05242872238159;83.62789630889893;32.31313079595566;False;False;False;True;0.16062637388889558;0.1695774568132626;0.17532147796915634;0.2831394311730747
65.61847908310763;49.846274238627096;83.8794478179198;32.34195220889751;65.61847908310763;49.846274238627096;83.8794478179198;32.34195220889751;65.61847908310763;49.846274238627096;317.1496337290207;622.9797604084148;-0.2433283442038458;0.1537257613729039;65.822718501091;49.85468780994415;83.66046905517578;32.231841534376144;False;False;False;True;0.16164971374931486;0.16926240045534754;0.1730439249449465;0.28330485951788575
65.46330908331595;49.93723582124905;83.91318055400173;32.3992633307213;65.46330908331595;49.93723582124905;83.91318055400173;32.3992633307213;65.46330908331595;49.93723582124905;316.98820733195987;623.257656628771;-0.0881583444121645;0.0627641787509531;65.65561068058014;49.783620834350586;83.70891511440277;32.18631558120251;False;False;False;True;0.16191969452271426;0.16982165090816276;0.1735136516741519;0.2835016359802072
65.11766022915035;49.83105173156674;84.05743208523774;32.35431169947183;65.11766022915035;49.83105173156674;84.05743208523774;32.35431169947183;65.11766022915035;49.83105173156674;317.2089440684913;623.9371998911805;0.2574905097534383;0.1689482684332617;65.48693680763245;49.87154793739319;83.77234935760498;32.16334566473961;False;False;False;True;0.1654870695945612;0.16878176281089452;0.17508670651999378;0.2828846249418842
65.05368580626559;49.90630556613176;84.11769304342765;32.09280729746657;65.05368580626559;49.90630556613176;84.11769304342765;32.09280729746657;65.05368580626559;49.90630556613176;317.0809628351524;624.0994808049171;0.3214649326381931;0.0936944338682437;65.17368137836456;49.77393758296967;83.85871827602386;32.203301042318344;False;False;False;True;0.16571598243170949;0.16910152478092902;0.17606655150838452;0.282131185525583
65.23555455940588;50.02960375227055;84.28992817999301;32.30410766479809;65.23555455940588;50.02960375227055;84.28992817999301;32.30410766479809;65.23555455940588;50.02960375227055;316.84685905405723;623.7786052896549;0.1395961794979001;-0.0296037522705532;65.1181435585022;49.83981204032898;83.94927024841309;32.164810225367546;False;False;False;False;0.16600381288883098;0.16949432972717693;0.1789604305849252;0.2801148680332322
65.45337950732153;49.61556403577416;84.16653206415178;32.43095354112551;65.45337950732153;49.61556403577416;84.16653206415178;32.43095354112551;65.45337950732153;49.61556403577416;317.6709913200806;623.3615682177567;-0.0782287684177447;0.3844359642258368;65.29257690906525;49.95465934276581;84.05408263206482;32.102656960487366;False;False;False;True;0.16574391756790133;0.1724681061760041;0.17881404477334598;0.2815550304974554
65.46189449608669;49.741097292318834;84.34626624322485;32.336955597716354;65.46189449608669;49.741097292318834;84.34626624322485;32.336955597716354;65.46189449608669;49.741097292318834;317.4711829355547;623.3341077377708;-0.0867437571829015;0.2589027076811661;65.5065211057663;49.58780896663666;84.10542666912079;32.09169529378414;False;False;False;False;0.16390656679524052;0.1728459287362663;0.18028231302341563;0.2807597286574331
65.31890156817997;49.87324279718088;83.94062577933632;32.32080417965239;65.31890156817997;49.87324279718088;83.94062577933632;32.32080417965239;65.31890156817997;49.87324279718088;317.2414122868548;623.6085277592931;0.0562491707238166;0.126757202819121;65.51716887950897;49.68874156475067;84.16181921958923;32.19989821314812;False;False;False;False;0.1648687998993706;0.17373389340795997;0.18150203014955293;0.2778268535997643
65.39767898769153;49.84425653451095;84.09746092669451;32.37879691328895;65.39767898769153;49.84425653451095;84.09746092669451;32.37879691328895;65.39767898769153;49.84425653451095;317.3162857725705;623.4584728096999;-0.0225282487877507;0.1557434654890528;65.37467193603516;49.82079124450684;84.10380065441132;32.22202315926552;False;False;False;False;0.16443853594979352;0.1736442364069561;0.1810994755199672;0.2763706793427795
65.27177360176897;49.73187747718025;84.1939408525874;32.65514365572748;65.27177360176897;49.73187747718025;84.1939408525874;32.65514365572748;65.27177360176897;49.73187747718025;317.56180968263044;623.7072798150399;0.1033771371348137;0.2681225228197519;65.44852185249329;49.7941061258316;84.05092239379883;32.18851938843727;False;False;False;False;0.16493547185689122;0.1723223705857586;0.18160690331865603;0.2778002307950512
65.18912675602678;49.6669116317472;84.01240995497118;32.378177382131305;65.18912675602678;49.6669116317472;84.01240995497118;32.378177382131305;65.18912675602678;49.6669116317472;317.7274910432058;623.8863571248089;0.1860239828770034;0.3330883682528025;65.35628378391266;49.70988500118256;84.05602991580963;32.24557250738144;False;False;False;False;0.1656990456420994;0.17231106887196607;0.17971756325497368;0.2761498180755975
65.608383265368;49.71306307894082;83.93834300723948;32.51235696575988;65.608383265368;49.71306307894082;83.93834300723948;32.51235696575988;65.608383265368;49.71306307894082;317.67959993125226;623.0726473038434;-0.2332325264642207;0.2869369210591799;65.26946294307709;49.64327764511109;83.99835884571075;32.307322546839714;False;False;False;False;0.16666539692775934;0.1721385764004312;0.17723278492139757;0.27651770361704797
65.4732657794245;50.05820976784349;83.72230460652288;32.346508659099534;65.4732657794245;50.05820976784349;83.72230460652288;32.346508659099534;65.4732657794245;50.05820976784349;317.0275648095881;623.3117846055352;-0.0981150405207103;-0.0582097678434934;65.63540065288544;49.66675114631653;83.98287236690521;32.3600098490715;False;False;False;False;0.16707621148373236;0.17543829551387413;0.17686114602993777;0.27543043489986135
65.47778471191208;49.91153201347775;83.87593138764367;32.373234809015635;65.47778471191208;49.91153201347775;83.87593138764367;32.373234809015635;65.47778471191208;49.91153201347775;317.31315901594047;623.2896647351573;-0.1026339730082952;0.0884679865222537;65.51171016693115;49.97155404090881;83.88390839099884;32.25879371166229;False;False;False;False;0.1649384260462431;0.17552557459452212;0.17675568513118187;0.27203879167619377
65.45600399439556;49.80999989115063;83.9963945462407;32.37886331958789;65.45600399439556;49.80999989115063;83.9963945462407;32.37886331958789;65.45600399439556;49.80999989115063;317.528018992131;623.3195416404559;-0.0808532554917746;0.1900001088493681;65.51298928260803;49.84341776371002;83.81330132484436;32.264194637537;False;False;False;False;0.16131470203545323;0.17459560982780048;0.17759559374389947;0.2698918522608887
65.58439836802815;49.79600336200813;83.79685735253237;32.56757648351673;65.58439836802815;49.79600336200813;83.79685735253237;32.56757648351673;65.58439836802815;49.79600336200813;317.5813453982626;623.0519724591252;-0.2092476291243628;0.2039966379918709;65.49450087547302;49.76659822463989;83.81137371063232;32.20483362674713;False;False;False;False;0.161211263460547;0.17457117157152124;0.17758777922225283;0.27181996833069094
65.44803515078024;49.72780992618539;83.90699864363089;32.47743034766246;65.44803515078024;49.72780992618539;83.90699864363089;32.47743034766246;65.44803515078024;49.72780992618539;317.7449318216404;623.2967992097377;-0.0728844118764584;0.2721900738146132;65.6288149356842;49.74710035324097;83.79152059555054;32.25217819213867;False;False;False;False;0.16212669146851372;0.17336635866096722;0.1777804368002262;0.27242625992493624
65.3984518844546;49.85929054977375;83.89397252176794;32.53193898425503;65.3984518844546;49.85929054977375;83.89397252176794;32.53193898425503;65.3984518844546;49.85929054977375;317.5182625843056;623.3862478208055;-0.0233011455508176;0.1407094502262538;65.496817111969;49.692706823349;83.83372485637665;32.2999931871891;False;False;False;False;0.16218883025837721;0.17408885312888392;0.17693607844268097;0.27314172151997945
65.58451286996868;49.740494804854606;84.01082749585878;32.86219050408087;65.58451286996868;49.740494804854606;84.01082749585878;32.86219050408087;65.58451286996868;49.740494804854606;317.77461533417403;623.0110190303706;-0.2093621310648927;0.2595051951453939;65.44190502166748;49.801189661026;83.84385466575623;32.35696353018284;False;False;False;False;0.16251595048462653;0.17411131765453697;0.17645871807607852;0.275907707286994
65.47930217513897;49.82048338974626;84.05636624314583;32.70322974016136;65.47930217513897;49.82048338974626;84.05636624314583;32.70322974016136;65.47930217513897;49.82048338974626;317.6492388570768;623.1935254692213;-0.1041514362351847;0.1795166102537422;65.64294052124023;49.708218693733215;83.86134743690491;32.39704266190529;False;False;False;False;0.1623988169914493;0.1737167738281032;0.17742477082671368;0.27647740105003943
65.36854895045369;49.72273107939059;83.86973023614485;32.6604449236616;65.36854895045369;49.72273107939059;83.86973023614485;32.6604449236616;65.36854895045369;49.72273107939059;317.868679025822;623.4011450604272;0.0066017884500979;0.2772689206094085;65.5295866727829;49.78411173820496;83.92170667648315;32.496141865849495;False;False;False;False;0.16310769998373426;0.17237362608840537;0.17573820761149037;0.27554106124445116
65.25504452463869;49.6903492795135;83.75513988927021;32.62235678111772;65.25504452463869;49.6903492795135;83.75513988927021;32.62235678111772;65.25504452463869;49.6903492795135;317.9704118149907;623.6290341505172;0.1201062142650926;0.309650720486502;65.40880703926086;49.703468680381775;83.90486299991608;32.57209412753582;False;False;False;False;0.16346472641497342;0.17228043381980612;0.17600690822787418;0.27375235142658183
65.02455718163908;49.67437632467209;83.75051137161336;32.454325933496605;65.02455718163908;49.67437632467209;83.75051137161336;32.454325933496605;65.02455718163908;49.67437632467209;318.04364448740506;624.1060229984184;0.3505935572647018;0.3256236753279111;65.31785154342651;49.65334808826447;83.86595010757446;32.48967058956623;False;False;False;False;0.16041257245118082;0.17198604770664824;0.17631452198152472;0.27151568440961593
64.74037198783235;49.561656152298106;83.55072579983783;32.49973968584325;64.74037198783235;49.561656152298106;83.55072579983783;32.49973968584325;64.74037198783235;49.561656152298106;318.31250132219674;624.7211391936672;0.6347787510714369;0.4383438477018941;65.07762324810028;49.6478306055069;83.80784630775452;32.4375905841589;False;False;False;False;0.1596103204465315;0.17179510167833043;0.17589727203339317;0.27130309422050153
64.84841659981925;49.66645037649192;83.5685658119352;32.4565957063596;64.84841659981925;49.66645037649192;83.5685658119352;32.4565957063596;64.84841659981925;49.66645037649192;318.16135872016935;624.5896871365029;0.5267341390845388;0.3335496235080768;64.8180388212204;49.55524682998657;83.6999261379242;32.383324801921844;False;False;False;False;0.15947581828706542;0.17205685701475015;0.17400928405494892;0.27137514086448905
64.68978285867;49.5861111690528;83.35162350588298;32.43275308085712;64.68978285867;49.5861111690528;83.35162350588298;32.43275308085712;64.68978285867;49.5861111690528;318.36651041818203;624.977185837346;0.6853678802337839;0.4138888309472008;64.93704152107239;49.65257024765015;83.6429762840271;32.32624873518944;False;False;False;False;0.1611821385366359;0.16965468955480323;0.17621265340594836;0.27156432160541416
64.60698060447332;49.48964901019566;83.50188173927334;32.78626665132209;64.60698060447332;49.48964901019566;83.50188173927334;32.78626665132209;64.60698060447332;49.48964901019566;318.6146199133559;625.2341727297705;0.7681701344304628;0.510350989804337;64.75208485126495;49.577078223228455;83.54765772819519;32.325274273753166;False;False;False;False;0.1617553953230638;0.16985763773297816;0.17603647809576572;0.2726427417936437
64.79902762562511;49.49229356151581;83.49738081055959;32.81922031579282;64.79902762562511;49.49229356151581;83.49738081055959;32.81922031579282;64.79902762562511;49.49229356151581;318.6773776093562;624.9525013720577;0.576123113278669;0.5077064384841918;64.68197202682495;49.49669098854065;83.50017547607422;32.36932583153248;False;False;False;False;0.15965700337899413;0.16980256193721552;0.17499472722293238;0.275820539865816
64.89017513033198;49.62942398533944;83.20103171015316;33.01803294761781;64.89017513033198;49.62942398533944;83.20103171015316;33.01803294761781;64.89017513033198;49.62942398533944;318.4708109535068;624.8470227777477;0.4849756085718013;0.3705760146605641;64.87343835830688;49.49211037158966;83.48927855491638;32.47446604073048;False;False;False;False;0.15878408024916071;0.16357301487135806;0.1770101005290805;0.28054043170282333
64.73130941533022;49.6944755556107;83.219434932967;32.94795430115877;64.73130941533022;49.6944755556107;83.219434932967;32.94795430115877;64.73130941533022;49.6944755556107;318.3901179482524;625.2294176222275;0.643841323573568;0.3055244443892988;64.93887376785278;49.63025140762329;83.4057879447937;32.655064314603806;False;False;False;True;0.1570950120368641;0.1636841734793021;0.17787346254293596;0.2818422601225794
64.86577271184896;49.70055873174553;83.45817177937964;32.919606861306555;64.86577271184896;49.70055873174553;83.45817177937964;32.919606861306555;64.86577271184896;49.70055873174553;318.418688188568;625.0463365389999;0.5093780270548223;0.2994412682544691;64.78156328201294;49.71137845516205;83.37583780288696;32.7179142087698;False;False;False;True;0.1572920279532675;0.16338224724335054;0.17748310232520087;0.2824755898228766
64.89855003098612;49.75653224572918;83.43632944515561;32.91960090330803;64.89855003098612;49.75653224572918;83.43632944515561;32.91960090330803;64.89855003098612;49.75653224572918;318.34666666303457;625.0486989709996;0.4766007079176688;0.2434677542708172;64.93011009693146;49.70566737651825;83.36766839027405;32.76747569441795;False;False;False;True;0.15704610938063998;0.1629025440234863;0.17672633599584792;0.2828472139308514
64.82108141602292;49.98519707139945;83.22552890048824;32.871555032250846;64.82108141602292;49.98519707139945;83.22552890048824;32.871555032250846;64.82108141602292;49.98519707139945;317.92179937893013;625.2671829619817;0.5540693228808635;0.0148029286005524;64.93553078174591;49.75773775577545;83.36677670478821;32.72754244506359;False;False;False;True;0.15733230178238838;0.16270041391243134;0.17204075441368943;0.2828896371858496
65.14683816837066;49.85574353094989;83.27261482579065;32.71467962137658;65.14683816837066;49.85574353094989;83.27261482579065;32.71467962137658;65.14683816837066;49.85574353094989;318.1826801836427;624.6895453670037;0.2283125705331201;0.1442564690501129;64.88228154182434;49.96736407279968;83.36433112621307;32.70719349384308;False;False;False;True;0.15917037401483197;0.16275366512952535;0.16993845523265366;0.2820007176485508
65.08472490155141;49.768132604923736;83.46925854306038;32.77746650182588;65.08472490155141;49.768132604923736;83.46925854306038;32.77746650182588;65.08472490155141;49.768132604923736;318.3771362315684;624.8442135767133;0.2904258373523731;0.2318673950762644;65.17874944210052;49.82109200954437;83.36458683013916;32.66282640397549;False;False;False;False;0.15940625201000513;0.16233457462556125;0.16959405889761045;0.27907364545780283
65.05987516074845;49.74734381736326;83.30217973467968;32.8955499149905;65.05987516074845;49.74734381736326;83.30217973467968;32.8955499149905;65.05987516074845;49.74734381736326;318.4496294593661;624.9326365032995;0.3152755781553367;0.2526561826367413;65.12886393070221;49.748244643211365;83.38267624378204;32.60900154709816;False;False;False;False;0.1590953953380632;0.16232494376732934;0.1691185788377087;0.27834380800083125
65.1273167545805;49.97349600217206;83.43144586537085;33.111470242553985;65.1273167545805;49.97349600217206;83.43144586537085;33.111470242553985;65.1273167545805;49.97349600217206;318.03101258076674;624.8397900593894;0.2478339843232788;0.0265039978279375;65.10334038734436;49.72744691371918;83.36301326751709;32.590060606598854;False;False;False;False;0.15843972580740842;0.1617908330497332;0.1690388593581648;0.2810255380409825
65.17946760322728;49.94271429587669;83.46743917426734;33.016870384839706;65.17946760322728;49.94271429587669;83.46743917426734;33.016870384839706;65.17946760322728;49.94271429587669;318.0961098597345;624.7685328933389;0.1956831356765036;0.0572857041233092;65.15074026584625;49.94816696643829;83.40930879116058;32.69047275185585;False;False;False;True;0.15837155847400627;0.1609324363781494;0.1689577514165696;0.28169370697381857
65.22656799589598;49.79122880657499;83.29087169994571;33.04988609468202;65.22656799589598;49.79122880657499;83.29087169994571;33.04988609468202;65.22656799589598;49.79122880657499;318.40671893222105;624.7004231927584;0.1485827430078075;0.208771193425008;65.20231974124908;49.91673529148102;83.45393896102905;32.77944542467594;False;False;False;True;0.15746196027807552;0.15928614683813108;0.16947635527087823;0.2813635899267435
65.19178438129572;49.68761608181703;83.17553965440418;33.103255407415084;65.19178438129572;49.68761608181703;83.17553965440418;33.103255407415084;65.19178438129572;49.68761608181703;318.64178054086034;624.78980145436;0.1833663576080653;0.3123839181829737;65.25774693489075;49.78528022766113;83.40615510940552;32.842586264014244;False;False;False;True;0.156543438740752;0.15934163616098374;0.16826616741196085;0.2818036236243185
65.16113330062043;49.89990890254312;83.15812702477653;33.30294598369337;65.16113330062043;49.89990890254312;83.15812702477653;33.30294598369337;65.16113330062043;49.89990890254312;318.25884608849924;624.8755524633917;0.2140174382833493;0.1000910974568825;65.21926975250244;49.68303048610687;83.35755169391632;32.82728746533394;False;False;False;True;0.15643474216556524;0.16036850232771244;0.16900582339257367;0.28114614874770966
65.23425007237343;49.97178743876104;83.27572524226319;33.275886485168485;65.23425007237343;49.97178743876104;83.27572524226319;33.275886485168485;65.23425007237343;49.97178743876104;318.1284344957243;624.7578545783235;0.1409006665303565;0.0282125612389592;65.20535504817963;49.90297269821167;83.29487800598145;32.89714381098747;False;False;False;False;0.15622008814874758;0.16005533817434223;0.1669603883640234;0.27490746911259645
65.17874719334712;49.89968503245712;83.30253542135048;33.04383239312946;65.17874719334712;49.89968503245712;83.30253542135048;33.04383239312946;65.17874719334712;49.89968503245712;318.276400983164;624.8876470919135;0.196403545556663;0.1003149675428858;65.25652658939362;49.95382273197174;83.2570207118988;32.97054477035999;False;False;False;False;0.1563642354495341;0.1601361764575618;0.166906223207432;0.26258622949537697
65.1717129559638;49.95411539456631;83.48913832311467;32.98252417078938;65.1717129559638;49.95411539456631;83.48913832311467;32.98252417078938;65.1717129559638;49.95411539456631;318.18091558795135;624.9279027060877;0.2034377829399858;0.0458846054336916;65.21175062656403;49.89095592498779;83.27502489089966;32.99264349043369;False;False;False;False;0.15635418115387018;0.16016979866127345;0.1649814578160766;0.25947809197955846
65.31951449953092;49.93374669452775;83.42445189620781;32.87977580921683;65.31951449953092;49.93374669452775;83.42445189620781;32.87977580921683;65.31951449953092;49.93374669452775;318.22777093541964;624.6594246566788;0.0556362393728591;0.0662533054722516;65.20137941837311;49.941211342811584;83.35328340530396;32.90330611169338;False;False;False;False;0.1560309597137341;0.15708060286685635;0.16472506130740605;0.2567113196521104
65.45107949323229;49.922465397686594;83.4761035599023;32.88590328629574;65.45107949323229;49.922465397686594;83.4761035599023;32.88590328629574;65.45107949323229;49.922465397686594;318.25916730316493;624.4037128345258;-0.0759287543285012;0.0775346023134062;65.3412766456604;49.903391003608704;83.40652227401733;32.777225226163864;False;False;False;False;0.1560940432922513;0.157010750811541;0.16423017164080392;0.2553175610511502
65.4256686329614;49.87671711939162;83.41166338406052;33.032649170792446;65.4256686329614;49.87671711939162;83.41166338406052;33.032649170792446;65.4256686329614;49.87671711939162;318.36100180673;624.444410721157;-0.05051789405762;0.1232828806083787;65.47657251358032;49.90257167816162;83.44700872898102;32.72299960255623;False;False;False;False;0.1554246367788247;0.15684565191221436;0.16424356104311358;0.2534589920549359
65.34437205805077;49.72527160460039;83.71084402142044;33.02506138327124;65.34437205805077;49.72527160460039;83.71084402142044;33.02506138327124;65.34437205805077;49.72527160460039;318.6803305537269;624.6002681517707;0.0307786808530181;0.2747283953996131;65.45146036148071;49.85778534412384;83.46600949764252;32.7110905200243;False;False;False;False;0.1554186664055793;0.15598720971911442;0.16580429712467687;0.2534232349331044
65.60963265188501;49.75359672083266;83.53368423493366;32.8474289362283;65.60963265188501;49.75359672083266;83.53368423493366;32.8474289362283;65.60963265188501;49.75359672083266;318.6603107739823;624.073850788216;-0.2344819129812236;0.2464032791673389;65.38212192058563;49.72975623607636;83.52144479751587;32.76087738573551;False;False;False;False;0.15687257961368917;0.15509956437474554;0.16552607599869806;0.2517158953575262
65.38171266447327;49.731697043021136;83.52838933920403;32.77933972164763;65.38171266447327;49.731697043021136;83.52838933920403;32.77933972164763;65.38171266447327;49.731697043021136;318.736963900161;624.4984265079753;-0.0065619255694855;0.2683029569788644;65.63039135932922;49.7386132478714;83.5400128364563;32.78213031589985;False;False;False;False;0.1584604561448483;0.15433754618344042;0.16543152536215724;0.2511243942451402
65.44729578539479;49.857588746214674;83.74793843618811;32.78081460414878;65.44729578539479;49.857588746214674;83.74793843618811;32.78081460414878;65.44729578539479;49.857588746214674;318.52095422137114;624.366385342723;-0.072145046491002;0.1424112537853261;65.3981523513794;49.71553039550781;83.55096220970154;32.72175386548042;False;False;False;False;0.1580005626787892;0.1525885468593691;0.1658166263768141;0.2509644935601034
65.51769230914744;49.75304027122773;83.83545269038218;32.99128550708418;65.51769230914744;49.75304027122773;83.83545269038218;32.99128550708418;65.51769230914744;49.75304027122773;318.7490393385164;624.2159729556855;-0.142541570243651;0.2469597287722678;65.48726522922516;49.82100558280945;83.62314283847809;32.63596028089523;False;False;False;False;0.15712057783603317;0.15231220602273132;0.16555677070332836;0.2528247042212901
65.31339403268396;49.52009488200104;83.65829147598181;32.8415686219807;65.31339403268396;49.52009488200104;83.65829147598181;32.8415686219807;65.31339403268396;49.52009488200104;319.2478580808061;624.6055639659133;0.0617567062198247;0.4799051179989604;65.56903529167175;49.75351667404175;83.67286741733551;32.64076702296734;False;False;False;False;0.1587448901663593;0.1536750945995963;0.16426342401617278;0.2535397017024188
65.14807983431302;49.50717989120751;83.60155035589713;32.56926703566208;65.14807983431302;49.50717989120751;83.60155035589713;32.56926703566208;65.14807983431302;49.50717989120751;319.3376754114597;624.9444265901512;0.2270709045907608;0.4928201087924932;65.37555348873138;49.51138699054718;83.69327783584595;32.68940977752209;False;False;False;False;0.16006066425015653;0.15358732624174343;0.16403252207323;0.25379472185374163
65.42058910659075;49.71534533129252;83.86282093569129;32.53621497444036;65.42058910659075;49.71534533129252;83.86282093569129;32.53621497444036;65.42058910659075;49.71534533129252;318.98705387912867;624.4296841662078;-0.0454383676869696;0.284654668707482;65.2102952003479;49.50264751911163;83.69993925094604;32.680567502975464;False;False;False;False;0.160752405646874;0.15455790292224245;0.16474029441096885;0.2541672804096999
65.54230662666559;49.878820488068925;83.86977413954004;32.46275832838499;65.54230662666559;49.878820488068925;83.86977413954004;32.46275832838499;65.54230662666559;49.878820488068925;318.69805752140354;624.1801906770332;-0.1671558877618082;0.121179511931075;65.48512184619904;49.67871952056885;83.72575879096985;32.53540635108948;False;False;False;False;0.1603057971315881;0.15550429406942412;0.16426649099070606;0.2541815753813489
65.5128656305719;49.632325327428575;83.88787260845542;32.20082503680241;65.5128656305719;49.632325327428575;83.88787260845542;32.20082503680241;65.5128656305719;49.632325327428575;319.20720511094174;624.216785217519;-0.1377148916681108;0.3676746725714253;65.5750367641449;49.830408811569214;83.73468220233917;32.399984896183014;False;False;False;False;0.15940824153606617;0.1552677269892528;0.1646900011846568;0.2548325578584561
65.525505206749;49.48015430774408;83.77466084068851;32.22482911655499;65.525505206749;49.48015430774408;83.77466084068851;32.22482911655499;65.525505206749;49.48015430774408;319.5605704399869;624.1731440796091;-0.1503544678452186;0.5198456922559203;65.54289984703064;49.58173835277557;83.78240704536438;32.316633611917496;False;False;False;False;0.1592552047841405;0.15418581983194285;0.1637658441839866;0.25496573994518484
65.60222560139299;49.68061762807172;83.65434359867216;32.368078875679934;65.60222560139299;49.68061762807172;83.65434359867216;32.368078875679934;65.60222560139299;49.68061762807172;319.2289565582991;623.9996560279418;-0.2270748624892036;0.3193823719282775;65.58205461502075;49.451178669929504;83.8074791431427;32.219983264803886;False;False;False;False;0.15636352640684295;0.1555424638669202;0.163144027374946;0.25468680152090034
65.40740669970883;49.68186266155767;83.38719109300801;32.46555338907369;65.40740669970883;49.68186266155767;83.38719109300801;32.46555338907369;65.40740669970883;49.68186266155767;319.26905080758434;624.3590171829782;-0.0322559608050454;0.3181373384423338;65.63323652744293;49.6364084482193;83.74862790107727;32.154076397418976;False;False;False;False;0.15776258904644314;0.15513533155631082;0.16569160923640266;0.2561367733332982
65.57352522803166;49.63697867347717;83.58473473533952;32.29012197806732;65.57352522803166;49.63697867347717;83.58473473533952;32.29012197806732;65.57352522803166;49.63697867347717;319.4012370955376;624.0224793315585;-0.1983744891278718;0.3630213265228335;65.42913115024567;49.64595687389374;83.63126635551453;32.222173139452934;False;False;False;False;0.1582787723414037;0.1551085494787174;0.16087725410519324;0.253661892061643
65.27767664650155;49.64866377369071;83.59091516838622;32.20167012755113;65.27767664650155;49.64866377369071;83.59091516838622;32.20167012755113;65.27767664650155;49.64866377369071;319.4262697386469;624.587726562735;0.097474092402237;0.3513362263092929;65.59765291213989;49.58037281036377;83.57063174247742;32.28093095123768;False;False;False;False;0.16118418751295924;0.1550496912170891;0.1577779596479576;0.25252180612034125
65.32467077649838;49.64542165901564;83.41021676322546;32.03928147669115;65.32467077649838;49.64542165901564;83.41021676322546;32.03928147669115;65.32467077649838;49.64542165901564;319.4795987981716;624.506734848395;0.0504799624054044;0.3545783409843608;65.34952175617218;49.60913217067719;83.54827404022217;32.25437954068184;False;False;False;False;0.16018401070480487;0.15477933214997847;0.15732047343434058;0.2531957365675828
65.23435310419696;49.68536777735446;83.56947484084826;31.94394328469432;65.23435310419696;49.68536777735446;83.56947484084826;31.94394328469432;65.23435310419696;49.68536777735446;319.4469836736252;624.6941008546519;0.1407976347068285;0.3146322226455424;65.3307636976242;49.59908938407898;83.50523710250854;32.12922886013985;False;False;False;False;0.16040526425787763;0.15335291079573735;0.157234003977907;0.2511811589570765
65.14044163875944;49.62291604551275;83.44284264659386;31.69481222537735;65.14044163875944;49.62291604551275;83.44284264659386;31.69481222537735;65.14044163875944;49.62291604551275;319.613838100328;624.9006968034878;0.2347091001443431;0.3770839544872473;65.26357209682465;49.62649703025818;83.55391263961792;32.02625721693039;False;False;False;False;0.16075779750797978;0.15323835348487433;0.15698564991402755;0.25174224824738667
65.23654716055162;49.84270274685653;83.3274180990141;31.786806503798957;65.23654716055162;49.84270274685653;83.3274180990141;31.786806503798957;65.23654716055162;49.84270274685653;319.22454255823874;624.7397803065893;0.1386035783521606;0.1572972531434686;65.1888198852539;49.56121718883514;83.52208733558655;31.89649730920792;False;False;False;False;0.16082202165165774;0.15546679583858972;0.15548083148072497;0.2519591859031234
65.15492529054883;49.85676169560647;83.37770954360346;32.19244295436661;65.15492529054883;49.85676169560647;83.37770954360346;32.19244295436661;65.15492529054883;49.85676169560647;319.21739762782465;624.9215045237084;0.2202254483549524;0.1432383043935345;65.25013792514801;49.77328765392304;83.46130192279816;31.80131644010544;False;False;False;False;0.16066620306543208;0.15564802067871464;0.1555895556923909;0.2521989186303217
65.38144063105813;50.036971451883495;83.10323335506192;32.343946878660034;65.38144063105813;50.036971451883495;83.10323335506192;32.343946878660034;65.38144063105813;50.036971451883495;318.8760765558564;624.4978372358039;-0.0062898921543421;-0.0369714518834953;65.18958044052124;49.7959418296814;83.44672679901123;31.79852172732353;False;False;False;False;0.15987500854569267;0.15733389893846814;0.158789807327503;0.2566061535477934
65.58609761618214;50.13032736745328;83.24321452639826;32.377785646103305;65.58609761618214;50.13032736745328;83.24321452639826;32.377785646103305;65.58609761618214;50.13032736745328;318.684435197799;624.0876846132686;-0.21094687727836;-0.1303273674532761;65.39447057247162;49.97811555862427;83.32910299301147;31.97649985551834;False;False;False;False;0.15887494276049394;0.15766424558815584;0.15805330540187648;0.25903880407993546
65.82191916993146;50.01913296941924;83.02324215740839;32.293351991484926;65.82191916993146;50.01913296941924;83.02324215740839;32.293351991484926;65.82191916993146;50.01913296941924;318.88944701154;623.5879152554662;-0.446768431027678;-0.019132969419239;65.60058796405792;50.05231809616089;83.27329397201538;32.18041308224201;False;False;False;False;0.16003333104676318;0.15765682974320505;0.15712145008063128;0.25651046741927724
65.9003427223753;50.15813099396519;83.02052731944086;32.5001442039393;65.9003427223753;50.15813099396519;83.02052731944086;32.5001442039393;65.9003427223753;50.15813099396519;318.60889989985884;623.3714990264415;-0.5251919834715153;-0.1581309939651873;65.79481303691864;49.93849408626557;83.189777135849;32.2300811111927;False;False;False;False;0.15973345448574028;0.15845800600255922;0.15658733015302162;0.25381761857528173
65.75228884866233;50.01796777510943;82.99675027115019;32.3653351067169;65.75228884866233;50.01796777510943;82.99675027115019;32.3653351067169;65.75228884866233;50.01796777510943;318.8681422050417;623.5975811760712;-0.3771381097585475;-0.017967775109426;65.87413895130157;50.07530069351196;83.09948086738586;32.248788475990295;False;False;False;False;0.15976465914740295;0.15731926654309625;0.1561503276304263;0.2538096553626657
65.83236208177377;50.10364369868535;82.92412702960381;32.687157132145536;65.83236208177377;50.10364369868535;82.92412702960381;32.687157132145536;65.83236208177377;50.10364369868535;318.69439465454195;623.3871496285473;-0.4572113428699822;-0.1036436986853459;65.75295829772949;49.94312310218811;83.07485461235046;32.25710950791836;False;False;False;False;0.15908730403038956;0.15697511612835435;0.15677262260275135;0.2565358736649572
65.53436477607202;50.040638677563386;82.87182774737171;32.87598092668071;65.53436477607202;50.040638677563386;82.87182774737171;32.87598092668071;65.53436477607202;50.040638677563386;318.8065855369612;623.922182727568;-0.1592140371682404;-0.0406386775633862;65.80510127544403;50.03371214866638;83.01468551158905;32.35640376806259;False;False;False;False;0.15991993673840477;0.15681471806859054;0.15716346011183696;0.2608128598479567
65.85054263257169;49.98990019851145;83.02954429028351;32.748876709028494;65.85054263257169;49.98990019851145;83.02954429028351;32.748876709028494;65.85054263257169;49.98990019851145;318.90264400472324;623.2685984762796;-0.4753918936679042;0.0100998014885504;65.54616677761078;49.99819767475128;82.98995435237885;32.43903137743473;False;False;False;False;0.16248651238691122;0.15578073322385966;0.1565014852705424;0.26195370653004685
65.95446302694424;49.94957930518618;83.01979962310773;33.10591717482206;65.95446302694424;49.94957930518618;83.01979962310773;33.10591717482206;65.95446302694424;49.94957930518618;318.98463243157227;622.9973721017121;-0.5793122880404553;0.0504206948138161;65.82269775867462;49.93209159374237;82.99006581306458;32.59722359478474;False;False;False;False;0.16195962130961905;0.1554500376054992;0.15597941403457327;0.2663436330909749
65.99153743972182;49.93368656062159;83.05080863347759;32.93375707668591;65.99153743972182;49.93368656062159;83.05080863347759;32.93375707668591;65.99153743972182;49.93368656062159;319.02314068001;622.8459816377516;-0.6163867008180404;0.0663134393784119;65.94646775722504;49.91950786113739;82.98562705516815;32.699830532073975;False;False;False;False;0.16167346487032436;0.15545572672298766;0.153890779619807;0.26310852336129764
65.62906165568097;49.8738840241256;83.15443933301259;33.08630023013924;65.62906165568097;49.8738840241256;83.15443933301259;33.08630023013924;65.62906165568097;49.8738840241256;319.1515875449191;623.488748312391;-0.2539109167771869;0.1261159758743986;65.97139322757721;49.88422501087189;83.00698161125183;32.72111214697361;False;False;False;False;0.16480046363991757;0.1552899428383101;0.15380824169098226;0.26506401021767245
65.79862380543562;49.54902887853719;83.20630788317177;33.125198086756974;65.79862380543562;49.54902887853719;83.20630788317177;33.125198086756974;65.79862380543562;49.54902887853719;319.81811329954587;623.1157692239781;-0.4234730665318409;0.450971121462814;65.62913298606873;49.84951949119568;83.07127475738525;32.84186094999313;False;False;False;False;0.16248563054532522;0.15735730453154317;0.15395943938162815;0.2659622912239856
65.76065017877345;49.71386888446577;83.24400064767016;33.26027112391585;65.76065017877345;49.71386888446577;83.24400064767016;33.26027112391585;65.76065017877345;49.71386888446577;319.5485627705504;623.1352534017649;-0.3854994398696618;0.2861311155342321;65.80111527442932;49.53606700897217;83.1261658668518;32.83989645540714;False;False;False;False;0.16249816450640292;0.15787555817804458;0.15366435605180184;0.26796374026323505
65.74680656645083;49.56993003213045;83.06057448421569;33.2063665990863;65.74680656645083;49.56993003213045;83.06057448421569;33.2063665990863;65.74680656645083;49.56993003213045;319.87459129062563;623.1115407010942;-0.3716558275470447;0.4300699678695494;65.7769330739975;49.70014643669128;83.17537248134613;32.940823286771774;False;False;False;False;0.16238331004647794;0.1583384116131026;0.15356224689737444;0.26895274234903455
65.58743570666635;49.49487561420882;82.91829410607768;33.31890995476063;65.58743570666635;49.49487561420882;82.91829410607768;33.31890995476063;65.58743570666635;49.49487561420882;320.0820427888515;623.3807283103235;-0.2122849677625709;0.5051243857911771;65.74064075946808;49.56598448753357;83.16873073577881;32.99153544008732;False;False;False;False;0.16295492425254812;0.15844976349929127;0.15436799155596712;0.2697368606807624
65.13446778698979;49.05921274786889;82.84614979093223;33.32552058296981;65.13446778698979;49.05921274786889;82.84614979093223;33.32552058296981;65.13446778698979;49.05921274786889;321.0207184396368;624.2583594873083;0.2406829519139961;0.9407872521311093;65.61402904987335;49.49417424201965;83.09881210327148;33.04842218756676;False;False;False;False;0.1691067798034166;0.16375294402229343;0.1542405975866176;0.26875891968789056
65.08617414577131;49.52106549288537;82.64879334882774;33.275209595568185;65.08617414577131;49.52106549288537;82.64879334882774;33.275209595568185;65.08617414577131;49.52106549288537;320.222451249888;624.3870378300005;0.2889765931324746;0.47893450711463;65.17630183696747;49.115376234054565;83.02043557167053;33.077527359128;False;False;False;False;0.16844418238045752;0.16633756870140556;0.1582570870170326;0.26928973990147637
65.16465948176226;49.56057114536526;82.55134741740775;33.14662390151987;65.16465948176226;49.56057114536526;82.55134741740775;33.14662390151987;65.16465948176226;49.56057114536526;320.2072978792102;624.2685973704363;0.2104912571415269;0.4394288546347411;65.09823775291443;49.53003442287445;82.89329171180725;33.11678119003773;False;False;False;False;0.16727062242633814;0.16620915079434387;0.16053716508396276;0.26859697521711107
65.08249751203573;49.36569456593409;82.5658858600492;32.99172564277868;65.08249751203573;49.36569456593409;82.5658858600492;32.99172564277868;65.08249751203573;49.36569456593409;320.65564155202384;624.4609868108415;0.2926532268680546;0.634305434065908;65.1894006729126;49.57433331012726;82.78937757015228;33.08303564786911;False;False;False;False;0.16757537505633163;0.1673583919717132;0.16189031337701176;0.26679255183087774
65.22434789117244;48.947775298612285;82.880900696401;32.929927502934234;65.22434789117244;48.947775298612285;82.880900696401;32.929927502934234;65.22434789117244;48.947775298612285;321.5760541445429;624.2163064828171;0.1508028477313416;1.0522247013877148;65.1088958978653;49.384498715400696;82.7197277545929;32.987652346491814;False;False;False;False;0.1679292598507255;0.17019342035813526;0.16224126140260758;0.26621854163239433
65.4304539048412;49.00344406115766;82.87551745587149;32.70737190655194;65.4304539048412;49.00344406115766;82.87551745587149;32.70737190655194;65.4304539048412;49.00344406115766;321.6050132463039;623.8242015018437;-0.055303165937417;0.9965559388423416;65.28437328338623;48.99018883705139;82.74703562259674;32.89337545633316;False;False;False;False;0.16849976468004788;0.16983823496510078;0.16239229027925245;0.26678974187036847
65.40157182274675;48.90451726613999;82.98051550080345;32.988301985012306;65.40157182274675;48.90451726613999;82.98051550080345;32.988301985012306;65.40157182274675;48.90451726613999;321.9357409615182;623.8745919105743;-0.0264210838429619;1.0954827338600095;65.45302987098694;49.02480447292328;82.81041741371155;32.78996452689171;False;False;False;False;0.16852828989918844;0.16942449420318179;0.1599742326598808;0.2669577054480707
65.56641540237055;49.119565269615066;82.85317216297183;32.76753239823864;65.56641540237055;49.119565269615066;82.85317216297183;32.76753239823864;65.56641540237055;49.119565269615066;321.6517093190827;623.5413819401476;-0.191264663466768;0.880434730384934;65.44184279441833;48.949132680892944;82.90656208992004;32.764671966433525;False;False;False;False;0.1677688032380663;0.16981044428802727;0.15991228359861737;0.2640076667887802
65.4562034148263;49.18613585316556;82.72708195601562;32.58168411504147;65.4562034148263;49.18613585316556;82.72708195601562;32.58168411504147;65.4562034148263;49.18613585316556;321.6359594493664;623.7363039601072;-0.0810526759225211;0.8138641468344403;65.59340071678162;49.1267603635788;82.9469633102417;32.7214440703392;False;False;False;False;0.16770732338015165;0.16926507226232773;0.1611313630986527;0.2622293929605791
65.3607552223013;49.146928515282326;82.78848273510386;32.589237077909424;65.3607552223013;49.146928515282326;82.78848273510386;32.589237077909424;65.3607552223013;49.146928515282326;321.8228893447108;623.9163933217009;0.0143955166024909;0.8530714847176739;65.46292746067047;49.20000874996185;82.90454268455505;32.7327835559845;False;False;False;False;0.16789561391664146;0.16626738098300867;0.1612711428255048;0.2619089396143084
65.25665794513566;49.29066911637941;83.08707491051976;32.39224012272184;65.25665794513566;49.29066911637941;83.08707491051976;32.39224012272184;65.25665794513566;49.29066911637941;321.64915100714563;624.1265072782458;0.1184927937681266;0.7093308836205878;65.40838527679443;49.14973604679108;82.87789702415466;32.59220130741596;False;False;False;False;0.16676498431195894;0.16365413458584024;0.16245448994432468;0.26232007007866803
65.2320395217939;49.23773898494828;83.0661493226246;32.63706789220326;65.2320395217939;49.23773898494828;83.0661493226246;32.63706789220326;65.2320395217939;49.23773898494828;321.8495887211573;624.1915431640983;0.1431112171098902;0.7622610150517204;65.30540609359741;49.277989864349365;82.92519569396973;32.48322635889053;False;False;False;False;0.16690548268008495;0.16000294286277805;0.16300861929320054;0.2625336648996388
65.44131147986577;49.03332408966877;83.20655966608405;32.791055661331825;65.44131147986577;49.03332408966877;83.20655966608405;32.791055661331825;65.44131147986577;49.03332408966877;322.3600533137232;623.7920807435693;-0.0661607409619904;0.966675910331226;65.28322207927704;49.23838567733765;82.98694491386414;32.46986582875252;False;False;False;False;0.16704347787122176;0.16020021965681464;0.1641563762229456;0.2628115059086046
65.42298597117257;49.24656519256926;82.89830610091263;32.886633765670894;65.42298597117257;49.24656519256926;82.89830610091263;32.886633765670894;65.42298597117257;49.24656519256926;322.06246122929974;623.8199103288274;-0.0478352322687811;0.7534348074307431;65.50824618339539;49.0580130815506;83.09281945228577;32.50034786760807;False;False;False;False;0.16527535995904002;0.1563058258072126;0.1648190208716455;0.2642472976080399
65.32309406070662;49.1531667971766;82.67900474171171;33.22660994230838;65.32309406070662;49.1531667971766;82.67900474171171;33.22660994230838;65.32309406070662;49.1531667971766;322.3497159944092;624.0133161187902;0.0520566781971609;0.8468332028233974;65.47246551513672;49.27023911476135;83.09849083423615;32.66518674790859;False;False;False;False;0.16560942387598168;0.15485886326816067;0.1690919615027076;0.26938332760332356
65.3670653456664;49.21413064957769;82.65918459230924;33.26368623691108;65.3670653456664;49.21413064957769;82.65918459230924;33.26368623691108;65.3670653456664;49.21413064957769;322.3406993833168;623.9323144392969;0.0080853932373798;0.7858693504223098;65.35088729858398;49.18330419063568;82.98784971237183;32.81272381544113;False;False;False;False;0.1640496342175161;0.14836097793464265;0.17193144201413935;0.27236352941363023
65.1464153611756;49.48690282158007;82.54850033077709;33.12616385661057;65.1464153611756;49.48690282158007;82.54850033077709;33.12616385661057;65.1464153611756;49.48690282158007;321.8999376193684;624.3746924607101;0.228735377728185;0.5130971784199332;65.39674186706543;49.26328003406525;82.8926819562912;32.96459227800369;False;False;False;False;0.16035289881305573;0.14886404192698094;0.17503523766481638;0.27278276486412034
64.99910228265482;49.372511100251934;82.74650694790859;33.29967021456015;64.99910228265482;49.372511100251934;82.74650694790859;33.29967021456015;64.99910228265482;49.372511100251934;322.19713401914726;624.6998166681154;0.3760484562489665;0.6274888997480659;65.17904329299927;49.49718534946442;82.76123702526093;33.08334954082966;False;False;False;False;0.1612155234409781;0.14897929271373891;0.17474657515718692;0.27327354420172706
65.17635829257254;49.52815723853677;82.57481211978015;33.363342216011986;65.17635829257254;49.52815723853677;82.57481211978015;33.363342216011986;65.17635829257254;49.52815723853677;321.9695069292107;624.3954444424465;0.1987924463312396;0.4718427614632361;65.04229891300201;49.408445835113525;82.74414420127869;33.0842100828886;False;False;False;False;0.16171316293432678;0.1488003640564197;0.17480312860340333;0.2745607981371407
65.40569025930539;49.68452805144806;82.58903540386147;33.180668043353585;65.40569025930539;49.68452805144806;82.58903540386147;33.180668043353585;65.40569025930539;49.68452805144806;321.7196776715832;623.9632861684917;-0.0305395204016036;0.3154719485519379;65.19046199321747;49.56142461299896;82.71873116493225;33.08677203953266;False;False;False;False;0.16271332611710432;0.1492548823037322;0.17320294811856363;0.2746958001891557
65.63228473545591;49.74423278767697;82.69420154860235;32.94118958171267;65.63228473545591;49.74423278767697;82.69420154860235;32.94118958171267;65.63228473545591;49.74423278767697;321.642331125599;623.5060252801371;-0.2571339965521275;0.255767212323029;65.41694498062134;49.67610251903534;82.68784999847412;33.13990518450737;False;False;False;False;0.16372575854443586;0.1486259812745671;0.17306248263967447;0.2750809233026688
65.48801445278977;50.12120984544961;82.67033663997861;32.95706833148924;65.48801445278977;50.12120984544961;82.67033663997861;32.95706833148924;65.48801445278977;50.12120984544961;320.9224793050301;623.7602813125958;-0.1128637138859858;-0.1212098454496128;65.62489116191864;49.71038281917572;82.70050406455994;33.061166405677795;False;False;False;False;0.1628388714147455;0.15195338277782655;0.172844922074267;0.2685332298485713
65.50126267713944;50.11894751883586;82.90591234386318;33.0722482116079;65.50126267713944;50.11894751883586;82.90591234386318;33.0722482116079;65.50126267713944;50.11894751883586;320.91084264553103;623.7187363687117;-0.1261119382356526;-0.1189475188358599;65.47093057632446;50.08280944824219;82.69392132759094;32.918711453676224;False;False;False;False;0.1627491897307025;0.15152732544832692;0.17397952227025587;0.2671473187515469
65.52512034043613;50.31751253621031;82.87651339690655;33.266066133015016;65.52512034043613;50.31751253621031;82.87651339690655;33.266066133015016;65.52512034043613;50.31751253621031;320.49785294160404;623.6542061170202;-0.1499696015323479;-0.3175125362103088;65.51977205276489;50.09006583690643;82.7711570262909;32.84452207386494;False;False;False;False;0.16250327723186506;0.15307128073077794;0.17377077424924556;0.26799901073824967
65.69198285925783;50.189685940962725;82.64657405390847;33.071309538631745;65.69198285925783;50.189685940962725;82.64657405390847;33.071309538631745;65.69198285925783;50.189685940962725;320.71117112727114;623.3004851325057;-0.31683212035405;-0.1896859409627254;65.55685949325562;50.28281474113464;82.84597337245941;32.90892995893955;False;False;False;False;0.16131495460456582;0.15278574548459303;0.17480715774962508;0.2652227030318461
65.78110199335109;50.2641421533994;82.71524612651058;32.986651099093784;65.78110199335109;50.2641421533994;82.71524612651058;32.986651099093784;65.78110199335109;50.2641421533994;320.5369672436028;623.0800025816054;-0.4059512544473023;-0.2641421533993977;65.6758725643158;50.13414347171784;82.82308459281921;32.97251336276531;False;False;False;False;0.16162412393712536;0.15252512806505453;0.17506961293849513;0.26345818452774733
65.68091925754905;50.42947701031435;82.6073291771278;32.89335606481724;65.68091925754905;50.42947701031435;82.6073291771278;32.89335606481724;65.68091925754905;50.42947701031435;320.17107857598626;623.2262412192832;-0.3057685186452659;-0.4294770103143506;65.78110229969025;50.20728468894959;82.82103896141052;32.97103978693485;False;False;False;False;0.16190116641659963;0.1536011320417108;0.17580680380202857;0.2631129335831909
65.42342070657405;50.43160717584316;82.4954361153581;32.86778449784033;65.42342070657405;50.43160717584316;82.4954361153581;32.86778449784033;65.42342070657405;50.43160717584316;320.1095546435534;623.7004691854139;-0.0482699676702651;-0.4316071758431548;65.65132737159729;50.33352994918823;82.75987982749939;32.85112366080284;False;False;False;False;0.16266550295474613;0.15345061217020767;0.17707691198378106;0.2630835147636894
65.41857933881292;50.57787981132925;82.51049927954573;32.81714701091457;65.41857933881292;50.57787981132925;82.51049927954573;32.81714701091457;65.41857933881292;50.57787981132925;319.7594617491355;623.7037159252468;-0.0434285999091343;-0.5778798113292467;65.40424025058746;50.36498582363129;82.68105745315552;32.77994208037853;False;False;False;False;0.16150145266051458;0.1547852765816655;0.17659208247979297;0.26289788507843326
65.2437443926098;50.48142533049908;82.48942745876116;32.72810178413917;65.2437443926098;50.48142533049908;82.48942745876116;32.72810178413917;65.2437443926098;50.48142533049908;319.87532006928524;624.0475953376651;0.1314063462939856;-0.4814253304990785;65.4149329662323;50.49268305301666;82.65529692173004;32.72116541862488;False;False;False;False;0.16128531288284112;0.15409448622155542;0.1762258959489607;0.26211351022722046
65.5280543383106;50.48876240619378;82.43498825418455;33.03217221768378;65.5280543383106;50.48876240619378;82.43498825418455;33.03217221768378;65.5280543383106;50.48876240619378;319.7964558738293;623.4964962924361;-0.1529035994068124;-0.4887624061937785;65.2404477596283;50.38535833358765;82.60117292404175;32.67554685473442;False;False;False;False;0.15976622379915675;0.1543612832631928;0.17483648171499477;0.26368193253300265
65.5809170477688;50.28911409087691;82.45078937383222;33.262558411606385;65.5809170477688;50.28911409087691;82.45078937383222;33.262558411606385;65.5809170477688;50.28911409087691;320.1305841836372;623.3703837269321;-0.205766308865023;-0.2891140908769074;65.51620435714722;50.41920304298401;82.5479406118393;32.680091336369514;False;False;False;False;0.15947544366050878;0.15434366869443966;0.17333173449479128;0.2692608872781683
65.89708877202355;50.29822907205839;82.49153389869592;33.13511501845225;65.89708877202355;50.29822907205839;82.49153389869592;33.13511501845225;65.89708877202355;50.29822907205839;320.073805675824;622.7106047705739;-0.5219380331197669;-0.2982290720583904;65.55948686599731;50.24824404716492;82.53124117851257;32.781197652220726;False;False;False;False;0.16230598454765266;0.15335324924851157;0.1703033860190031;0.2710419377387476
66.02565573138376;50.33812814342122;82.34664542963742;33.26801021140428;66.02565573138376;50.33812814342122;82.34664542963742;33.26801021140428;66.02565573138376;50.33812814342122;319.9542436568239;622.3838791141042;-0.6505049924799806;-0.3381281434212226;65.86689293384552;50.23333716392517;82.51527607440948;32.9458562284708;False;False;False;False;0.16228772816637385;0.15023888911325542;0.17072434404428616;0.27097492445730215
65.90980930502455;50.27362272603408;82.69035065084853;33.367201774108665;65.90980930502455;50.27362272603408;82.69035065084853;33.367201774108665;65.90980930502455;50.27362272603408;320.03817073914206;622.5288379678252;-0.5346585661207683;-0.2736227260340769;65.96548509597778;50.26022279262543;82.48058557510376;33.0193842202425;False;False;False;False;0.16231876600972223;0.14953174991660007;0.17035113116939807;0.27199330706008507
65.78592614265747;50.2740474891955;82.81825877214416;33.22367781192806;65.78592614265747;50.2740474891955;82.81825877214416;33.22367781192806;65.78592614265747;50.2740474891955;320.0008381826813;622.7053164837432;-0.4107754037536892;-0.2740474891955031;65.88060712814331;50.2210887670517;82.54432141780853;33.029669746756554;False;False;False;False;0.16146675875609878;0.14857920407299471;0.17104653816660445;0.2723777519952466
65.42484960778481;50.30841754658788;82.89512050702214;33.09151614210872;65.42484960778481;50.30841754658788;82.89512050702214;33.09151614210872;65.42484960778481;50.30841754658788;319.89555840267053;623.3726994996547;-0.0496988688810233;-0.3084175465878758;65.78711760044098;50.216203927993774;82.64041364192963;33.089605271816254;False;False;False;False;0.16510534747766445;0.1488223015651201;0.1727609067480124;0.271967344588763
65.51109205021028;50.06856323953329;83.0225667603662;32.89299845226101;65.51109205021028;50.06856323953329;83.0225667603662;32.89299845226101;65.51109205021028;50.06856323953329;320.33414467723463;623.1935880989529;-0.135941311306496;-0.0685632395332902;65.4366329908371;50.24442398548126;82.75273978710175;33.060786947607994;False;False;False;False;0.16439640400894273;0.14964634418271738;0.17413288329711404;0.26878008567058553
65.84306128845743;49.92773366409758;83.0946340142751;32.954549623162336;65.84306128845743;49.92773366409758;83.0946340142751;32.954549623162336;65.84306128845743;49.92773366409758;320.60666206283497;622.5115241142844;-0.4679105495536504;0.0722663359024196;65.51877295970917;50.024447202682495;82.8955602645874;32.93322756886482;False;False;False;False;0.1665178393339331;0.1498741870570944;0.17511493295499256;0.2684902464291029
65.76849134774479;49.77865035355909;83.31937484094202;33.01668780842321;65.76849134774479;49.77865035355909;83.31937484094202;33.01668780842321;65.76849134774479;49.77865035355909;320.9144641953656;622.5982759224358;-0.3933406088410009;0.2213496464409132;65.84802424907684;49.88977360725403;82.99031496047974;32.8365059196949;False;False;False;False;0.16352813178446995;0.15010082323072924;0.17781131153004734;0.2683281194751106
65.76593585114249;49.63093642656834;83.28995274807299;33.08189466345897;65.76593585114249;49.63093642656834;83.28995274807299;33.08189466345897;65.76593585114249;49.63093642656834;321.23940533553923;622.5509415011284;-0.3907851122387029;0.3690635734316601;65.77272236347198;49.7389554977417;83.1002414226532;32.796074375510216;False;False;False;False;0.1627970802423705;0.1457506136637339;0.1769938289917009;0.2697053732903886
65.64395440507475;49.697677657072;83.2568603399009;33.01059975555505;65.64395440507475;49.697677657072;83.2568603399009;33.01059975555505;65.64395440507475;49.697677657072;321.15513135098945;622.742799711632;-0.2688036661709674;0.3023223429280008;65.78304862976074;49.61089873313904;83.18291246891022;32.856329530477524;False;False;False;False;0.1633043475940005;0.14587306094469074;0.1771325738784194;0.2698856872416693
65.56308742583397;49.67948165788776;83.35672737501561;32.915359353903575;65.56308742583397;49.67948165788776;83.35672737501561;32.915359353903575;65.56308742583397;49.67948165788776;321.2318329950817;622.8686931812907;-0.1879366869301861;0.320518342112237;65.6623969078064;49.68751776218414;83.23693811893463;32.89577677845955;False;False;False;False;0.16348836889066198;0.1458402711186874;0.17663986727799008;0.2696706042932517
65.71207568126844;49.6525630868692;83.40660939555723;33.06621444119642;65.71207568126844;49.6525630868692;83.40660939555723;33.06621444119642;65.71207568126844;49.6525630868692;321.3284059160671;622.5456584454978;-0.3369249423646607;0.3474369131307995;65.60280048847198;49.658340096473694;83.29444527626038;32.886759117245674;False;False;False;False;0.1635956393192794;0.14581435976589835;0.17695789851938348;0.2679902926217584
65.9248236795887;49.693070592875245;83.19409186457182;33.30174553071876;65.9248236795887;49.693070592875245;83.19409186457182;33.30174553071876;65.9248236795887;49.693070592875245;321.29371582580575;622.0752391232087;-0.5496729406849141;0.3069294071247554;65.73929941654205;49.63837206363678;83.32385122776031;32.8569720685482;False;False;False;False;0.16364391981095283;0.1458960039037189;0.1770478383239514;0.2704735336141143
65.79545042280289;49.391349827605055;83.21393759179749;33.06426057010438;65.79545042280289;49.391349827605055;83.21393759179749;33.06426057010438;65.79545042280289;49.391349827605055;321.9380812772961;622.2606959113557;-0.4202996838991026;0.6086501723949453;65.94224321842194;49.66847622394562;83.30027401447296;32.90638521313667;False;False;False;False;0.16397336205177823;0.14741622387269462;0.17714599199441894;0.2699878505345401
65.8309520077213;49.74963607442367;83.22589342433488;32.88861516222132;65.8309520077213;49.74963607442367;83.22589342433488;32.88861516222132;65.8309520077213;49.74963607442367;321.30266213997817;622.1336527836656;-0.4558012688175097;0.2503639255763303;65.8078738451004;49.39681279659271;83.27710330486298;33.001743108034134;False;False;False;False;0.1634234484142026;0.15109509758339734;0.1764967112399442;0.2658745769746328
65.45700887340949;49.654853565243016;83.31513037544087;32.95431453182911;65.45700887340949;49.654853565243016;83.31513037544087;32.95431453182911;65.45700887340949;49.654853565243016;321.525609015083;622.8207655497803;-0.0818581345057083;0.3451464347569839;65.83898746967316;49.70106256008148;83.23681354522705;32.99416542053223;False;False;False;False;0.16670400343569355;0.15077985293870969;0.1756732760176193;0.26429424960892345
65.36424426808347;49.779673171399054;82.95609229106239;32.99148709751822;65.36424426808347;49.779673171399054;82.95609229106239;32.99148709751822;65.36424426808347;49.779673171399054;321.3219893274052;622.9953803424983;0.0109064708203163;0.2203268286009461;65.4942969083786;49.63521230220795;83.22784423828125;32.85714089870453;False;False;False;False;0.16645789161768115;0.15129451721108989;0.17750463656456192;0.26414033714412133
65.35013383364311;49.64919768212098;82.76187431336287;33.069276535962594;65.35013383364311;49.64919768212098;82.76187431336287;33.069276535962594;65.35013383364311;49.64919768212098;321.61231721644145;623.0250554074884;0.0250169052606707;0.3508023178790225;65.39698040485382;49.76634931564331;83.16246271133423;32.806508243083954;False;False;False;False;0.1658711700340103;0.1517011353032622;0.18100533932201812;0.2652825901343761
65.56091826717463;49.46494073630972;82.90745383992267;33.342846562282254;65.56091826717463;49.46494073630972;82.90745383992267;33.342846562282254;65.56091826717463;49.46494073630972;322.02760475044784;622.6068221277934;-0.1857675282708442;0.5350592636902789;65.37869942188263;49.63917410373688;83.05645704269409;32.866855189204216;False;False;False;False;0.16441740342115202;0.152594854832582;0.18122809504284737;0.2691155941506516
65.5466542499658;49.38224028095965;82.9046778216093;33.235905592726695;65.5466542499658;49.38224028095965;82.9046778216093;33.235905592726695;65.5466542499658;49.38224028095965;322.2643468963067;622.6105811584416;-0.1715035110620135;0.6177597190403503;65.59385359287262;49.46804571151733;82.98305690288544;32.95529268682003;False;False;False;False;0.16130514407824723;0.15259296435820838;0.1797177279767784;0.27037740330168153
65.8618215092131;49.86208727704252;82.88774371590472;33.30246093394235;65.8618215092131;49.86208727704252;82.88774371590472;33.30246093394235;65.8618215092131;49.86208727704252;321.3870208666797;621.9573795051388;-0.4866707703093169;0.1379127229574805;65.55873322486877;49.384488344192505;82.90023505687714;33.05886998772621;False;False;False;False;0.16384771600332362;0.15888938166887462;0.17928472253425273;0.2712831688546283
65.83876457599801;49.88196878048232;82.96421401234491;33.32962417206899;65.83876457599801;49.88196878048232;82.96421401234491;33.32962417206899;65.83876457599801;49.88196878048232;321.3656462228611;621.9386039355277;-0.4636138370942291;0.1180312195176824;65.83840322494507;49.82466661930084;82.8859680891037;33.14365305006504;False;False;False;False;0.16214279421623182;0.1588569581081433;0.17727655010621668;0.271672319833225
65.80664808799757;49.94998807434786;83.02602315716358;33.37720592321528;65.80664808799757;49.94998807434786;83.02602315716358;33.37720592321528;65.80664808799757;49.94998807434786;321.2453451310657;621.9410217332494;-0.4314973490937888;0.0500119256521429;65.84290778636932;49.848942160606384;82.91276454925537;33.11979882419109;False;False;False;False;0.16158844895925198;0.15893037511390953;0.1775515122445352;0.2692141403898605
65.7782657919824;49.99293970047989;82.99933494912108;33.198501862945655;65.7782657919824;49.99293970047989;82.99933494912108;33.198501862945655;65.7782657919824;49.99293970047989;321.16611013555524;621.9402533454005;-0.403115053078622;0.0070602995201056;65.7930361032486;49.930909276008606;82.93302416801453;33.15265268087387;False;False;False;False;0.161208704393931;0.1590398318009139;0.1776638463905404;0.2658106806283621
65.75937702166105;49.81211569975042;83.1574413513383;33.27335729957995;65.75937702166105;49.81211569975042;83.1574413513383;33.27335729957995;65.75937702166105;49.81211569975042;321.5286995102836;621.9242822122994;-0.3842262827572682;0.1878843002495784;65.77621400356293;49.94840204715729;82.95429348945618;33.146846890449524;False;False;False;False;0.16120879925742904;0.159031798732415;0.1765907303456806;0.2609880678973611
65.509562891522;49.72307970640368;83.01595259477816;33.33591571106702;65.509562891522;49.72307970640368;83.01595259477816;33.33591571106702;65.509562891522;49.72307970640368;321.7318227370103;622.3726803015433;-0.1344121526182107;0.2769202935963264;65.79517257213593;49.79646384716034;83.01612138748169;33.12404826283455;False;False;False;False;0.1622904353481662;0.15906782206505768;0.17569457093895005;0.26027482233774824
65.50156348637482;49.785496754096265;83.16705916043702;33.41581474244186;65.50156348637482;49.785496754096265;83.16705916043702;33.41581474244186;65.50156348637482;49.785496754096265;321.64391134743795;622.3707574914885;-0.1264127474710363;0.2145032459037352;65.53359341621399;49.7270804643631;83.03077518939972;33.09064120054245;False;False;False;False;0.16212046819731696;0.1591619620589118;0.17599944435328074;0.26140852827411387
65.5720746673636;50.07747145567628;83.42147427815432;33.477385553387904;65.5720746673636;50.07747145567628;83.42147427815432;33.477385553387904;65.5720746673636;50.07747145567628;321.0885623770651;622.2128800965148;-0.1969239284598103;-0.0774714556762745;65.55051231384277;49.78490340709686;83.07360887527466;33.155270367860794;False;False;False;False;0.1621055767159107;0.16151518775865226;0.17897776610152583;0.26280656843796935
65.79193600274697;49.97922918368959;83.56137204742826;33.38631123544885;65.79193600274697;49.97922918368959;83.56137204742826;33.38631123544885;65.79193600274697;49.97922918368959;321.274717393615;621.7469009019535;-0.416785263843181;0.0207708163104101;65.59613871574402;50.05071401596069;83.17731320858002;33.2124038040638;False;False;False;False;0.1628117122363661;0.16019759070424952;0.18218833245084295;0.2629708994439239
65.90684905477062;50.12579401490028;83.64157115157768;33.44283678103567;65.90684905477062;50.12579401490028;83.64157115157768;33.44283678103567;65.90684905477062;50.12579401490028;320.9843571733683;621.4615034293938;-0.5316983158668336;-0.1257940149002792;65.82650399208069;49.961926102638245;83.27019274234772;33.24165403842926;False;False;False;False;0.16102814607154237;0.16060547468098124;0.1853913496072829;0.2636686072394541
65.8648640974862;50.276992947406896;83.53511497305499;33.27849122603875;65.8648640974862;50.276992947406896;83.53511497305499;33.27849122603875;65.8648640974862;50.276992947406896;320.66518677303503;621.4745802351804;-0.4897133585824207;-0.2769929474068959;65.94367790222168;50.09488499164581;83.41115117073059;33.24437990784645;False;False;False;False;0.1609539183794708;0.1614623976415976;0.18549946417011406;0.26346202104752225
66.04330017853141;50.42712127597135;83.31967380749167;33.25308557360827;66.04330017853141;50.42712127597135;83.31967380749167;33.25308557360827;66.04330017853141;50.42712127597135;320.3279977229185;621.0524129586123;-0.6681494396276264;-0.4271212759713521;65.89225745201111;50.21660494804382;83.48263025283813;33.195442110300064;False;False;False;False;0.16146298414645274;0.16270519789919977;0.18599073163408944;0.2620991973993011
65.75825507730437;50.54670876989655;83.18218187778245;33.28938011212349;65.75825507730437;50.54670876989655;83.18218187778245;33.28938011212349;65.75825507730437;50.54670876989655;320.0318732316053;621.5334165691161;-0.3831043384005852;-0.5467087698965472;66.02886354923248;50.33838367462158;83.44131112098694;33.152181431651115;False;False;False;False;0.16349552555278546;0.16222563265595635;0.18751110735951185;0.25767340657164267
65.70825198644016;50.55917065317645;83.06885619531748;33.19307132849063;65.70825198644016;50.55917065317645;83.06885619531748;33.19307132849063;65.70825198644016;50.55917065317645;319.9340549623926;621.5823421723911;-0.3331012475363764;-0.5591706531764444;65.7721415758133;50.477171182632446;83.34592700004578;33.08261603116989;False;False;False;False;0.16358604008158775;0.16241309087189945;0.1892817712383407;0.25600389286554726
65.81168891779313;50.38144347989707;83.03817290393364;33.237359646445505;65.81168891779313;50.38144347989707;83.03817290393364;33.237359646445505;65.81168891779313;50.38144347989707;320.21495322186115;621.3310548100137;-0.4365381788893501;-0.3814434798970723;65.70095705986023;50.471895694732666;83.21356415748596;33.06062959134579;False;False;False;False;0.16391008462405357;0.1622010832532268;0.18938191191656323;0.2552587742991381
65.81231043291716;49.94948668867732;83.03262878786504;33.20622328238548;65.81231043291716;49.94948668867732;83.03262878786504;33.20622328238548;65.81231043291716;49.94948668867732;321.0280076736477;621.271606689247;-0.4371596940133742;0.0505133113226818;65.81417608261108;50.31207883358002;83.10380160808563;33.04864838719368;False;False;False;False;0.16378947587273254;0.16558287771327154;0.18822346544808957;0.25448979349975365
65.82475198989434;49.74146744804117;82.97149837521746;33.24333125951521;65.82475198989434;49.74146744804117;82.97149837521746;33.24333125951521;65.82475198989434;49.74146744804117;321.4507812630964;621.1884356160909;-0.449601250990554;0.2585325519588295;65.8216882944107;49.91819071769714;83.0453634262085;33.025787472724915;False;False;False;False;0.1636959127585957;0.16514843735315834;0.18739297238880098;0.2512736704832433
65.66676992341822;49.577912024720455;82.92493219366244;33.31847568292556;65.66676992341822;49.577912024720455;82.92493219366244;33.31847568292556;65.66676992341822;49.577912024720455;321.8123631166656;621.4444529155778;-0.2916191845144311;0.4220879752795454;65.82666301727295;49.71032750606537;82.99428820610046;33.05530980229378;False;False;False;False;0.1643811973035667;0.16550031834091425;0.18750072240300467;0.24992800036076362
65.43916762032885;49.65724031633504;83.30107568973922;33.275397875333404;65.43916762032885;49.65724031633504;83.30107568973922;33.275397875333404;65.43916762032885;49.65724031633504;321.7099849301404;621.8607749638213;-0.0640168814250614;0.3427596836649584;65.71580517292023;49.56302523612976;82.97353029251099;33.08362081646919;False;False;False;False;0.16631865046074948;0.16566353309242604;0.19003424805330318;0.2504985566050176
65.46726438872818;49.58103657949621;83.40906459623372;33.1443561146516;65.46726438872818;49.58103657949621;83.40906459623372;33.1443561146516;65.46726438872818;49.58103657949621;321.90809369497333;621.7960458428327;-0.0921136498243981;0.4189634205037862;65.46225678920746;49.6450856924057;83.04890394210815;33.1214240193367;False;False;False;False;0.16627552011933833;0.16566663821444233;0.19202989427727465;0.2505062408058958
65.66641965304541;49.41452793983363;83.48175895114144;32.939028714748886;65.66641965304541;49.41452793983363;83.48175895114144;32.939028714748886;65.66641965304541;49.41452793983363;322.296972763699;621.3854534942216;-0.2912689141416251;0.5854720601663672;65.50041937828064;49.58674418926239;83.15119862556458;33.11699837446213;False;False;False;False;0.16664689231008584;0.16647687711384337;0.1944808475572266;0.25107027194032877
65.62444936864499;49.64884408019327;83.43382438372619;33.113967525430766;65.62444936864499;49.64884408019327;83.43382438372619;33.113967525430766;65.62444936864499;49.64884408019327;321.9064034243352;621.4305582078035;-0.2492986297412045;0.3511559198067289;65.68471229076385;49.41330301761627;83.2691764831543;33.0301508307457;False;False;False;False;0.16641693241195135;0.16797500699222032;0.19500059168070655;0.250983615497377
65.68333566416918;49.8456144090545;83.01803627229881;33.13213927227937;65.68333566416918;49.8456144090545;83.01803627229881;33.13213927227937;65.68333566416918;49.8456144090545;321.55968355592034;621.2795457994563;-0.3081849252653938;0.1543855909455018;65.65021765232086;49.63522958755493;83.36806833744049;32.94109210371971;False;False;False;False;0.16637610981587794;0.16915054193480553;0.19780726469701435;0.249905826677328
65.81327897973335;49.93865628132109;82.66703324101846;33.21503801263705;65.81327897973335;49.93865628132109;82.66703324101846;33.21503801263705;65.81327897973335;49.93865628132109;321.39418455684654;620.9785678449592;-0.4381282408295703;0.0613437186789056;65.69069993495941;49.811474442482;83.27467083930969;32.91845083236694;False;False;False;False;0.1664732795487106;0.1691133286242267;0.20479098087349704;0.24971270210771854
65.60305000108521;49.93533560041732;82.6093161295114;33.366620078671815;65.60305000108521;49.93533560041732;82.6093161295114;33.366620078671815;65.60305000108521;49.93533560041732;321.40900508114464;621.3406087034782;-0.2278992621814239;0.0646643995826821;65.82679784297943;49.88997757434845;83.0846107006073;32.99597829580307;False;False;False;False;0.16642690921797507;0.16915334497634965;0.2097419013209314;0.2520658618054311
65.72526333663534;49.88344352276216;82.54739193880314;33.679621968762376;65.72526333663534;49.88344352276216;82.54739193880314;33.679621968762376;65.72526333663534;49.88344352276216;321.5214111563993;621.065795464087;-0.3501125977315524;0.116556477237836;65.58840525150299;49.90058386325836;82.88358807563782;33.05260360240936;False;False;False;False;0.1652452671442754;0.1691599541643801;0.21217436880168566;0.25905836653640846
65.69561419378273;49.925613429540974;82.37545132940748;33.66233525927242;65.69561419378273;49.925613429540974;82.37545132940748;33.66233525927242;65.69561419378273;49.925613429540974;321.4526122064734;621.0784120700947;-0.3204634548789471;0.0743865704590263;65.72945022583008;49.86231756210327;82.70071387290955;33.1856556981802;False;False;False;False;0.16521032364980343;0.16872478133574934;0.2136048176552344;0.2629547374305277
65.52611077872015;49.75877036755452;82.38301578345524;33.4943157827464;65.52611077872015;49.75877036755452;82.38301578345524;33.4943157827464;65.52611077872015;49.75877036755452;321.7962165398409;621.3746904395693;-0.1509600398163684;0.2412296324454814;65.69557094573975;49.9124208688736;82.55757212638855;33.33963207900524;False;False;False;False;0.16597317843187576;0.169235578008473;0.21329378879953279;0.26117988167203865
65.57592939193907;50.175134694547296;82.26135784274709;33.50674492119378;65.57592939193907;50.175134694547296;82.26135784274709;33.50674492119378;65.57592939193907;50.175134694547296;320.9956518368481;621.2549252078227;-0.2007786530352859;-0.175134694547296;65.531076669693;49.74918842315674;82.48307049274445;33.43219608068466;False;False;False;False;0.16422932605082052;0.17261147618375458;0.2143342860315733;0.26057416693942254
65.61178173835941;50.14916915196165;82.14359031967525;33.50763501762247;65.61178173835941;50.14916915196165;82.14359031967525;33.50763501762247;65.61178173835941;50.14916915196165;321.02423162941307;621.1564500279106;-0.2366309994556275;-0.1491691519616438;65.55400395393372;50.1145453453064;82.39801287651062;33.37259575724602;False;False;False;False;0.1628840602107255;0.17264257603076635;0.21552530721265353;0.26064046877225905
65.44389184888766;49.82194057515983;82.34568262875754;33.4066084833449;65.44389184888766;49.82194057515983;82.34568262875754;33.4066084833449;65.44389184888766;49.82194057515983;321.6587995627551;621.4606790069267;-0.0687411099838755;0.1780594248401712;65.60729467868805;50.112982749938965;82.30327129364014;33.30507434904575;False;False;False;False;0.16239432467592116;0.1736785349335458;0.21500307954502648;0.2604567921544748
65.4658287261723;49.56575124240403;82.41179215359097;33.53127152017751;65.4658287261723;49.56575124240403;82.41179215359097;33.53127152017751;65.4658287261723;49.56575124240403;322.1949194849121;621.4076397710263;-0.0906779872685206;0.4342487575959666;65.45795273780823;49.8016494512558;82.31155216693878;33.28917972743511;False;False;False;False;0.16230450527662887;0.17408653157600365;0.21477690958131804;0.2613858548834076
65.32862740397194;49.635679811206;82.52497896224446;33.685173868213994;65.32862740397194;49.635679811206;82.52497896224446;33.685173868213994;65.32862740397194;49.635679811206;322.11296218165427;621.6699520171246;0.0465233349318481;0.3643201887939966;65.46257138252258;49.56924796104431;82.33170688152313;33.289058431982994;False;False;False;False;0.16269822894438263;0.1731748820859877;0.21507060351267046;0.2634167964872443
65.41708496908225;49.768865817133886;82.74822407947025;33.63047714552958;65.41708496908225;49.768865817133886;82.74822407947025;33.63047714552958;65.41708496908225;49.768865817133886;321.895166194971;621.4992399982282;-0.0419342301784695;0.2311341828661142;65.372563123703;49.635692834854126;82.40298271179199;33.32565277814865;False;False;False;False;0.16274514734800732;0.17336941906620457;0.21757384729104456;0.2648707194678647
65.3041664919861;49.85601463666772;82.67795889327644;33.43900888143793;65.3041664919861;49.85601463666772;82.67795889327644;33.43900888143793;65.3041664919861;49.85601463666772;321.75168644695214;621.71948572173;0.0709842469176891;0.1439853633322769;65.43725180625916;49.76421630382538;82.54032850265503;33.41529995203018;False;False;False;False;0.16322775389480235;0.17220626637864744;0.2174796400542789;0.26450373062895083
65.21874075737982;50.061685073964966;82.54623979676809;33.5642310067467;65.21874075737982;50.061685073964966;82.54623979676809;33.5642310067467;65.21874075737982;50.061685073964966;321.359543620802;621.8998017571982;0.1564099815239643;-0.0616850739649663;65.33046293258667;49.83390045166016;82.61534810066223;33.42405043542385;False;False;False;False;0.16215160397570075;0.17351629602422824;0.21483297346448407;0.2631708270492366
65.1819088116555;50.03648254922712;82.87248264172213;33.6207346862936;65.1819088116555;50.03648254922712;82.87248264172213;33.6207346862936;65.1819088116555;50.03648254922712;321.401723993749;621.99432031285;0.1932419272482803;-0.0364825492271236;65.25143778324127;50.02328562736511;82.6312804222107;33.35902951657772;False;False;False;False;0.16170203580261955;0.1735187466717894;0.21601485707861143;0.26427172335689725
65.01036815931018;50.08046964058339;83.10419594463221;33.59715657517684;65.01036815931018;50.08046964058339;83.10419594463221;33.59715657517684;65.01036815931018;50.08046964058339;321.3088854711395;622.3631672078404;0.3647825795936086;-0.080469640583388;65.2255996465683;50.03377091884613;82.72219955921173;33.32627318799496;False;False;False;False;0.1601184250550983;0.1734536934290617;0.21905532414031298;0.2654232528270537
65.084847597641;50.36772639181847;83.29249428477699;33.649119440730274;65.084847597641;50.36772639181847;83.29249428477699;33.649119440730274;65.084847597641;50.36772639181847;320.7236426832582;622.2628460084579;0.2903031412627825;-0.367726391818465;65.04555892944336;50.062167286872864;82.82683491706848;33.3825846016407;False;False;False;False;0.16014471106107186;0.17584935840634155;0.22312154634489081;0.265847170533241
65.04179920345075;50.26353956759416;83.20052563224256;33.81423697389646;65.04179920345075;50.26353956759416;83.20052563224256;33.81423697389646;65.04179920345075;50.26353956759416;320.88298614613103;622.3876498823402;0.3333515354530334;-0.2635395675941581;65.13061666488647;50.326778292655945;82.97318935394287;33.403343334794044;False;False;False;False;0.16010478590946314;0.175760292053815;0.22408825341756908;0.26813703801406136
65.29517908005471;50.14462717116503;82.84435411071216;33.61945776908478;65.29517908005471;50.14462717116503;82.84435411071216;33.61945776908478;65.29517908005471;50.14462717116503;321.0856723299767;621.9253370005259;0.0799716588490753;-0.1446271711650268;65.0856021642685;50.25712180137634;83.12294006347656;33.42782862484455;False;False;False;False;0.16091926393945527;0.17608693739398604;0.22540838846410463;0.26689439132942744
65.32531964938873;50.07106595883692;82.78463494986448;33.509164085412145;65.32531964938873;50.07106595883692;82.78463494986448;33.509164085412145;65.32531964938873;50.07106595883692;321.21351113181095;621.8757187497044;0.0498310895150524;-0.0710659588369182;65.31208515167236;50.10625874996185;83.08331251144409;33.47009353339672;False;False;False;False;0.16085985726916652;0.1740619393533609;0.22644075582853407;0.266715411982427
65.30295050188747;49.923668167491215;82.76086508301472;33.677959814315365;65.30295050188747;49.923668167491215;82.76086508301472;33.677959814315365;65.30295050188747;49.923668167491215;321.4988312533241;621.9271011899757;0.0722002370163181;0.0763318325087851;65.34122478961945;50.047388315200806;82.99425542354584;33.45959164202213;False;False;False;False;0.16064494390329767;0.17427956172285522;0.2273919146682772;0.2649148562582758
65.20335236667522;49.79421312403084;82.31580302724666;33.35500291857133;65.20335236667522;49.79421312403084;82.31580302724666;33.35500291857133;65.20335236667522;49.79421312403084;321.7679189179127;622.135924158669;0.1717983722285652;0.2057868759691601;65.34804213047028;49.92487323284149;82.87231743335724;33.38227316737175;False;False;False;False;0.16019512463414795;0.17320631431461048;0.231192553599572;0.25977336255171823
65.15039905403127;49.81780729269037;82.45039179046236;33.538946951598234;65.15039905403127;49.81780729269037;82.45039179046236;33.538946951598234;65.15039905403127;49.81780729269037;321.7481688307229;622.2647372335874;0.2247516848725155;0.1821927073096318;65.21003246307373;49.77930986881256;82.66984581947327;33.339573070406914;False;False;False;False;0.1592513106785884;0.17263626033126062;0.23199300331416656;0.2576424874411122
65.14759249754263;49.542551669852905;82.51239483272109;33.473305699752565;65.14759249754263;49.542551669852905;82.51239483272109;33.473305699752565;65.14759249754263;49.542551669852905;322.3229724373724;622.300317237881;0.2275582413611516;0.4574483301470948;65.17008948326111;49.81724083423615;82.58660435676575;33.34394134581089;False;False;False;False;0.1578614584341799;0.17458297080134638;0.23087312607913316;0.25771269389984314
64.995464149279;49.63290791469791;82.77821762035283;33.34736240450191;64.995464149279;49.63290791469791;82.77821762035283;33.34736240450191;64.995464149279;49.63290791469791;322.20325305836866;622.6349150332564;0.3796865896247823;0.3670920853020902;65.18400764465332;49.55285108089447;82.53495872020721;33.26730966567993;False;False;False;False;0.1585628221248508;0.17349043022429994;0.23147341159223905;0.256536652575516
65.04706167822798;49.55144931454665;82.7577810599888;33.39461606452549;65.04706167822798;49.55144931454665;82.7577810599888;33.39461606452549;65.04706167822798;49.55144931454665;322.4151158700448;622.5823448539751;0.3280890606758078;0.4485506854533483;65.05987465381622;49.63220465183258;82.57838249206543;33.30735519528389;False;False;False;False;0.15814134260360857;0.17357514989461031;0.23189777726259495;0.25643087487449157
65.19825573271673;49.51765061439804;82.76678744063304;33.42027835548091;65.19825573271673;49.51765061439804;82.76678744063304;33.42027835548091;65.19825573271673;49.51765061439804;322.54252002840246;622.3237019530877;0.1768950061870526;0.4823493856019638;65.109912276268;49.55512928962708;82.67556309700012;33.25211085379124;False;False;False;False;0.15818443986885766;0.1729359939898969;0.2316154096301794;0.2536387309881337
65.0978659757203;49.76644975036767;82.76896864012379;33.51608155314055;65.0978659757203;49.76644975036767;82.76896864012379;33.51608155314055;65.0978659757203;49.76644975036767;322.1092350078768;622.5480674679055;0.2772847631834878;0.23355024963233;65.22645354270935;49.52539503574371;82.74248540401459;33.22553813457489;False;False;False;False;0.156544834766292;0.17445535455291025;0.23122833654980285;0.2502914973061671
65.18750603630069;49.75125403349828;82.73311145725337;33.40733836690479;65.18750603630069;49.75125403349828;82.73311145725337;33.40733836690479;65.18750603630069;49.75125403349828;322.1707664748999;622.4057586485026;0.1876447026030945;0.2487459665017226;65.13426041603088;49.77087461948395;82.79810428619385;33.27129356563091;False;False;False;False;0.15391502428628817;0.17446359088314226;0.23128055578423612;0.2488801419642712
65.25763455781289;49.88229009111917;82.87587995473;33.47903323873794;65.25763455781289;49.88229009111917;82.87587995473;33.47903323873794;65.25763455781289;49.88229009111917;321.941860488525;622.2905208991585;0.1175161810908917;0.1177099088808262;65.24075543880463;49.75967717170715;82.78380453586578;33.29011157155037;False;False;False;False;0.15340986799633094;0.17484689426564665;0.2314297514959896;0.24477202742401455
65.2276881579015;49.8814462760287;82.82962756849328;33.502921354700554;65.2276881579015;49.8814462760287;82.82962756849328;33.502921354700554;65.2276881579015;49.8814462760287;321.95924277322337;622.3660825231268;0.1474625810022871;0.1185537239713028;65.29689824581146;49.86858522891998;82.81894087791443;33.29444132745266;False;False;False;False;0.15349158685383227;0.17484596802462013;0.2313485338721865;0.24456288071328927
65.00638269761761;49.76901665945786;82.79426951454863;33.527468401483254;65.00638269761761;49.76901665945786;82.79426951454863;33.527468401483254;65.00638269761761;49.76901665945786;322.19990916956124;622.8283551211615;0.3687680412861738;0.2309833405421386;65.26338541507721;49.86958777904511;82.83029019832611;33.282306864857674;False;False;False;False;0.15196958091265558;0.17510594177342675;0.23094646297517935;0.24319749048235215
64.99361231669282;49.8572270107251;82.85816369118453;33.38574279023667;64.99361231669282;49.8572270107251;82.85816369118453;33.38574279023667;64.99361231669282;49.8572270107251;322.0542862457657;622.9030649551826;0.3815384222109657;0.1427729892749027;65.04668939113617;49.77267229557037;82.83417165279388;33.31985764205456;False;False;False;False;0.15119262023495664;0.17293416730700742;0.2305986524546393;0.24177399384816095
64.94888203662518;49.82009218616493;82.91690267654577;33.486195334743414;64.94888203662518;49.82009218616493;82.91690267654577;33.486195334743414;64.94888203662518;49.82009218616493;322.147592293456;623.043397304946;0.4262687022786053;0.1799078138350722;65.0455105304718;49.84441685676575;82.85901427268982;33.31417314708233;False;False;False;False;0.15142392531453866;0.17211684897474;0.23039091814998003;0.23899200865806564
64.8339093048836;49.90508053151403;83.05903733739835;33.45708069012199;64.8339093048836;49.90508053151403;83.05903733739835;33.45708069012199;64.8339093048836;49.90508053151403;322.00160331126915;623.3301785953996;0.5412414340201792;0.0949194684859691;65.00683975219727;49.828306913375854;82.86945879459381;33.297731056809425;False;False;False;False;0.15229188184935807;0.17182445967097718;0.23083954899858514;0.23813229472840472
64.72474684754015;49.71023401694988;82.99540105043712;33.63580120268877;64.72474684754015;49.71023401694988;82.99540105043712;33.63580120268877;64.72474684754015;49.71023401694988;322.40395226952893;623.6206690346226;0.6504038913636379;0.289765983050124;64.90061438083649;49.90763282775879;82.93163418769836;33.268453776836395;False;False;False;False;0.1525143063798467;0.17271918254727325;0.2296817248299205;0.23866177923829057
65.00196479065688;49.6052582718928;82.9033593634626;33.68966989682622;65.00196479065688;49.6052582718928;82.9033593634626;33.68966989682622;65.00196479065688;49.6052582718928;322.65253922404975;623.1529536672375;0.3731859482468991;0.3947417281071992;64.80231606960297;49.73881721496582;82.98682034015656;33.332192078232765;False;False;False;False;0.14673873221470932;0.16814921003946928;0.22855343337544218;0.23963126608987298
64.98442351783076;49.72249025803293;82.97139853089361;33.548216047222;64.98442351783076;49.72249025803293;82.97139853089361;33.548216047222;64.98442351783076;49.72249025803293;322.4707074821838;623.2377943393227;0.3907272210730212;0.2775097419670729;65.06590378284454;49.628775238990784;82.9900723695755;33.38759869337082;False;False;False;False;0.14669275688211195;0.16388343923549928;0.22579686527131737;0.23937922506911816
64.97938162760059;50.01957335060349;82.93382968722518;33.49148337486809;64.97938162760059;50.01957335060349;82.93382968722518;33.49148337486809;64.97938162760059;50.01957335060349;321.91354259597165;623.2999750825928;0.3957691113031956;-0.0195733506034869;65.0330650806427;49.75335073471069;82.99695670604706;33.455901965498924;False;False;False;False;0.1466453423756406;0.16581199572556524;0.22351172026076369;0.23938635418465193
64.8793449165224;50.33383311627638;82.83869408566309;33.638540654165986;64.8793449165224;50.33383311627638;82.83869408566309;33.638540654165986;64.8793449165224;50.33383311627638;321.2824132845454;623.5528177195896;0.495805822381385;-0.3338331162763808;65.03159236907959;50.011611104011536;82.97478914260864;33.41902814805508;False;False;False;False;0.1470091280238396;0.16745677519679084;0.22287169403803253;0.2401417979972673
64.9629800909522;50.28011462287174;83.04846251763959;33.6093709500464;64.9629800909522;50.28011462287174;83.04846251763959;33.6093709500464;64.9629800909522;50.28011462287174;321.3453391891845;623.4516548137142;0.4121706479515836;-0.2801146228717428;64.94768583774567;50.30719745159149;82.93632209300995;33.35903689265251;False;False;False;False;0.1466036698312468;0.1622176150160378;0.2225982087250704;0.2412622889704212
65.05519196578169;50.35160535675298;82.93213803933288;33.5954731196533;65.05519196578169;50.35160535675298;82.93213803933288;33.5954731196533;65.05519196578169;50.35160535675298;321.16500910503913;623.3221871504487;0.3199587731220958;-0.3516053567529766;65.01460778713226;50.253885984420776;82.97644138336182;33.36452141404152;False;False;False;False;0.14599182693408788;0.16248005145043473;0.22230100565853592;0.2416151240470707
65.02610277291318;50.16343493383458;82.81328811997545;33.62135198438044;65.02610277291318;50.16343493383458;82.81328811997545;33.62135198438044;65.02610277291318;50.16343493383458;321.4944692366422;623.4230267059354;0.3490479659906071;-0.1634349338345799;65.09954106807709;50.32993459701538;82.97655284404755;33.408286944031715;False;False;False;False;0.146077275344832;0.16285039171110244;0.2222544220593233;0.24172908319092967
65.06563775150303;50.10598444546962;82.94081385515202;33.69112124128737;65.06563775150303;50.10598444546962;82.94081385515202;33.69112124128737;65.06563775150303;50.10598444546962;321.58757888886083;623.3904964775544;0.3095129874007511;-0.1059844454696232;65.06502568721771;50.147183537483215;82.93668270111084;33.3976686745882;False;False;False;False;0.14559360565720902;0.16208520785895203;0.2221964666251222;0.2433428312907949
64.88706117023087;50.16075482505212;82.785821053142;33.41656144883857;64.88706117023087;50.16075482505212;82.785821053142;33.41656144883857;64.88706117023087;50.16075482505212;321.4639068702999;623.7889180384188;0.4880895686729189;-0.1607548250521162;65.10415625572205;50.09933769702912;82.95669317245483;33.41386489570141;False;False;False;False;0.1464746939791048;0.1620921236823984;0.22180435988619998;0.2429778350490249
64.96845251568323;50.21453851971143;82.64553857309815;33.172890153459484;64.96845251568323;50.21453851971143;82.64553857309815;33.172890153459484;64.96845251568323;50.21453851971143;321.3349055043077;623.6912139566705;0.4066982232205589;-0.2145385197114251;64.93441414833069;50.14198410511017;82.90221512317657;33.40046338737011;False;False;False;False;0.14618641279819972;0.16216071863068418;0.22287587427231795;0.24356050398556023
65.01773669520873;50.47129085853322;82.65295690830054;33.20356230733014;65.01773669520873;50.47129085853322;82.65295690830054;33.20356230733014;65.01773669520873;50.47129085853322;320.7927956907026;623.6468720273822;0.3574140436950586;-0.4712908585332229;65.00106644630432;50.17922365665436;82.83082783222198;33.29503633081913;False;False;False;False;0.1454775245238579;0.16398481009643298;0.22262860969507875;0.24296973479270279
65.11063347663907;50.41381164767353;82.80755261162435;33.025976485370904;65.11063347663907;50.41381164767353;82.80755261162435;33.025976485370904;65.11063347663907;50.41381164767353;320.8449153312842;623.5087336703475;0.264517262264718;-0.4138116476735334;65.04523742198944;50.41563880443573;82.788787484169;33.11406023800373;False;False;False;False;0.1454429630686389;0.163939988434494;0.22222979443076582;0.2426719381627248
65.08213780951384;50.3041753956511;83.18435108032364;33.38094568542101;65.08213780951384;50.3041753956511;83.18435108032364;33.38094568542101;65.08213780951384;50.3041753956511;321.0090129489726;623.6009939728999;0.2930129293899455;-0.3041753956511002;65.14339745044708;50.350120425224304;82.75877833366394;32.988151460886;False;False;False;False;0.14477765368470008;0.1628288524208059;0.22493131258449695;0.24362766015446982
65.07952280450043;50.09892103751468;83.20181978956852;33.454773677961875;65.07952280450043;50.09892103751468;83.20181978956852;33.454773677961875;65.07952280450043;50.09892103751468;321.3789649458253;623.645292373512;0.2956279344033561;-0.0989210375146782;65.11867249011993;50.27109181880951;82.86469221115112;33.009696155786514;False;False;False;False;0.1445974344298049;0.16266381251572226;0.22645830545750845;0.24453788055434383
65.18706963928321;50.101566382592445;83.12897614506188;33.55845992872743;65.18706963928321;50.101566382592445;83.12897614506188;33.55845992872743;65.18706963928321;50.101566382592445;321.3604847840012;623.4696157618669;0.1880810996205753;-0.1015663825924448;65.13080680370331;50.09230601787567;83.00631284713745;33.06794583797455;False;False;False;False;0.1439943073393061;0.16228276601622713;0.22320491512614712;0.2431474173657212
65.234947187008;50.240463910274094;83.06180891505004;33.59719890879065;65.234947187008;50.240463910274094;83.06180891505004;33.59719890879065;65.234947187008;50.240463910274094;321.0691475442922;623.3989381463667;0.1402035518957802;-0.2404639102740944;65.25039029121399;50.09149360656738;83.10444414615631;33.25406797230244;False;False;False;False;0.14399357373078825;0.16287665318667302;0.22103156411364122;0.24154135834216256
65.04797990262527;50.41633692488409;83.25525616500035;33.41316245408904;65.04797990262527;50.41633692488409;83.25525616500035;33.41316245408904;65.04797990262527;50.41633692488409;320.685339660369;623.7915665220517;0.3271708362785119;-0.4163369248840922;65.28255832195282;50.22337734699249;83.14485847949982;33.32069605588913;False;False;False;False;0.14375231525715695;0.16251978073918208;0.21883516865481267;0.2412107663181727
65.06355376040636;50.29005862315091;83.38367102599688;33.41689930789978;65.06355376040636;50.29005862315091;83.38367102599688;33.41689930789978;65.06355376040636;50.29005862315091;320.8823846738508;623.8040415846599;0.3115969784974197;-0.2900586231509123;65.11210751533508;50.37865853309631;83.17552328109741;33.33539329469204;False;False;False;False;0.14279988526577805;0.16230445521504938;0.21972875681679072;0.24045294971562278
65.45009299696379;50.50459278073036;83.48449681508963;33.27802455901412;65.45009299696379;50.50459278073036;83.48449681508963;33.27802455901412;65.45009299696379;50.50459278073036;320.4146418756051;623.0725093753447;-0.0749422580600054;-0.5045927807303556;65.12377858161926;50.27457654476166;83.22616577148438;33.289938643574715;False;False;False;False;0.14558995894203994;0.16338125042064772;0.2205147180660678;0.23897823237945043
65.50363280279505;50.69537692272424;83.46433027423356;33.42092221962015;65.50363280279505;50.69537692272424;83.46433027423356;33.42092221962015;65.50363280279505;50.69537692272424;319.96579455418663;622.9554374626075;-0.1284820638912691;-0.6953769227242361;65.4791030883789;50.4425140619278;83.31504583358765;33.18801112473011;False;False;False;False;0.14415542358188707;0.164732918789055;0.2206273359596664;0.2398407924440724
65.59647367260528;50.71918754155652;83.37844828508176;33.08562736040163;65.59647367260528;50.71918754155652;83.37844828508176;33.08562736040163;65.59647367260528;50.71918754155652;319.8254563934922;622.7526247811348;-0.2213229337015008;-0.7191875415565221;65.53291928768158;50.628400683403015;83.39769721031189;33.15992549061775;False;False;False;False;0.14281438767979027;0.1648322375439497;0.22063413833613224;0.2391961718791734
65.65825052338754;50.73695247369886;83.37175561602659;33.14112510454959;65.65825052338754;50.73695247369886;83.37175561602659;33.14112510454959;65.65825052338754;50.73695247369886;319.694034857;622.5995613550768;-0.2830997844837526;-0.7369524736988566;65.60648572444916;50.63513159751892;83.41012835502625;33.08680318295956;False;False;False;False;0.14230245596251728;0.16040437434584331;0.2206457243373412;0.23904627571583262
65.69903204345042;50.59754662101863;83.36278311364563;33.21814973604179;65.69903204345042;50.59754662101863;83.36278311364563;33.21814973604179;65.69903204345042;50.59754662101863;319.8745862325339;622.48025167702;-0.3238813045466315;-0.5975466210186298;65.67276465892792;50.63692927360535;83.40072631835938;33.043278604745865;False;False;False;False;0.1422951071213963;0.16041131781651732;0.21974775661947885;0.2391794645567449
65.72594679596419;50.32981476996255;83.21845376563824;32.960827378675646;65.72594679596419;50.32981476996255;83.21845376563824;32.960827378675646;65.72594679596419;50.32981476996255;320.3303770518436;622.3832379980529;-0.3507960570604069;-0.3298147699625531;65.73495042324066;50.50579571723938;83.36873054504395;32.94262878596783;False;False;False;False;0.14229678292214037;0.15982189774813577;0.21998515579923603;0.23578460093509557
65.6585236808739;50.11757913289406;83.38486561853333;32.99858622825923;65.6585236808739;50.11757913289406;83.38486561853333;32.99858622825923;65.6585236808739;50.11757913289406;320.7108730233189;622.4713114206254;-0.2833729419701143;-0.1175791328940576;65.73853886127472;50.25505447387695;83.30626010894775;32.94305086135864;False;False;False;False;0.1419175590505016;0.160112482789064;0.21929018348091317;0.23533532426710188
65.74596436551587;50.39216327564179;83.4953193423116;33.19394361379458;65.74596436551587;50.39216327564179;83.4953193423116;33.19394361379458;65.74596436551587;50.39216327564179;320.14602752010427;622.2586469924121;-0.3708136266120903;-0.3921632756417921;65.67686128616333;50.05034410953522;83.30334901809692;32.91167877614498;False;False;False;False;0.141715697956241;0.16292500982787553;0.2198123946663169;0.23686536636690475
65.74070204547948;50.49169616408761;83.72950889341486;33.1413556537872;65.74070204547948;50.49169616408761;83.72950889341486;33.1413556537872;65.74070204547948;50.49169616408761;319.8946733064604;622.2197298156033;-0.3655513065756963;-0.4916961640876067;65.7564845085144;50.32158577442169;83.33229601383209;32.858851328492165;False;False;False;False;0.14140141890124797;0.16235397881325117;0.22211851818325476;0.23827688495419927
65.75346033506705;50.47398563492097;83.73624571952267;33.112708029034415;65.75346033506705;50.47398563492097;83.73624571952267;33.112708029034415;65.75346033506705;50.47398563492097;319.8645348762486;622.145473062218;-0.3783095961632625;-0.4739856349209717;65.75233948230743;50.4254949092865;83.43329906463623;32.92209953069687;False;False;False;False;0.1397217868008479;0.16215037342200525;0.2225651318768091;0.23896367440813604
65.91825900749664;50.51944894425118;83.78678806234736;33.13562923393571;65.91825900749664;50.51944894425118;83.78678806234736;33.13562923393571;65.91825900749664;50.51944894425118;319.7104101729321;621.7654344378703;-0.5431082685928601;-0.5194489442511809;65.79625809192657;50.39749610424042;83.55300784111023;32.96634450554848;False;False;False;False;0.14019850089002614;0.16129449185453193;0.22308659699082467;0.23948188881870286
65.85045556097076;50.69860930477921;83.5773403701246;33.13425572989757;65.85045556097076;50.69860930477921;83.5773403701246;33.13425572989757;65.85045556097076;50.69860930477921;319.28282959264254;621.8286268951098;-0.475304822066974;-0.698609304779211;65.93859601020813;50.44553208351135;83.64196002483368;32.94129699468613;False;False;False;False;0.13949849698610417;0.16308591670136385;0.2226105913982217;0.24018663611046953
65.76591902534851;50.64637629816665;83.73105903350849;33.13137146834137;65.76591902534851;50.64637629816665;83.73105903350849;33.13137146834137;65.76591902534851;50.64637629816665;319.2941476985638;621.9343259900787;-0.3907682864447253;-0.6463762981666505;65.86187326908112;50.601394057273865;83.6480575799942;32.93019600212574;False;False;False;False;0.13708229265468078;0.16284411912399996;0.22218694403757472;0.23854003165040255
65.66372890980055;50.651374638181714;83.81848385478388;33.156882384542286;65.66372890980055;50.651374638181714;83.81848385478388;33.156882384542286;65.66372890980055;50.651374638181714;319.19796751211146;622.086603782982;-0.2885781708967698;-0.6513746381817143;65.78631901741028;50.551332235336304;83.64710688591003;32.93451592326164;False;False;False;False;0.137441281601115;0.1626509964636112;0.22259432920770872;0.2329519475682551
65.40602182982437;50.73713935011067;83.68786312224717;33.115928553108795;65.40602182982437;50.73713935011067;83.68786312224717;33.115928553108795;65.40602182982437;50.73713935011067;318.939588136496;622.5635408534815;-0.0308710909205842;-0.7371393501106667;65.6816873550415;50.55840539932251;83.66807460784912;32.93408893048763;False;False;False;False;0.1361792963351812;0.16347186174377548;0.22257012808487459;0.23114606229469017
65.54363226865506;50.5036535341967;83.50219557875866;33.08597650973065;65.54363226865506;50.5036535341967;83.50219557875866;33.08597650973065;65.54363226865506;50.5036535341967;319.30827452164255;622.284203830364;-0.1684815297512756;-0.503653534196701;65.44203293323517;50.64097058773041;83.65758419036865;32.93096147477627;False;False;False;False;0.13568160864229015;0.1636906805206588;0.22248248423375963;0.22957236341668538
65.54401414991528;50.43770181858961;83.47568320917937;33.00602070354093;65.54401414991528;50.43770181858961;83.47568320917937;33.00602070354093;65.54401414991528;50.43770181858961;319.3730241482972;622.2609758638768;-0.1688634110115003;-0.4377018185896091;65.56914937496185;50.42239737510681;83.6182713508606;32.926360443234444;False;False;False;False;0.13559890276619055;0.16369219855902958;0.2219983646159391;0.22729137109594388
65.34970412413404;50.56474133199632;83.58003140633221;32.902448529328574;65.34970412413404;50.56474133199632;83.58003140633221;32.902448529328574;65.34970412413404;50.56474133199632;319.06058487900515;622.627080793971;0.0254466147697485;-0.5647413319963164;65.5800633430481;50.366016030311584;83.55332255363464;32.88660913705826;False;False;False;False;0.13706925085118485;0.1647077871117748;0.22047122708270028;0.22654243367734658
65.49835289845217;50.63888368590349;83.48763388776672;33.04100510196652;65.49835289845217;50.63888368590349;83.48763388776672;33.04100510196652;65.49835289845217;50.63888368590349;318.8370013269246;622.333176127304;-0.1232021595483843;-0.6388836859034868;65.38107442855835;50.472307085990906;83.51520299911499;32.83033296465874;False;False;False;False;0.13311628167532383;0.16523802327833753;0.2191453707146749;0.22743113375706428
65.4965380114862;50.39551316500098;83.4327565339879;33.20169734651217;65.4965380114862;50.39551316500098;83.4327565339879;33.20169734651217;65.4965380114862;50.39551316500098;319.23855787727587;622.3203789466295;-0.1213872725824103;-0.3955131650009775;65.53478610515594;50.55088973045349;83.47212016582489;32.787828743457794;False;False;False;False;0.13297684878216032;0.16505126895463856;0.21766235707532083;0.2302740562429902
65.38698391996901;50.39213270071483;83.35840663256994;33.26798412087107;65.38698391996901;50.39213270071483;83.35840663256994;33.26798412087107;65.38698391996901;50.39213270071483;319.1925837171814;622.5233021599862;-0.0118331810652279;-0.3921327007148321;65.51427185535431;50.32379484176636;83.45415532588959;32.81677655875683;False;False;False;False;0.12990037975506097;0.1649222380564151;0.21702527377100977;0.2342494618555105
65.51196259608692;50.77691388380621;83.274071807819;33.35679112361977;65.51196259608692;50.77691388380621;83.274071807819;33.35679112361977;65.51196259608692;50.77691388380621;318.3707369909033;622.271767050275;-0.1368118571831331;-0.7769138838062091;65.41988694667816;50.33174955844879;83.42878818511963;32.92909860610962;False;False;False;False;0.12997567588786285;0.16996659580015416;0.21525151023791111;0.23715097834433085
65.34750052922098;50.91107309469241;83.33608310965926;33.55190056580087;65.34750052922098;50.91107309469241;83.33608310965926;33.55190056580087;65.34750052922098;50.91107309469241;317.9988300512901;622.5824496030491;0.0276502096828039;-0.9110730946924122;65.53834342956543;50.69626986980438;83.3530604839325;33.02801340818405;False;False;False;False;0.13124160064338067;0.17088600962346404;0.21449626478654693;0.2408173399672039
65.43753516970057;50.82289884988328;83.72327645034153;33.214388894448376;65.43753516970057;50.82289884988328;83.72327645034153;33.214388894448376;65.43753516970057;50.82289884988328;318.0537021282827;622.4060670167142;-0.0623844307967829;-0.8228988498832805;65.35304796695709;50.81721198558808;83.32174003124237;33.10064807534218;False;False;False;False;0.13081806364789955;0.17068644485083592;0.21777207528328518;0.2406122249361986
65.42865666962403;50.82192157392446;83.67040971241975;33.29103533417062;65.42865666962403;50.82192157392446;83.67040971241975;33.29103533417062;65.42865666962403;50.82192157392446;317.9459368335492;622.4155060927611;-0.0535059307202487;-0.8219215739244632;65.45609629154205;50.71936309337616;83.39065551757812;33.12333770096302;False;False;False;False;0.13050115969759254;0.17096460380866813;0.21910203909075263;0.2411356790025949
65.54569276586597;50.654810916069;83.66931468075478;33.10509722848001;65.54569276586597;50.654810916069;83.66931468075478;33.10509722848001;65.54569276586597;50.654810916069;318.17056860607016;622.1742997761812;-0.1705420269621811;-0.6548109160689961;65.45134282112122;50.72287893295288;83.45714509487152;33.107523396611214;False;False;False;False;0.13039526062840467;0.17108685763729825;0.2197739030794657;0.240527968486793
65.55391777204123;50.48286211986948;83.5830485487717;33.07028611415009;65.55391777204123;50.48286211986948;83.5830485487717;33.07028611415009;65.55391777204123;50.48286211986948;318.42715807632663;622.1351108269024;-0.1787670331374471;-0.4828621198694804;65.56403982639313;50.55448853969574;83.5390031337738;32.972493693232536;False;False;False;False;0.12919347166111889;0.17114366185111174;0.21946557067885106;0.23694355529649858
65.55900661106227;50.3333591168692;83.6902184059204;33.02143879459251;65.55900661106227;50.3333591168692;83.6902184059204;33.02143879459251;65.55900661106227;50.3333591168692;318.6617824663446;622.101097544442;-0.1838558721584888;-0.3333591168691967;65.58845710754395;50.39486873149872;83.5858428478241;32.94428266584873;False;False;False;False;0.128463792213325;0.1691933058594655;0.21953681235565095;0.23657933060190464
65.52117445522155;50.39689960626848;83.65103833319414;32.88419518561365;65.52117445522155;50.39689960626848;83.65103833319414;32.88419518561365;65.52117445522155;50.39689960626848;318.4902536052968;622.1522477398357;-0.1460237163177709;-0.3968996062684837;65.60352647304535;50.262075781822205;83.58902931213379;32.85685814917088;False;False;False;False;0.1286847205499059;0.1663128055120271;0.21956212590579613;0.23634768581521104
65.57687869804504;50.12380710587402;83.79063540041697;32.83953405001929;65.57687869804504;50.12380710587402;83.79063540041697;32.83953405001929;65.57687869804504;50.12380710587402;318.98351865858325;622.0213694253464;-0.2017279591412517;-0.1238071058740217;65.54104685783386;50.30782318115234;83.58897686004639;32.80577063560486;False;False;False;False;0.12347062867890968;0.16717766992192906;0.22027587301463689;0.23633906728460205
65.67724277329386;50.34647618939198;83.89290323929474;32.94466408962606;65.67724277329386;50.34647618939198;83.89290323929474;32.94466408962606;65.67724277329386;50.34647618939198;318.5216728774308;621.7937442136299;-0.3020920343900712;-0.3464761893919785;65.58722293376923;50.07044696807861;83.62939119338989;32.73921959102154;False;False;False;False;0.12314586540730231;0.1686751653205117;0.22018484183396633;0.2368032470718772
65.64862863834331;50.14428500096473;83.76927312360304;32.86103807689033;65.64862863834331;50.14428500096473;83.76927312360304;32.86103807689033;65.64862863834331;50.14428500096473;318.879858429033;621.8106935456124;-0.273477899439527;-0.1442850009647287;65.72318255901337;50.28087532520294;83.69814932346344;32.693099454045296;False;False;False;False;0.12326996036834811;0.16880803150291385;0.21695281500900354;0.23601794550255226
65.57919263305837;50.2695590639203;83.79533279662888;32.93903726517743;65.57919263305837;50.2695590639203;83.79533279662888;32.93903726517743;65.57919263305837;50.2695590639203;318.6100723029932;621.9131018362569;-0.2040418941545851;-0.2695590639202976;65.69170248508453;50.06630885601044;83.7078857421875;32.696082666516304;False;False;False;False;0.12251003311183623;0.1691027134258444;0.21664765417043433;0.23276892395840487
65.73402689788225;50.3833887709525;83.92444236897876;32.8783617521203;65.73402689788225;50.3833887709525;83.92444236897876;32.8783617521203;65.73402689788225;50.3833887709525;318.3464716804061;621.5762277207219;-0.358876158978461;-0.3833887709525001;65.60881578922272;50.20251393318176;83.73500347137451;32.72009178996086;False;False;False;False;0.1230080539564886;0.1697828340370979;0.21727080885539538;0.2317180240496757
65.58772749990978;50.45978579135183;84.33655895549478;32.5404543580025;65.58772749990978;50.45978579135183;84.33655895549478;32.5404543580025;65.58772749990978;50.45978579135183;318.1425591368138;621.8209763621364;-0.212576761005991;-0.4597857913518268;65.76496469974518;50.30258572101593;83.75961005687714;32.70394720137119;False;False;False;False;0.12075363589845282;0.16424743811915712;0.22412335239756168;0.2310775165963652
65.39911300194926;50.356482424496384;84.36904885865194;32.44110331422517;65.39911300194926;50.356482424496384;84.36904885865194;32.44110331422517;65.39911300194926;50.356482424496384;318.2878610983445;622.1698617899233;-0.0239622630454761;-0.3564824244963844;65.64646673202515;50.36865723133087;83.87497186660767;32.64499597251415;False;False;False;False;0.12303518348624892;0.1641606472166016;0.228899146697147;0.23121491404166736
65.36380525520443;50.20144022432761;84.50841716666642;32.54242198273832;65.36380525520443;50.20144022432761;84.50841716666642;32.54242198273832;65.36380525520443;50.20144022432761;318.5504145087492;622.237282315007;0.0113454836993582;-0.2014402243276123;65.4664398431778;50.26512837409973;84.01931345462799;32.50275410711765;False;False;False;False;0.12337530673175084;0.16399015752451382;0.2333515696875247;0.22993975768390706
65.35621141998409;50.16722146072885;84.42546999251864;32.76101695654993;65.35621141998409;50.16722146072885;84.42546999251864;32.76101695654993;65.35621141998409;50.16722146072885;318.59199333936965;622.2539827166075;0.018939318919692;-0.1672214607288538;65.46397840976715;50.11495327949524;84.18138384819031;32.35914520919323;False;False;False;False;0.1237944357766645;0.16395922673169294;0.23442397458221637;0.23306945690926176
65.74879147073266;50.60916079667562;84.36437802799945;32.79274256559797;65.74879147073266;50.60916079667562;84.36437802799945;32.79274256559797;65.74879147073266;50.60916079667562;317.6858184727123;621.4713478576331;-0.3736407318288712;-0.6091607966756172;65.43155109882355;50.09944140911102;84.27824974060059;32.395810037851334;False;False;False;False;0.12742608644830372;0.1705160341412805;0.23376668657182292;0.2358138988848967
65.80831889952579;50.63858547465916;84.41423519961475;32.88739202451952;65.80831889952579;50.63858547465916;84.41423519961475;32.88739202451952;65.80831889952579;50.63858547465916;317.54574767718844;621.302474235803;-0.433168160622003;-0.638585474659159;65.77285373210907;50.510369420051575;84.27128672599792;32.498457953333855;False;False;False;False;0.1245281901005065;0.17081045032603934;0.23416368110212957;0.2378556349001162
66.00625399029977;50.70295644574952;84.44064654941133;32.688930162792715;66.00625399029977;50.70295644574952;84.44064654941133;32.688930162792715;66.00625399029977;50.70295644574952;317.3318610050532;620.8488482995053;-0.6311032513959844;-0.7029564457495141;65.86923336982727;50.53715825080872;84.26934599876404;32.602554857730865;False;False;False;False;0.12517436741300417;0.17144995750161768;0.23437265990285547;0.23597007123177585
66.25901368853626;50.44057912956952;84.2736380890915;32.40055676926062;66.25901368853626;50.44057912956952;84.2736380890915;32.40055676926062;66.25901368853626;50.44057912956952;317.7628881113132;620.2591818028462;-0.8838629496324728;-0.4405791295695209;66.0152599811554;50.573232769966125;84.25092875957489;32.59289547801018;False;False;False;False;0.12729705356404444;0.1696375976032066;0.23202400313172566;0.23468048264938893
66.40387725400547;50.47517811020616;84.15975490046236;32.35206910104874;66.40387725400547;50.47517811020616;84.15975490046236;32.35206910104874;66.40387725400547;50.47517811020616;317.6349462660973;629.1013048008159;3.596122745994535;-0.4751781102061585;66.27398705482483;50.31424641609192;84.212127327919;32.52064436674118;False;False;False;False;0.1265282673884328;0.17019372721562892;0.22917057685726452;0.2346451093679529
66.62675402709986;50.432835432141474;84.27563922087354;32.27006308470819;66.62675402709986;50.432835432141474;84.27563922087354;32.27006308470819;66.62675402709986;50.432835432141474;317.65627454086587;629.1350342874264;3.3732459729001363;-0.4328354321414736;66.39309000968933;50.39862656593323;84.25496101379395;32.35478267073631;False;False;False;False;0.128246134559818;0.16950642465830035;0.22642704078970102;0.23399920203568259
66.49304402417803;50.38204334595154;84.4105399680138;32.24950275158129;66.49304402417803;50.38204334595154;84.4105399680138;32.24950275158129;66.49304402417803;50.38204334595154;317.7001473222936;629.8522204229901;3.506955975821967;-0.3820433459515371;66.57386708259583;50.36637902259827;84.2915004491806;32.21482165157795;False;False;False;False;0.1282575024991084;0.16862139256935238;0.22640301778512378;0.23399996343308974
66.46490452219446;50.42374142057675;84.68048640126895;32.16463278571415;66.46490452219446;50.42374142057675;84.68048640126895;32.16463278571415;66.46490452219446;50.42374142057675;317.5658120602496;630.3760935570668;3.535095477805541;-0.4237414205767464;66.48746109008789;50.31899988651276;84.33196067810059;32.16976448893547;False;False;False;False;0.1274645568463646;0.1677200808749514;0.2283006647438515;0.23393592135554392
66.66620788589262;50.46398959703208;84.57172586043319;32.225664301511124;66.66620788589262;50.46398959703208;84.57172586043319;32.225664301511124;66.66620788589262;50.46398959703208;317.428816851262;630.4448328933779;3.333792114107382;-0.4639895970320822;66.46127033233643;50.34662878513336;84.45812106132507;32.10914544761181;False;False;False;False;0.12634598649965248;0.16691524858184306;0.22721814454535977;0.23383395135013774
66.70075012027795;50.330739325692186;84.5987981662541;32.19789570365995;66.70075012027795;50.330739325692186;84.5987981662541;32.19789570365995;66.70075012027795;50.330739325692186;317.6334521143375;630.8202540398215;3.299249879722055;-0.3307393256921855;66.64468514919281;50.39872336387634;84.54740107059479;32.08430774509907;False;False;False;False;0.126312214728399;0.16685799458558542;0.22573038631758316;0.23384759411489783
66.8219773423;50.27396085464268;84.47691745994906;32.22860739860579;66.8219773423;50.27396085464268;84.47691745994906;32.22860739860579;66.8219773423;50.27396085464268;317.70291047967754;631.0176995797403;3.178022657699998;-0.2739608546426808;66.67967760562897;50.270275950431824;84.62164044380188;32.06378914415836;False;False;False;False;0.1265993316638478;0.1666353371514615;0.22553261110721065;0.23376849940776503
66.48654175934689;50.212922405842846;84.44394704522325;32.282267776024526;66.48654175934689;50.212922405842846;84.44394704522325;32.282267776024526;66.48654175934689;50.212922405842846;317.78845926332485;632.1123071000065;3.513458240653108;-0.2129224058428462;66.79655420780182;50.21646666526794;84.6288001537323;32.087009847164154;False;False;False;False;0.1300040986451393;0.16300993870602629;0.22611844352823143;0.23402688376799677
66.2978734789172;50.14765700429117;84.61765027424582;32.302450202747245;66.2978734789172;50.14765700429117;84.61765027424582;32.302450202747245;66.2978734789172;50.14765700429117;317.89060041231585;632.9581047596197;3.7021265210828034;-0.1476570042911689;66.47573125362396;50.17888140678406;84.59374248981476;32.09877386689186;False;False;False;False;0.13110513563522866;0.16216406569041042;0.22602023424700463;0.2339134029059386
66.13117704640385;50.26482177748527;84.61834677872321;32.248368003315385;66.13117704640385;50.26482177748527;84.61834677872321;32.248368003315385;66.13117704640385;50.26482177748527;317.6365832653555;633.7851144941241;3.868822953596151;-0.2648217774852668;66.30784904956818;50.13876903057098;84.62862312793732;32.13102862238884;False;False;False;False;0.1313007796186833;0.1621179620310651;0.22592559995573885;0.2328326565677098
66.15054223090948;50.42938426184914;84.68088747214955;32.2997215114838;66.15054223090948;50.42938426184914;84.68088747214955;32.2997215114838;66.15054223090948;50.42938426184914;317.2721487262964;634.2622271855923;3.84945776909052;-0.4293842618491368;66.12989294528961;50.24660193920136;84.65498685836792;32.14847058057785;False;False;False;False;0.12863925873348328;0.1628043609415935;0.22377030214116933;0.23256110555517134
66.06215978089132;50.56984369214168;84.52327335418983;32.453580350912155;66.06215978089132;50.56984369214168;84.52327335418983;32.453580350912155;66.06215978089132;50.56984369214168;316.9339786307981;634.9522531215074;3.937840219108679;-0.5698436921416814;66.18022441864014;50.38378190994263;84.71859812736511;32.143999859690666;False;False;False;False;0.12912997892394404;0.1636541611699575;0.22190256591319013;0.2344166387870536
66.22327938532254;50.540889840860096;84.67432293755871;32.39019061034836;66.22327938532254;50.540889840860096;84.67432293755871;32.39019061034836;66.22327938532254;50.540889840860096;316.915907174409;635.1550592751928;3.7767206146774575;-0.5408898408600962;66.07320737838745;50.52671790122986;84.73649740219116;32.161774560809135;False;False;False;False;0.12895264022473707;0.16283392819379008;0.21973285223572556;0.23481382085955319
66.42064838291044;50.76193332265906;84.86268124042071;32.37121444122878;66.42064838291044;50.76193332265906;84.86268124042071;32.37121444122878;66.42064838291044;50.76193332265906;316.4017015653631;635.2638840286406;3.579351617089557;-0.7619333226590612;66.22580933570862;50.49944508075714;84.76171374320984;32.207897156476974;False;False;False;False;0.130157136179681;0.16320812657432512;0.21938267527130612;0.23519383975628635
66.72052765219625;50.7364054128587;84.94932750824755;32.272424887711665;66.72052765219625;50.7364054128587;84.94932750824755;32.272424887711665;66.72052765219625;50.7364054128587;316.35116627527594;635.1413723723476;3.279472347803747;-0.7364054128587014;66.41725492477417;50.70705592632294;84.83961820602417;32.23659008741379;False;False;False;False;0.13329305906105085;0.16199488777095322;0.21708140675328738;0.23451227455414306
66.42129946105278;50.63140088987316;84.92823108463139;32.125202936999024;66.42129946105278;50.63140088987316;84.92823108463139;32.125202936999024;66.42129946105278;50.63140088987316;316.4629879328659;636.1770917343417;3.578700538947217;-0.6314008898731558;66.70649063587189;50.671783447265625;84.91269052028656;32.18002952635288;False;False;False;False;0.13553539421329347;0.1615862655572917;0.20921270484760238;0.23285974632072878
66.18008085130852;50.69157528912281;84.9750751107974;32.00823232452196;66.18008085130852;50.69157528912281;84.9750751107974;32.00823232452196;66.18008085130852;50.69157528912281;316.2584523490501;637.1366890256899;3.8199191486914823;-0.6915752891228095;66.42330825328827;50.59707272052765;85.01668334007263;32.11717061698437;False;False;False;False;0.1358401203160376;0.16177949973469483;0.204284148388101;0.2303967917346361
66.13790352782854;50.53260995465516;84.92967604296766;31.68960037441638;66.13790352782854;50.53260995465516;84.92967604296766;31.68960037441638;66.13790352782854;50.53260995465516;316.4841729794357;637.7303662258087;3.8620964721714586;-0.5326099546551575;66.20418536663055;50.650532841682434;85.09794473648071;32.010799422860146;False;False;False;False;0.13535953330805522;0.16216150016117253;0.20239044111199153;0.2246029178462341
66.20897679424675;50.52437533740885;85.09229916334398;31.899683299578967;66.20897679424675;50.52437533740885;85.09229916334398;31.899683299578967;66.20897679424675;50.52437533740885;316.4296275533076;638.1031658892617;3.791023205753248;-0.5243753374088485;66.14312314987183;50.48468339443207;85.12577056884766;31.866765171289444;False;False;False;False;0.13546667432263876;0.16209334623492827;0.20002573890437828;0.21997875882502127
66.33588777035898;50.67440146830159;85.20751506462757;31.813900129018563;66.33588777035898;50.67440146830159;85.20751506462757;31.813900129018563;66.33588777035898;50.67440146830159;316.05965857986763;638.3548136978044;3.66411222964102;-0.6744014683015891;66.23404061794281;50.49541759490967;85.17891764640808;31.761481538414955;False;False;False;False;0.13484975740608915;0.16232947888557242;0.19935077536245324;0.21954069072413726
66.4365829854472;50.55800169724363;85.11457507901548;31.941848748604027;66.4365829854472;50.55800169724363;85.11457507901548;31.941848748604027;66.4365829854472;50.55800169724363;316.20253792621;638.6419715649134;3.563417014552797;-0.5580016972436326;66.34209132194519;50.62514412403107;85.25496661663055;31.68522603809833;False;False;False;False;0.13508270819126178;0.15729741511030373;0.19867821779318337;0.2207855875386278
66.38047049591441;50.46161324437426;85.30005278984672;31.82518647507269;66.38047049591441;50.46161324437426;85.30005278984672;31.82518647507269;66.38047049591441;50.46161324437426;316.32091460564953;639.229318812586;3.619529504085591;-0.4616132443742629;66.44855523109436;50.52452266216278;85.28500199317932;31.7542177438736;False;False;False;False;0.13512635314410518;0.15737711612849342;0.19719693557124784;0.22051368298280408
66.48965490572098;50.428473328558994;85.25502851974211;31.91323168840628;66.48965490572098;50.428473328558994;85.25502851974211;31.91323168840628;66.48965490572098;50.428473328558994;316.32564600469686;639.493553926851;3.510345094279017;-0.4284733285589936;66.38719570636749;50.44598841667175;85.37778973579407;31.743697002530094;False;False;False;False;0.1345802176226026;0.15492028641479907;0.19750261330091787;0.22089331261488962
66.42581724792802;50.57557324605699;85.24221491303882;32.066854518158195;66.42581724792802;50.57557324605699;85.24221491303882;32.066854518158195;66.42581724792802;50.57557324605699;315.9743163925597;640.0892752550074;3.5741827520719767;-0.5755732460569902;66.50935471057892;50.399884939193726;85.42195439338684;31.773586496710777;False;False;False;False;0.13481361961684926;0.1541914654501103;0.19801421607707073;0.22145637386233932
66.66593462137698;50.51295007348333;85.37203339066986;32.065035790008736;66.66593462137698;50.51295007348333;85.37203339066986;32.065035790008736;66.66593462137698;50.51295007348333;316.0228196382328;640.0855982083857;3.3340653786230234;-0.5129500734833243;66.4279545545578;50.56968581676483;85.44852793216705;31.778732538223267;False;False;False;False;0.13611198085583465;0.15415625590441964;0.1972897406041169;0.2199128736739877
66.54747071581339;50.48190740338922;85.41040568694669;32.17878749715948;66.54747071581339;50.48190740338922;85.41040568694669;32.17878749715948;66.54747071581339;50.48190740338922;316.0165116352899;640.767068069996;3.4525292841866104;-0.4819074033892221;66.68079078197479;50.48837900161743;85.51263749599457;31.85663372278213;False;False;False;False;0.13663833788842347;0.15363366919591323;0.19476830834855177;0.22013733482506345
66.79371501754092;50.32427692868491;85.44797179604186;32.43463138357395;66.79371501754092;50.32427692868491;85.44797179604186;32.43463138357395;66.79371501754092;50.32427692868491;316.2675182642466;640.7349167044324;3.2062849824590813;-0.3242769286849096;66.5735524892807;50.47378325462341;85.55022597312927;31.931000128388405;False;False;False;False;0.13765780134663902;0.15404511386865977;0.1945701585400832;0.22530245142702846
66.68282234906374;50.53976178920923;85.54892566710636;32.3607493369822;66.68282234906374;50.53976178920923;85.54892566710636;32.3607493369822;66.68282234906374;50.53976178920923;315.7933116193733;641.3842067057146;3.3171776509362587;-0.5397617892092299;66.78194463253021;50.3537745475769;85.60564815998077;32.01731167733669;False;False;False;False;0.13757005199076636;0.1535339495071894;0.19453374582003657;0.22727696842838177
66.6985583125137;50.67853680605744;85.54933656721803;32.215860775518664;66.6985583125137;50.67853680605744;85.54933656721803;32.215860775518664;66.6985583125137;50.67853680605744;315.4437933471156;641.7950251322729;3.301441687486303;-0.6785368060574442;66.66838335990906;50.538461565971375;85.67304253578186;32.12319768965244;False;False;False;False;0.13744034614719067;0.1541086103363739;0.19352933216408114;0.2260757534585929
66.60503013385981;50.58697644807311;85.66784045044518;32.34839584831071;66.60503013385981;50.58697644807311;85.66784045044518;32.34839584831071;66.60503013385981;50.58697644807311;315.5364424889433;642.4222737145789;3.394969866140187;-0.5869764480731092;66.70848536491394;50.66503870487213;85.7197380065918;32.17099629342556;False;False;False;False;0.1362571684226583;0.1542239800097006;0.19013555888379782;0.2252315956728676
66.52808727195321;50.41316397576741;85.64823431945052;32.24351754417005;66.52808727195321;50.41316397576741;85.64823431945052;32.24351754417005;66.52808727195321;50.41316397576741;315.80580390714493;643.0288220872108;3.4719127280467887;-0.4131639757674108;66.61554205417633;50.59945809841156;85.79410195350647;32.11273267865181;False;False;False;False;0.1364606667807322;0.1524852629129711;0.1854014588217674;0.22414045406696934
66.58012651190819;50.38431955219733;85.71271853501261;32.23309004776436;66.58012651190819;50.38431955219733;85.71271853501261;32.23309004776436;66.58012651190819;50.38431955219733;315.8084042241828;643.3876653043737;3.4198734880918096;-0.3843195521973328;66.53919959068298;50.441542625427246;85.84409534931183;32.07951903343201;False;False;False;False;0.13625353923782582;0.15246366000349088;0.18455561336160492;0.22117525383970613
66.54407801429366;50.4864341434849;85.5260074339759;32.15819079148242;66.54407801429366;50.4864341434849;85.5260074339759;32.15819079148242;66.54407801429366;50.4864341434849;315.552932434648;643.9157454313483;3.45592198570634;-0.4864341434848995;66.60851037502289;50.41798961162567;85.89228570461273;32.09808625280857;False;False;False;False;0.1349202461560967;0.1522258504656114;0.1859431688599224;0.22049376505024068
66.67458420903517;50.62205747206525;85.40138163363727;32.06970853098841;66.67458420903517;50.62205747206525;85.40138163363727;32.06970853098841;66.67458420903517;50.62205747206525;315.2168278916893;644.1155226399595;3.3254157909648256;-0.6220574720652436;66.55845201015472;50.49586009979248;85.89720964431763;32.04239442944527;False;False;False;False;0.1353679680855581;0.15266378074707604;0.18973359206596052;0.22047767561637
66.85906487346953;50.817897687102935;85.42876641093135;32.30118835727099;66.85906487346953;50.817897687102935;85.42876641093135;32.30118835727099;66.85906487346953;50.817897687102935;314.7422064653386;644.1899500832194;3.140935126530465;-0.8178976871029349;66.6582852602005;50.61947107315064;85.83673238754272;31.99340745806694;False;False;False;False;0.1366661851573343;0.15337866809407402;0.19239724866741448;0.22144543802061994
66.8696691467945;50.77639082053146;85.45448157474983;32.22424717701845;66.8696691467945;50.77639082053146;85.45448157474983;32.22424717701845;66.8696691467945;50.77639082053146;314.7161671735345;644.5875328867736;3.130330853205507;-0.7763908205314607;66.83861982822418;50.81177401542664;85.78890919685364;31.9694671779871;False;False;False;False;0.1360003345797047;0.15290911285468992;0.1876643689880322;0.2227586995271431
66.6813680680249;51.02367041552247;85.3975206420284;32.42561227304087;66.6813680680249;51.02367041552247;85.3975206420284;32.42561227304087;66.6813680680249;51.02367041552247;314.1180892074816;645.3815124914069;3.318631931975105;-1.0236704155224672;66.845672249794;50.78584945201874;85.75308442115784;31.991135627031326;False;False;False;False;0.1367815023149851;0.15453768020593575;0.18955057427370584;0.22577901937874514
66.63761035589185;50.88015526932173;85.43790827940653;32.51456916997248;66.63761035589185;50.88015526932173;85.43790827940653;32.51456916997248;66.63761035589185;50.88015526932173;314.2686301111468;645.9115121732697;3.3623896441081484;-0.8801552693217332;66.66704201698303;51.01521909236908;85.74600338935852;32.08072952926159;False;False;False;False;0.13679346873091827;0.15284562936160978;0.19168278165527639;0.22920534486986405
66.60039219944888;50.996962238622295;85.65150063379927;32.36419990753233;66.60039219944888;50.996962238622295;85.65150063379927;32.36419990753233;66.60039219944888;50.996962238622295;313.91766213663607;646.43426710537;3.399607800551124;-0.9969622386222952;66.6277973651886;50.89267981052399;85.76198816299438;32.12793231010437;False;False;False;False;0.13563226463423725;0.15297837737333317;0.19056576931359523;0.23018320469222192
66.68842613930816;51.10393695002861;86.00431853411611;32.30933129614909;66.68842613930816;51.10393695002861;86.00431853411611;32.30933129614909;66.68842613930816;51.10393695002861;313.5707844153405;646.711480265725;3.311573860691837;-1.1039369500286114;66.5985609292984;51.02214014530182;85.82970380783081;32.19685107469559;False;False;False;False;0.13589714749518103;0.1529834074953859;0.19052536992155036;0.23028265616568172
66.22194245299391;51.31857342143865;85.9839773614688;32.07745710076751;66.22194245299391;51.31857342143865;85.9839773614688;32.07745710076751;66.22194245299391;51.31857342143865;312.99431987918325;648.085990819779;3.778057547006085;-1.31857342143865;66.70277428627014;51.09860014915466;85.97637951374054;32.17345662415028;False;False;False;False;0.14317435341379586;0.15437307572599226;0.19032810595081331;0.22990604385753577
66.31399607361973;51.31815124633958;86.40003186146826;32.197762231583035;66.31399607361973;51.31815124633958;86.40003186146826;32.197762231583035;66.31399607361973;51.31815124633958;312.8193544398562;648.4056245847949;3.686003926380266;-1.318151246339582;66.23786759376526;51.31399977207184;86.13495528697968;32.04123720526695;False;False;False;False;0.14283300119565015;0.15265305211782107;0.19198226478644112;0.22871839366418928
66.27584120384803;51.36150179774375;86.27904836086994;31.872517111635283;66.27584120384803;51.36150179774375;86.27904836086994;31.872517111635283;66.27584120384803;51.36150179774375;312.5568998375359;648.9734015145223;3.724158796151968;-1.361501797743749;66.33017826080322;51.32182312011719;86.36699676513672;31.959948763251305;False;False;False;False;0.1428367378589932;0.1526884649260249;0.1920653712855888;0.2285023871326797
66.30148478484054;51.2776569740193;86.47429785103286;31.780418381299235;66.30148478484054;51.2776569740193;86.47429785103286;31.780418381299235;66.30148478484054;51.2776569740193;312.5430559119523;649.4186688586908;3.698515215159461;-1.2776569740193011;66.31229829788208;51.33396434783936;86.51859641075134;31.840948909521103;False;False;False;False;0.1428313924129256;0.1523348881934747;0.1919111118297865;0.22786439448816762
66.53052467485969;51.313889172849954;86.58171149056965;31.66607305415135;66.53052467485969;51.313889172849954;86.58171149056965;31.66607305415135;66.53052467485969;51.313889172849954;312.30023725108845;649.4537244406738;3.4694753251403085;-1.3138891728499544;66.33688843250275;51.25573086738586;86.64185225963593;31.76581375300884;False;False;False;False;0.14386842759755678;0.15243084809670107;0.1919940562422864;0.22719483700015197
66.72611182853302;51.23482593026568;86.58512448515239;31.69100431255135;66.72611182853302;51.23482593026568;86.58512448515239;31.69100431255135;66.72611182853302;51.23482593026568;312.2831785132103;649.5251468433459;3.2738881714669787;-1.2348259302656786;66.54788029193878;51.29973590373993;86.77673935890198;31.58874861896038;False;False;False;False;0.1427811349388988;0.1522547725546692;0.1928307715386864;0.22619935662996224
66.6258527402948;51.23173512093817;86.87472619725985;31.695494442041177;66.6258527402948;51.23173512093817;86.87472619725985;31.695494442041177;66.6258527402948;51.23173512093817;312.1247166744966;650.1621834426845;3.3741472597051967;-1.2317351209381684;66.74590122699738;51.21930718421936;86.83564305305481;31.52843117713928;False;False;False;False;0.14314977019371627;0.1520457971671196;0.19285320804830178;0.22667248429693115
66.63527906828725;51.28769156735751;86.80945770813878;31.54947618573272;66.63527906828725;51.28769156735751;86.80945770813878;31.54947618573272;66.63527906828725;51.28769156735751;311.8485724321995;650.5932170879937;3.3647209317127533;-1.2876915673575056;66.64017713069916;51.22682976722717;86.9746083021164;31.48260772228241;False;False;False;False;0.14285374475343782;0.15213881690732325;0.19341625473168533;0.22616818809067682
66.71656972556644;51.35651168753089;86.7600961050523;31.227489936015942;66.71656972556644;51.35651168753089;86.7600961050523;31.227489936015942;66.71656972556644;51.35651168753089;311.5392399828717;650.879265230997;3.283430274433556;-1.3565116875308902;66.66209495067596;51.27428495883942;87.05838739871979;31.464618295431137;False;False;False;False;0.14199403714753484;0.152164719467391;0.19465869682305426;0.2267871043445065
66.82258676213782;51.512773707573885;87.05810805716143;30.94730552474709;66.82258676213782;51.512773707573885;87.05810805716143;30.94730552474709;66.82258676213782;51.512773707573885;311.0458477177816;651.105021861112;3.177413237862183;-1.512773707573885;66.75006353855133;51.311527967453;87.10249304771423;31.357438191771507;False;False;False;False;0.14116991544981083;0.15221052290026438;0.19460974286496133;0.22745284526181497
66.9114013899878;51.4619362741046;87.16633929144878;30.822025112514705;66.9114013899878;51.4619362741046;87.16633929144878;30.822025112514705;66.9114013899878;51.4619362741046;310.9458194237104;651.3510477037937;3.0885986100121983;-1.4619362741045947;66.81978571414948;51.45545959472656;87.21791386604309;31.14313699305057;False;False;False;False;0.14015309075606605;0.15167814959415915;0.19450914734484798;0.2269591492874556
67.267031858712;51.4602487336971;87.52196288093386;30.899516904619112;67.267031858712;51.4602487336971;87.52196288093386;30.899516904619112;67.267031858712;51.4602487336971;310.75426966797806;651.051599914347;2.732968141287998;-1.4602487336970995;66.92185914516449;51.39943087100983;87.31024265289307;30.90494140982628;False;False;False;False;0.14375556722574817;0.15152572612961174;0.1955457553245811;0.2264424789469422
67.5057300664568;51.28423738661719;87.84047166641771;30.877632554914666;67.5057300664568;51.28423738661719;87.84047166641771;30.877632554914666;67.5057300664568;51.28423738661719;310.9115925309783;650.9385992510291;2.494269933543194;-1.2842373866171926;67.26514267921448;51.39704203605652;87.47828602790833;30.765274614095688;False;False;False;False;0.14548424843489202;0.14977120224541285;0.19848034212343224;0.2266703625823268
67.84699333911887;51.30187817576733;87.92941142834859;30.94066559000532;67.84699333911887;51.30187817576733;87.92941142834859;30.94066559000532;67.84699333911887;51.30187817576733;310.70507930112905;650.5886420301774;2.1530066608811325;-1.301878175767328;67.50258803367615;51.23796153068543;87.72416830062866;30.732864141464237;False;False;False;False;0.14843606053235456;0.1467128842564935;0.1990201442519887;0.22656998841877185
67.71671125425523;51.3751041816699;87.68970533242064;31.01569815495274;67.71671125425523;51.3751041816699;87.68970533242064;31.01569815495274;67.71671125425523;51.3751041816699;310.38504353255496;651.1362737546889;2.2832887457447697;-1.3751041816698972;67.82140934467316;51.23361599445343;87.91714608669281;30.76820127665997;False;False;False;False;0.14876420706046398;0.1473091730855043;0.19991238494211402;0.22654165031868456
67.86762787379017;51.19627374690905;87.7313285405256;30.97920803829441;67.86762787379017;51.19627374690905;87.7313285405256;30.97920803829441;67.86762787379017;51.19627374690905;310.559357177854;651.1388790150517;2.1323721262098303;-1.19627374690905;67.71268796920776;51.31910932064056;88.01146149635315;30.78628577291965;False;False;False;False;0.14944582848679508;0.14748000402858336;0.20164454478353228;0.2262179849042388
68.17087368519785;50.97004528361525;88.01105705164522;31.130185358204123;68.17087368519785;50.97004528361525;88.01105705164522;31.130185358204123;68.17087368519785;50.97004528361525;310.85231093818703;650.816703675731;1.8291263148021528;-0.9700452836152492;67.83347797393799;51.15824496746063;88.04356217384338;30.829457119107246;False;False;False;False;0.1527085401109955;0.1477170408668358;0.2010666710175362;0.2271211970958215
67.93581564257094;51.13343156731137;88.17035296633752;31.370860134000075;67.93581564257094;51.13343156731137;88.17035296633752;31.370860134000075;67.93581564257094;51.13343156731137;310.3961989996461;651.5307032696251;2.064184357429056;-1.1334315673113693;68.13447117805481;50.95447492599487;88.08969378471375;30.870845913887024;False;False;False;False;0.15387871409496387;0.14864734875654603;0.20121330876132104;0.23037802945552582
67.9957626430657;51.09774888366944;88.08988139822172;31.8257971039459;67.9957626430657;51.09774888366944;88.08988139822172;31.8257971039459;67.9957626430657;51.09774888366944;310.3164401579551;651.6860338496261;2.004237356934297;-1.0977488836694391;67.95167171955109;51.10596716403961;88.16319227218628;30.94323307275772;False;False;False;False;0.15253810805706308;0.14853402575217245;0.20067442473223882;0.2452652739732214
67.97006163473762;51.21193221596487;88.30459624550677;31.858154876143125;67.97006163473762;51.21193221596487;88.30459624550677;31.858154876143125;67.97006163473762;51.21193221596487;309.9417069755417;652.0046675138735;2.0299383652623817;-1.211932215964865;68.00367641448975;51.101943135261536;88.26452314853668;31.15621641278267;False;False;False;False;0.15253725410907049;0.1487429968854762;0.19921317324364465;0.2533051346685514
67.94311739417265;51.52020839838615;88.30907426151826;31.68117388525533;67.94311739417265;51.52020839838615;88.30907426151826;31.68117388525533;67.94311739417265;51.52020839838615;309.16356364857046;652.3292144437052;2.0568826058273544;-1.5202083983861527;67.97199237346649;51.21398675441742;88.39824318885803;31.380332708358765;False;False;False;False;0.1525538174861446;0.14900156034245748;0.19867197165507214;0.2547748017043336
67.96312597543387;51.78095133041065;88.25233469094555;31.81053706617852;67.96312597543387;51.78095133041065;88.25233469094555;31.81053706617852;67.96312597543387;51.78095133041065;308.4393833314033;652.563448295293;2.0368740245661314;-1.7809513304106517;67.93991422653198;51.493082880973816;88.47644925117493;31.527102664113045;False;False;False;False;0.15244240452109054;0.15150835722442701;0.19980981779143045;0.256066366876377
67.7574736342607;51.77010886985893;88.04830379585269;31.72157659657077;67.7574736342607;51.77010886985893;88.04830379585269;31.72157659657077;67.7574736342607;51.77010886985893;308.22360807511865;653.2463361809148;2.242526365739294;-1.7701088698589302;67.97159135341644;51.73819601535797;88.50780248641968;31.48769147694111;False;False;False;False;0.15369240800520084;0.15147557674462428;0.20049173289182162;0.2542924803759984
67.70067815925104;51.6451201734159;88.27943765413548;31.45793743827076;67.70067815925104;51.6451201734159;88.27943765413548;31.45793743827076;67.70067815925104;51.6451201734159;308.23757095202353;653.658930646366;2.2993218407489597;-1.6451201734158971;67.73642075061798;51.73852443695069;88.49108338356018;31.42979748547077;False;False;False;False;0.15368486131104903;0.15084655409411687;0.19892442045867906;0.25074092151667327
67.5625125625573;51.70079896119336;88.3393744662536;31.41423242924274;67.5625125625573;51.70079896119336;88.3393744662536;31.41423242924274;67.5625125625573;51.70079896119336;307.9068640200132;654.2418380851867;2.437487437442698;-1.7007989611933638;67.70788609981537;51.59980261325836;88.49082112312317;31.39907203614712;False;False;False;False;0.15421537431459684;0.15115102697059307;0.19910462213824848;0.2463448586806907
67.65179975292;51.42100880777665;88.37895793365817;31.307606951996505;67.65179975292;51.42100880777665;88.37895793365817;31.307606951996505;67.65179975292;51.42100880777665;308.2396711320208;654.3882620294537;2.348200247080001;-1.4210088077766514;67.55224537849426;51.65573799610138;88.51440489292145;31.274154111742973;False;False;False;False;0.15450020795069314;0.15213735616314444;0.19948159352526737;0.24418355775877798
67.79294100239751;51.57251396849907;88.25726473326915;31.36256296681237;67.79294100239751;51.57251396849907;88.25726473326915;31.36256296681237;67.79294100239751;51.57251396849907;307.747192969539;654.419072896776;2.207058997602488;-1.5725139684990666;67.65967726707458;51.38665699958801;88.55297684669495;31.14072009921074;False;False;False;False;0.15339985648288962;0.1520569474550111;0.20118913946276964;0.24493934889126479
67.99479568441117;51.60875329353309;88.3032105159741;31.22707718298283;67.99479568441117;51.60875329353309;88.3032105159741;31.22707718298283;67.99479568441117;51.60875329353309;307.4650457903378;654.3096380657623;2.005204315588827;-1.6087532935330842;67.78053987026215;51.54365289211273;88.59751522541046;31.097558587789536;False;False;False;False;0.1546848656687586;0.15194893872762652;0.20216481710912743;0.24512729802719135
67.78676711667443;51.63776602296166;88.31058869625726;31.23198455308497;67.78676711667443;51.63776602296166;88.31058869625726;31.23198455308497;67.78676711667443;51.63776602296166;307.1925198923429;654.9930557766477;2.213232883325574;-1.6377660229616566;67.977343916893;51.56028831005096;88.60714018344879;31.04580722749233;False;False;False;False;0.15260922355318685;0.15053927681500695;0.20264109151873994;0.2457665780470673
67.7782529354822;51.72387009689936;88.52393239555241;31.28382656177114;67.7782529354822;51.72387009689936;88.52393239555241;31.28382656177114;67.7782529354822;51.72387009689936;306.8019429414059;655.3051818568089;2.2217470645178;-1.723870096899354;67.75217807292938;51.59326875209808;88.61234605312347;31.009339094161987;False;False;False;False;0.15261155246553648;0.14911695257360072;0.20231627911708006;0.24615643564607415
67.80534946353103;51.4718980277415;88.50583382338007;31.178993008640795;67.80534946353103;51.4718980277415;88.50583382338007;31.178993008640795;67.80534946353103;51.4718980277415;307.07603773346835;655.5472217426469;2.19465053646897;-1.4718980277415028;67.7630125284195;51.68006193637848;88.66820096969604;30.96254773437977;False;False;False;False;0.1525446197104053;0.15018277256177984;0.20289941566778408;0.24691841371915285
67.69296687972673;51.16998395234262;88.7838138898904;31.099964419115206;67.69296687972673;51.16998395234262;88.7838138898904;31.099964419115206;67.69296687972673;51.16998395234262;307.4836128139006;656.0646069817847;2.3070331202732746;-1.1699839523426192;67.78018033504486;51.43754851818085;88.72458696365356;30.959956273436543;False;False;False;False;0.1526913494800581;0.15202447396401528;0.20294500773965235;0.24722475500103222
67.84052698538726;51.343198356746825;88.98216516392144;31.226901557592228;67.84052698538726;51.343198356746825;88.98216516392144;31.226901557592228;67.84052698538726;51.343198356746825;306.9811861447798;656.0770911865001;2.159473014612743;-1.343198356746825;67.70782387256622;51.17917060852051;88.85257005691528;30.938518941402435;False;False;False;False;0.15319421551289591;0.15278066822341765;0.20328863455431181;0.248189688529212
67.87820635561631;51.45081380002833;89.31684225428522;31.392474130462144;67.87820635561631;51.45081380002833;89.31684225428522;31.392474130462144;67.87820635561631;51.45081380002833;306.5868621439839;656.2896621813237;2.1217936443836862;-1.4508138000283282;67.83580458164215;51.34216797351837;89.00306165218353;30.89982733130455;False;False;False;False;0.15324514788282853;0.15220940139166306;0.204978152696418;0.2525895528698445
67.82373105683541;51.81451329344661;89.31201634212546;31.21291270903151;67.82373105683541;51.81451329344661;89.31201634212546;31.21291270903151;67.82373105683541;51.81451329344661;305.6660213171436;656.6815185981367;2.1762689431645867;-1.814513293446609;67.9247134923935;51.46136426925659;89.20763790607452;30.928026884794235;False;False;False;False;0.15335767199755207;0.1553372275765601;0.20508270550920313;0.25399067269852194
67.99867469685306;51.80216502173701;89.07088372377643;31.155956777447702;67.99867469685306;51.80216502173701;89.07088372377643;31.155956777447702;67.99867469685306;51.80216502173701;305.4487827547699;656.6218005105234;2.001325303146942;-1.802165021737004;67.84399437904358;51.77016699314117;89.39652442932129;30.98086006939411;False;False;False;False;0.15392424573611768;0.15191042520168224;0.2066105258828764;0.2531119805820969
68.03593035206441;52.074354309451785;89.15839052427508;31.115186922139536;68.03593035206441;52.074354309451785;89.15839052427508;31.115186922139536;68.03593035206441;52.074354309451785;304.6641155097754;656.8141325738536;1.964069647935588;-2.0743543094517847;67.99885725975037;51.75925648212433;89.44141685962677;30.96770115196705;False;False;False;False;0.15395747360972709;0.1540010211731002;0.20489455978873258;0.25206722727287845
68.35125019121743;51.98579605887776;89.26584877608656;31.06504135911875;68.35125019121743;51.98579605887776;89.26584877608656;31.06504135911875;68.35125019121743;51.98579605887776;304.5646514363299;656.4453688486057;1.6487498087825685;-1.98579605887776;68.02276635169983;52.022958278656006;89.48286056518555;30.858691781759266;False;False;False;False;0.1571108404727288;0.15397237879702588;0.2039008963891549;0.2521798803450355
68.1894019067832;52.07729447799571;89.49582646730951;31.05666329532269;68.1894019067832;52.07729447799571;89.49582646730951;31.05666329532269;68.1894019067832;52.07729447799571;304.1168817902436;656.9888987253117;1.8105980932167969;-2.077294477995707;68.31946933269501;51.9078551530838;89.47741866111755;30.80626264214516;False;False;False;False;0.1571696562556926;0.15438032926997186;0.20268647902611062;0.2527927518638467
68.17921016434278;51.93695691987539;89.7057158500641;31.29725066342808;68.17921016434278;51.93695691987539;89.7057158500641;31.29725066342808;68.17921016434278;51.93695691987539;304.1205843094181;657.2506952892882;1.820789835657223;-1.936956919875392;68.18632376194;52.01952886581421;89.53947603702545;30.75826734304428;False;False;False;False;0.15694628373797176;0.15268599726048004;0.20321191226412394;0.2573064893291152
68.18162097752479;52.00633905707442;89.99253597874468;31.397953297005294;68.18162097752479;52.00633905707442;89.99253597874468;31.397953297005294;68.18162097752479;52.00633905707442;303.72355911237;657.4886456410118;1.818379022475213;-2.0063390570744204;68.17609429359436;51.90670394897461;89.70384120941162;30.777951627969745;False;False;False;False;0.15668028491899047;0.15292111056796362;0.20491493512318731;0.26331211588662295
68.34675930982227;51.93619892920323;90.16838178580632;31.33386831271489;68.34675930982227;51.93619892920323;90.16838178580632;31.33386831271489;68.34675930982227;51.93619892920323;303.5963274938358;657.4008195127468;1.653240690177725;-1.936198929203229;68.18366527557373;51.96615517139435;89.89880561828613;30.85658796131611;False;False;False;False;0.15701562211148595;0.1526500501856946;0.2058732093183457;0.26637310524431373
68.18433636690804;51.96947084985927;90.11790968915106;30.994124285064785;68.18433636690804;51.96947084985927;90.11790968915106;30.994124285064785;68.18433636690804;51.96947084985927;303.27162379529665;657.946097490599;1.8156636330919584;-1.9694708498592703;68.35860335826874;51.90878164768219;90.09801864624023;30.964038521051407;False;False;False;False;0.15568929189139777;0.15180614176349466;0.20587329914161656;0.26582374434894174
68.41387665047158;52.163391468745296;90.22130937347252;31.10530566226354;68.41387665047158;52.163391468745296;90.22130937347252;31.10530566226354;68.41387665047158;52.163391468745296;302.62118644421;657.7291054078842;1.586123349528421;-2.163391468745296;68.18411123752594;51.922931432724;90.23020446300508;30.91459669172764;False;False;False;False;0.15692432562715905;0.1529684034580401;0.20534125000592643;0.2660346728418382
68.10756023138079;52.0428821235964;90.33351318608156;31.040702689872955;68.10756023138079;52.0428821235964;90.33351318608156;31.040702689872955;68.10756023138079;52.0428821235964;302.5737529386751;658.5532213593362;1.8924397686192125;-2.0428821235963994;68.43228733539581;52.10526072978973;90.33264338970184;30.796881914138797;False;False;False;False;0.15993159758395276;0.1530770285817359;0.20489071506841788;0.2669404428052093
68.1312751368716;52.03749916847262;90.34411737010784;30.997119421913222;68.1312751368716;52.03749916847262;90.34411737010784;30.997119421913222;68.1312751368716;52.03749916847262;302.3121345657765;658.7581168508372;1.8687248631284064;-2.037499168472621;68.13578140735626;51.983070611953735;90.41262626647948;30.67930974066257;False;False;False;False;0.15841681747179379;0.15198846119392012;0.20497899381082657;0.26865056905179197
68.2036743141938;51.87105041932919;90.22038875113392;30.65253161084641;68.2036743141938;51.87105041932919;90.22038875113392;30.65253161084641;68.2036743141938;51.87105041932919;302.373365508267;658.8624818112766;1.7963256858061951;-1.8710504193291868;68.17167615890503;51.98047435283661;90.47349691390993;30.68190611898899;False;False;False;False;0.15805112316788597;0.15151597547202542;0.2063779929152548;0.2679132189889865
68.4050837525735;51.92626216159277;90.2252594924746;30.717164523022078;68.4050837525735;51.92626216159277;90.2252594924746;30.717164523022078;68.4050837525735;51.92626216159277;302.01346863449595;658.699173025958;1.5949162474264966;-1.926262161592767;68.22875583171844;51.806811928749084;90.49987375736237;30.58331504464149;False;False;False;False;0.15890093963372923;0.1512194814166399;0.2079984670952831;0.26529833433776273
68.33838510200812;51.94861214395533;90.15092168324584;30.65319999396771;68.33838510200812;51.94861214395533;90.15092168324584;30.65319999396771;68.33838510200812;51.94861214395533;301.7119337148918;659.0452258267457;1.661614897991882;-1.94861214395533;68.39466750621796;51.85548746585846;90.49196660518646;30.468399077653885;False;False;False;False;0.1585276413621186;0.15133973263957273;0.2103268815449742;0.2623792500946327
68.51110081151946;52.02058125297802;90.0320228496637;30.68567689879037;68.51110081151946;52.02058125297802;90.0320228496637;30.68567689879037;68.51110081151946;52.02058125297802;301.30818054431904;658.9213430607886;1.488899188480545;-2.020581252978019;68.34104835987091;51.88241112232208;90.45711874961852;30.33927761018276;False;False;False;False;0.15911263447461163;0.14586196222738262;0.21368802765206052;0.26128680470523863
68.34321508184208;52.18797013245209;89.97607150027613;30.695134118521352;68.34321508184208;52.18797013245209;89.97607150027613;30.695134118521352;68.34321508184208;52.18797013245209;300.7039919516405;659.4556344119408;1.6567849181579248;-2.1879701324520866;68.4812843799591;51.95917534828186;90.38651168346404;30.34304760396481;False;False;False;False;0.1586159876130312;0.1460552495266359;0.21723585759050756;0.258655519144933
68.37270422387914;52.37115158904404;90.21638109403918;30.72728669633671;68.37270422387914;52.37115158904404;90.21638109403918;30.72728669633671;68.37270422387914;52.37115158904404;300.04589968746296;659.617560783621;1.6272957761208602;-2.37115158904404;68.32528412342072;52.12202751636505;90.34236013889311;30.31906470656395;False;False;False;False;0.15847580963697352;0.14797313680451105;0.21417272520558336;0.2613427347940198
68.30884118182365;52.13278058164197;90.13304699977866;30.45327265185919;68.30884118182365;52.13278058164197;90.13304699977866;30.45327265185919;68.30884118182365;52.13278058164197;300.20648815706124;659.9622596378814;1.6911588181763475;-2.132780581641974;68.36414158344269;52.28201723098755;90.3535783290863;30.32101444900036;False;False;False;False;0.15854191438855278;0.14833373763577368;0.2135429878394343;0.2611577804055334
68.3396137729381;52.42245822481182;90.082762707382;30.627861569849895;68.3396137729381;52.42245822481182;90.082762707382;30.627861569849895;68.3396137729381;52.42245822481182;299.34276212650263;660.126202298076;1.660386227061906;-2.42245822481182;68.30129551887512;52.06173276901245;90.36772072315216;30.27913637459278;False;False;False;False;0.1583286462480004;0.15213057635552302;0.2143118369375675;0.2632657811002071
68.06435496543587;52.46458336374857;90.13413042871316;30.26878842097005;68.06435496543587;52.46458336374857;90.13413042871316;30.26878842097005;68.06435496543587;52.46458336374857;298.93551741865423;660.8981047433554;1.935645034564132;-2.4645833637485666;68.30633592605591;52.331709146499634;90.38309574127196;30.22922165691853;False;False;False;False;0.15999795322037388;0.15250435351286284;0.21558157510970938;0.263127657162862
68.09782850643839;52.4320267524112;90.0394655388054;30.12874964416556;68.09782850643839;52.4320267524112;90.0394655388054;30.12874964416556;68.09782850643839;52.4320267524112;298.6720195261625;661.0892436659589;1.9021714935616103;-2.432026752411204;68.043816447258;52.34656763076782;90.42137920856476;30.099555179476734;False;False;False;False;0.16005618117659567;0.15260922738757465;0.21840869742021185;0.2630395283915185
68.09681011408556;52.32235361882024;90.34792480296028;30.027733147022285;68.09681011408556;52.32235361882024;90.34792480296028;30.027733147022285;68.09681011408556;52.32235361882024;298.5670955596896;661.3449033164727;1.9031898859144436;-2.3223536188202445;68.06173098087311;52.315377950668335;90.39345502853394;30.02408318221569;False;False;False;False;0.15989845116536705;0.15206830365838953;0.21837181354734547;0.26302684434879176
67.97934045623327;52.05773476444919;90.65072698390884;29.82178910929153;67.97934045623327;52.05773476444919;90.65072698390884;29.82178910929153;67.97934045623327;52.05773476444919;298.7866861192557;661.8336012836326;2.020659543766726;-2.0577347644491866;68.07288694381714;52.207441329956055;90.45730233192444;29.818824231624603;False;False;False;False;0.16011057656068703;0.15172567132595968;0.21830408970070994;0.2630072953643517
68.12024652330783;51.952033345332914;90.79302472547047;29.79136359945265;68.12024652330783;51.952033345332914;90.79302472547047;29.79136359945265;68.12024652330783;51.952033345332914;298.72372432222835;661.8212104219857;1.8797534766921729;-1.9520333453329144;67.98741781711578;51.96791136264801;90.59977531433104;29.69293594360352;False;False;False;False;0.16038118041959604;0.14943331464203025;0.21763482864599545;0.2624446725600194
67.87489023099607;51.61840464101377;90.6260865681331;29.55091787529973;67.87489023099607;51.61840464101377;90.6260865681331;29.55091787529973;67.87489023099607;51.61840464101377;299.1307106181556;662.5625568035015;2.125109769003928;-1.6184046410137682;68.11613833904266;51.86041033267975;90.76572060585022;29.58310455083847;False;False;False;False;0.1618662718574956;0.15064239853080932;0.2179361899922624;0.26197371967612754
68.04205893756259;51.45878804197134;90.71315946954884;29.404591347072;68.04205893756259;51.45878804197134;90.71315946954884;29.404591347072;68.04205893756259;51.45878804197134;299.23415653077194;662.511567359569;1.9579410624374132;-1.4587880419713386;67.89098632335663;51.53937304019928;90.8925038576126;29.45838250219822;False;False;False;False;0.16215145457018618;0.14958815706607337;0.2184469467964761;0.26099794198880905
68.0939682653282;51.24914964953759;91.01699351579045;29.1389459992356;68.0939682653282;51.24914964953759;91.01699351579045;29.1389459992356;68.0939682653282;51.24914964953759;299.4589282433766;662.6688075123627;1.9060317346717996;-1.2491496495375856;68.04170417785645;51.3987774848938;90.97344398498537;29.35255222022533;False;False;False;False;0.16178813523254004;0.14927401962837764;0.21773852141387598;0.26135608009323
68.33956558887614;51.04167972938794;90.87429344656611;29.22030810031505;68.33956558887614;51.04167972938794;90.87429344656611;29.22030810031505;68.33956558887614;51.04167972938794;299.70731479707086;662.4317504298897;1.660434411123859;-1.041679729387937;68.10872292518616;51.18023192882538;91.07080161571504;29.17720079421997;False;False;False;False;0.16240156144559711;0.1491059864909034;0.2115065534499679;0.26092315824940543
68.56430607268163;50.80730259927029;90.77874293968743;28.93826439713764;68.56430607268163;50.80730259927029;90.77874293968743;28.93826439713764;68.56430607268163;50.80730259927029;300.0371784267211;662.2036607170952;1.4356939273183684;-0.8073025992702938;68.34099304676056;50.992727398872375;91.10409557819366;29.06547784805298;False;False;False;False;0.16208455221553228;0.15014597755041953;0.20851410900740475;0.2604804903212961
68.4356302969668;50.78228307480627;90.90974217188828;28.909097064266604;68.4356302969668;50.78228307480627;90.90974217188828;28.909097064266604;68.4356302969668;50.78228307480627;299.97957712907976;662.6524381255007;1.5643697030331936;-0.7822830748062728;68.55893361568451;50.764063000679016;91.12887918949129;28.942440822720528;False;False;False;False;0.16221545933273698;0.15003319008208046;0.2043035463008385;0.2604724328120678
68.43568724752484;50.69414639770931;90.86592625305316;28.88272337509573;68.43568724752484;50.69414639770931;90.86592625305316;28.88272337509573;68.43568724752484;50.69414639770931;300.0515460732995;662.8609068514558;1.5643127524751606;-0.6941463977093107;68.44229555130005;50.74299216270447;91.16106510162354;28.889179825782776;False;False;False;False;0.16189092912739053;0.15002270555034838;0.20491510853174053;0.2576394325494808
68.29162808218997;50.62599878957406;90.8842676532256;29.214886634840138;68.29162808218997;50.62599878957406;90.8842676532256;29.214886634840138;68.29162808218997;50.62599878957406;300.0952884365421;663.3576002157888;1.7083719178100267;-0.6259987895740622;68.4425755739212;50.66239058971405;91.13390803337096;28.770225048065186;False;False;False;False;0.15968997561756393;0.14197502497812528;0.20612935975900057;0.2583471411537711
67.91017094072431;50.53106344471083;91.01891763523278;29.36949582695461;67.91017094072431;50.53106344471083;91.01891763523278;29.36949582695461;67.91017094072431;50.53106344471083;300.201692620992;664.3482974210948;2.0898290592756865;-0.5310634447108313;68.31013178825378;50.607388615608215;91.14061534404756;28.8089732080698;False;False;False;False;0.16414540715358536;0.14163480645605003;0.2060053064460739;0.2611978157051984
68.03172859038958;50.61657333385671;90.93064345438832;29.44744610890133;68.03172859038958;50.61657333385671;90.93064345438832;29.44744610890133;68.03172859038958;50.61657333385671;299.9598643834055;664.3838259963344;1.9682714096104237;-0.6165733338567065;67.96635389328003;50.55039536952973;91.20871782302856;28.927360028028488;False;False;False;False;0.163743363958396;0.140891205787223;0.20706129894037079;0.26573571492268044
68.22138077600913;50.869297872514025;90.89189136333566;29.078695357195183;68.22138077600913;50.869297872514025;90.89189136333566;29.078695357195183;68.22138077600913;50.869297872514025;299.3722055282433;664.2669578130434;1.778619223990873;-0.869297872514025;68.06679904460907;50.63075149059296;91.23192131519318;29.117898792028427;False;False;False;False;0.1627543452363943;0.14215369062828695;0.20957286911476158;0.26512851859258346
68.15409331911064;50.94857601309452;90.81896129308592;28.95898137846728;68.15409331911064;50.94857601309452;90.81896129308592;28.95898137846728;68.15409331911064;50.94857601309452;299.09774286408043;664.6386819567058;1.8459066808893567;-0.9485760130945168;68.24655628204346;50.8400182723999;91.2396776676178;29.13166336715221;False;False;False;False;0.16252175781434605;0.14170166055391095;0.21331892509127723;0.26515254442805136
68.33635571193142;51.12920424965673;91.006666521859;29.073200391787527;68.33635571193142;51.12920424965673;91.006666521859;29.073200391787527;68.33635571193142;51.12920424965673;298.61000958921005;664.5202780618495;1.663644288068582;-1.1292042496567305;68.1576646566391;50.91666150093079;91.2240207195282;29.014441147446632;False;False;False;False;0.1618865206962805;0.14310624914630457;0.21431415507544413;0.26508868396636986
68.21334715849515;51.07625416300007;91.1362515598439;28.92192589538561;68.21334715849515;51.07625416300007;91.1362515598439;28.92192589538561;68.21334715849515;51.07625416300007;298.56534919590246;664.9881144071311;1.7866528415048464;-1.0762541630000655;68.36046326160431;51.07818615436554;91.23293101787569;28.84402677416801;False;False;False;False;0.16231024711863096;0.14309857382823346;0.21421182778201853;0.26517209908697964
68.22376019274583;51.07980565209096;90.99986861332444;29.009776171051534;68.22376019274583;51.07980565209096;90.99986861332444;29.009776171051534;68.22376019274583;51.07980565209096;298.414745662654;665.2055087174971;1.7762398072541714;-1.079805652090954;68.22445869445801;51.024245500564575;91.28377676010132;28.794940635561943;False;False;False;False;0.1622960113865382;0.1428479274983696;0.21334290460291;0.26596162757559577
68.03062039809731;51.06004365123624;90.98114979217476;29.160855217089345;68.03062039809731;51.06004365123624;90.98114979217476;29.160855217089345;68.03062039809731;51.06004365123624;298.310295577418;665.8286202810947;1.969379601902688;-1.060043651236242;68.2439945936203;51.02755737304688;91.31509065628052;28.804081231355667;False;False;False;False;0.16239482276720782;0.1424426564387103;0.21543364078958183;0.2678979731382636
67.84550179235524;50.95029725387917;90.91113355948006;29.138695474863187;67.84550179235524;50.95029725387917;90.91113355948006;29.138695474863187;67.84550179235524;50.95029725387917;298.388449218634;666.4614414394991;2.154498207644764;-0.950297253879171;68.06144750118256;51.0415723323822;91.34926974773408;28.797018229961395;False;False;False;False;0.16360756536612428;0.14256097424587774;0.2193917946638254;0.26965410093519515
67.6375218356851;50.84979844693668;91.06555774060308;29.21788376351321;67.6375218356851;50.84979844693668;91.06555774060308;29.21788376351321;67.6375218356851;50.84979844693668;298.46274053200176;667.1646677805254;2.362478164314893;-0.8497984469366813;67.85705173015594;50.94511318206787;91.3364189863205;28.873035237193108;False;False;False;False;0.164382095310759;0.1428499139843444;0.22047520216395147;0.2711963764462701
67.62377177939553;50.97441195719686;91.40667468660736;29.07696604188525;67.62377177939553;50.97441195719686;91.40667468660736;29.07696604188525;67.62377177939553;50.97441195719686;298.10020705188987;667.5071649816799;2.3762282206044745;-0.9744119571968568;67.68930089473724;50.85208344459534;91.342693567276;28.939095363020897;False;False;False;False;0.161823371871465;0.14332488444113867;0.21985423965811604;0.2708757660733766
67.67113745327123;50.89597686557892;91.51949669259822;29.099716488031344;67.67113745327123;50.89597686557892;91.51949669259822;29.099716488031344;67.67113745327123;50.89597686557892;298.1271556408328;667.7292640633425;2.328862546728772;-0.8959768655789233;67.68543589115143;50.97809016704559;91.4488959312439;28.930338323116302;False;False;False;False;0.16093814346810734;0.1435076844940859;0.21994545650040198;0.2706609718314973
67.41968980527145;50.79912131255602;91.61560305978244;28.93310802847404;67.41968980527145;50.79912131255602;91.61560305978244;28.93310802847404;67.41968980527145;50.79912131255602;298.20140316480143;668.5426743655726;2.580310194728554;-0.7991213125560179;67.7403929233551;50.90496277809143;91.59852862358092;28.913239762187004;False;False;False;False;0.16294887530009372;0.1433591556766684;0.2199492990107897;0.27043628054234864
67.50674412633848;50.599489566649616;91.72520692695647;28.714535396089325;67.50674412633848;50.599489566649616;91.72520692695647;28.714535396089325;67.50674412633848;50.599489566649616;298.49411714827346;668.7126070827356;2.493255873661525;-0.5994895666496163;67.4961405992508;50.8257440328598;91.76326096057892;28.83715882897377;False;False;False;False;0.16294011720881033;0.14392185167347965;0.21996536137574493;0.27030446913680406
67.45625403943333;50.96866332278225;91.63079306952996;28.761532085389877;67.45625403943333;50.96866332278225;91.63079306952996;28.761532085389877;67.45625403943333;50.96866332278225;297.67583769378825;669.1460213730342;2.5437459605666675;-0.9686633227822484;67.58122599124908;50.60771358013153;91.91358208656312;28.762976825237278;False;False;False;False;0.16298694112820464;0.1469121773134632;0.22082781205987032;0.2686880189942253
67.4294705387168;50.67700625029117;91.70468740241546;28.70162803879017;67.4294705387168;50.67700625029117;91.70468740241546;28.70162803879017;67.4294705387168;50.67700625029117;298.1299967290661;669.5387545025428;2.5705294612832006;-0.6770062502911713;67.5427176952362;50.97680068016052;91.9759213924408;28.6414797604084;False;False;False;False;0.16271629070843682;0.14966102665799852;0.22225791113845375;0.2678653256314332
67.29367575271785;50.51493180309869;91.87466817321288;28.73276093824631;67.29367575271785;50.51493180309869;91.87466817321288;28.73276093824631;67.29367575271785;50.51493180309869;298.36387812341223;670.1530813360451;2.7063242472821543;-0.5149318030986905;67.51876366138458;50.689791321754456;92.02070891857149;28.55324551463127;False;False;False;False;0.16307074179140305;0.14849249424446404;0.2224854880009243;0.26795954318340837
67.05642173341137;50.76284422468304;92.03792134269963;28.82083104510184;67.05642173341137;50.76284422468304;92.03792134269963;28.82083104510184;67.05642173341137;50.76284422468304;297.7993957064971;670.9884326076291;2.9435782665886308;-0.762844224683036;67.40109884738922;50.541476130485535;92.09237158298492;28.557478561997414;False;False;False;False;0.1638168410930024;0.14995892570762545;0.22230008094064332;0.2691117585279661
67.24526807263186;50.90085273590305;92.23460271650576;29.02927056606651;67.24526807263186;50.90085273590305;92.23460271650576;29.02927056606651;67.24526807263186;50.90085273590305;297.421666120766;671.0032170313999;2.754731927368141;-0.9008527359030508;67.19119596481323;50.7935483455658;92.19199776649477;28.56501691043377;False;False;False;False;0.16162653651031297;0.15025820852411653;0.22233225609657242;0.272677810969279
67.26309350025068;51.01508846968432;92.37222067587824;28.93638553171879;67.26309350025068;51.01508846968432;92.37222067587824;28.93638553171879;67.26309350025068;51.01508846968432;297.073080955083;671.3348637664781;2.736906499749324;-1.015088469684315;67.35570752620697;50.93453109264374;92.34498739242554;28.63487735390663;False;False;False;False;0.16019768731179276;0.15018434038634693;0.22231202351840576;0.27399220916549544
67.31942629406772;50.83379856537763;92.49055376907172;28.843650772899707;67.31942629406772;50.83379856537763;92.49055376907172;28.843650772899707;67.31942629406772;50.83379856537763;297.30031563440514;671.5871190454773;2.680573705932275;-0.8337985653776272;67.39891397953033;51.03866493701935;92.5026911497116;28.70383463799953;False;False;False;False;0.16025229830121537;0.15103134514054387;0.2217353644014231;0.2726014423030942
67.46668619793107;50.79973310603335;92.8918978404983;28.6996841008082;67.46668619793107;50.79973310603335;92.8918978404983;28.6996841008082;67.46668619793107;50.79973310603335;297.25727341104334;671.6500090652082;2.533313802068932;-0.7997331060333508;67.4494321346283;50.87685680389404;92.65542507171632;28.73038686811924;False;False;False;False;0.1601376936608954;0.15116288650087076;0.2228558836450656;0.2725990921545021
67.59002109416383;50.8224123410493;93.01980666586152;28.760353361792184;67.59002109416383;50.8224123410493;93.01980666586152;28.760353361792184;67.59002109416383;50.8224123410493;297.105283860207;671.7411144463518;2.4099789058361694;-0.8224123410493007;67.57834279537201;50.84423589706421;92.86036849021912;28.6473798006773;False;False;False;False;0.1598468711162136;0.15021091380101712;0.22335712650774991;0.2727660414689511
67.73787814111796;50.84341059676331;93.28448702269851;28.81126440999919;67.73787814111796;50.84341059676331;93.28448702269851;28.81126440999919;67.73787814111796;50.84341059676331;296.9536323699724;671.7667308732217;2.26212185888204;-0.843410596763313;67.7088817358017;50.84636545181274;93.03934812545776;28.578263521194454;False;False;False;False;0.1596167159072195;0.15007469880746;0.22417744495466851;0.2725732373691198
67.9822689498144;50.709827369073786;93.41743985975673;28.76921689353315;67.9822689498144;50.709827369073786;93.41743985975673;28.76921689353315;67.9822689498144;50.709827369073786;297.1083440791164;671.5795655036798;2.0177310501856027;-0.7098273690737855;67.88842463493347;50.874557852745056;93.24861228466034;28.54530803859234;False;False;False;False;0.15973545698326022;0.1507750947555682;0.2247500465069621;0.27332427103084944
68.2751962990518;50.68219388722365;93.73951250355525;28.60422560613377;68.2751962990518;50.68219388722365;93.73951250355525;28.60422560613377;68.2751962990518;50.68219388722365;297.0689673936068;671.2627416118963;1.7248037009482005;-0.6821938872236473;68.09541320800781;50.73943483829498;93.4516018629074;28.57297159731388;False;False;False;False;0.1603552832770459;0.15086459793194798;0.22611755581733628;0.27286213782041774
68.41235844984534;50.722482427482085;94.044024540463;28.523803928985004;68.41235844984534;50.722482427482085;94.044024540463;28.523803928985004;68.41235844984534;50.722482427482085;296.89743112812675;671.2183911371023;1.5876415501546577;-0.7224824274820847;68.39659655094147;50.69925332069397;93.65063786506651;28.551191687583923;False;False;False;False;0.16016439809900118;0.1499480870847765;0.2285657492625064;0.27143819060481156
68.60729337575579;50.81252273214992;93.8392398450493;28.394479916557582;68.60729337575579;50.81252273214992;93.8392398450493;28.394479916557582;68.60729337575579;50.81252273214992;296.6210195284601;671.0402068253021;1.3927066242442123;-0.8125227321499224;68.51918423175812;50.748305678367615;93.89617264270782;28.474260047078133;False;False;False;False;0.1587713763726272;0.1499755148401651;0.22851383724808289;0.27016916186164286
68.97372846420589;50.95683929590097;93.78130294364937;28.148123434946637;68.97372846420589;50.95683929590097;93.78130294364937;28.148123434946637;68.97372846420589;50.95683929590097;296.2240500366714;670.4930308649677;1.026271535794109;-0.95683929590097;68.6830735206604;50.81539356708527;94.0190088748932;28.359003141522408;False;False;False;False;0.16066975025709726;0.150579398213264;0.22942806134326252;0.2691694052351755
68.95986837708739;50.971347253072295;93.8245410951576;28.12742007460336;68.95986837708739;50.971347253072295;93.8245410951576;28.12742007460336;68.95986837708739;50.971347253072295;296.06745554954193;670.6575872439773;1.040131622912611;-0.9713472530722952;69.0267926454544;50.924256682395935;94.08014178276062;28.240065574646;False;False;False;False;0.15942030981856248;0.14997037430592616;0.23051270288920137;0.2650691698079181
69.20035993015446;50.88354887107009;94.1354972200296;28.186060448756304;69.20035993015446;50.88354887107009;94.1354972200296;28.186060448756304;69.20035993015446;50.88354887107009;296.11353934647;670.3152883542315;0.7996400698455375;-0.8835488710700901;69.02490854263306;50.94920635223389;94.0774929523468;28.10386799275875;False;False;False;False;0.16001675572476462;0.14904978117221368;0.23051560261002457;0.26315548980943165
69.01146607350137;51.322623683251074;94.20015472522086;28.08584062224494;69.01146607350137;51.322623683251074;94.20015472522086;28.08584062224494;69.01146607350137;51.322623683251074;295.1175832059654;670.7996947435171;0.9885339264986328;-1.3226236832510736;69.24893701076508;50.87261497974396;94.10576462745668;28.00938621163368;False;False;False;False;0.16158509581008282;0.15452651610558663;0.23038949350710264;0.26310813762461505
69.06905986059468;51.39004239383545;94.34247639499402;27.938852507648846;69.06905986059468;51.39004239383545;94.34247639499402;27.938852507648846;69.06905986059468;51.39004239383545;294.80639596036315;670.8163116928636;0.9309401394053224;-1.3900423938354507;69.08273148536682;51.26695251464844;94.19316947460176;27.99263432621956;False;False;False;False;0.1612890031523411;0.15479271365844627;0.23077585069762846;0.2626139581419429
68.89046169402329;51.47028670735263;94.56384856065468;27.936075462659357;68.89046169402329;51.47028670735263;94.56384856065468;27.936075462659357;68.89046169402329;51.47028670735263;294.46056834748407;671.297633377927;1.109538305976713;-1.4702867073526278;69.1589287519455;51.31173884868622;94.32273268699646;27.943406403064728;False;False;False;False;0.16309455989539715;0.15451149370451323;0.2315007118983446;0.26231866590164715
68.8442265761572;51.19143214272774;94.4848398996516;28.02743481344169;68.8442265761572;51.19143214272774;94.4848398996516;28.02743481344169;68.8442265761572;51.19143214272774;294.8222392490868;671.5380420544561;1.1557734238428026;-1.1914321427277417;68.95419764518738;51.3948986530304;94.49410021305084;27.84515216946602;False;False;False;False;0.1633846694868148;0.15562899724703236;0.23116325681425942;0.26248570486959844
68.91341317883558;50.93679682417811;94.3860160044597;28.08319085965664;68.91341317883558;50.93679682417811;94.3860160044597;28.08319085965664;68.91341317883558;50.93679682417811;295.1726522671557;671.5537719722784;1.086586821164417;-0.93679682417811;68.9341915845871;51.14125001430512;94.58520948886871;27.805207446217537;False;False;False;False;0.16328115010065422;0.15670930758644497;0.22929789904674377;0.26375822608931343
69.03994108607289;50.9167546648928;94.38062911399676;27.96500800092344;69.03994108607289;50.9167546648928;94.38062911399676;27.96500800092344;69.03994108607289;50.9167546648928;295.08783034250257;671.4455944006256;0.9600589139271136;-0.9167546648927996;69.0035058259964;50.906155467033386;94.62645649909972;27.84393019974232;False;False;False;False;0.16294230931560336;0.15624995550519347;0.2255924241734294;0.2639978990114694
69.05618842201042;50.850588509311685;94.66215017890804;28.05270373417453;69.05618842201042;50.850588509311685;94.66215017890804;28.05270373417453;69.05618842201042;50.850588509311685;295.0979286983457;671.5411075839409;0.9438115779895782;-0.8505885093116845;69.1310613155365;50.89782738685608;94.6334981918335;27.88215793669224;False;False;False;False;0.1619712397377919;0.1551657101271331;0.22223039439406814;0.26286523962247127
69.24684896523357;50.66942383016844;94.529918194057;28.1638225759315;69.24684896523357;50.66942383016844;94.529918194057;28.1638225759315;69.24684896523357;50.66942383016844;295.3468462553907;671.2856280412265;0.7531510347664323;-0.6694238301684408;69.1454427242279;50.82573020458221;94.66789364814758;27.88384459912777;False;False;False;False;0.16223255588458405;0.15584326182300515;0.22032401125048112;0.26309814245196883
69.36841537500104;50.72295234157954;94.76888350335253;28.443821947097785;69.36841537500104;50.72295234157954;94.76888350335253;28.443821947097785;69.36841537500104;50.72295234157954;295.15053272187936;671.1429153596604;0.6315846249989647;-0.7229523415795427;69.34360539913177;50.66694700717926;94.68138694763184;27.885598465800285;False;False;False;False;0.16149173667373065;0.1542772367265901;0.21785991618718104;0.2652119749272373
69.58814400948796;50.89867370724132;94.84061695130448;28.63099644459588;69.58814400948796;50.89867370724132;94.84061695130448;28.63099644459588;69.58814400948796;50.89867370724132;294.7026963450119;670.7876693740197;0.4118559905120378;-0.8986737072413149;69.44169282913208;50.73406946659088;94.7657036781311;28.001161068677906;False;False;False;False;0.16207000836007363;0.15453783163364296;0.21598849171027248;0.26876128048772524
69.3469075376042;51.07409374553229;95.0046770449948;28.45263904285792;69.3469075376042;51.07409374553229;95.0046770449948;28.45263904285792;69.3469075376042;51.07409374553229;294.2320331074644;671.3250564498555;0.6530924623958043;-1.074093745532288;69.64878511428833;50.8982595205307;94.85773086547852;28.157810047268867;False;False;False;False;0.16458528226692692;0.15512623611799428;0.21618592221863572;0.26928677864583933
69.62627526208169;51.10703444797196;95.14154910481936;28.549859522578878;69.62627526208169;51.10703444797196;95.14154910481936;28.549859522578878;69.62627526208169;51.10703444797196;294.0229392031808;670.8533999958867;0.3737247379183088;-1.1070344479719625;69.42758107185364;51.05455362796784;94.94610607624054;28.282630443573;False;False;False;False;0.16545030263269456;0.15501084782391317;0.21634792057306457;0.27027679729774606
69.66239513921641;50.91539085311459;95.33470136368464;28.218411827890943;69.66239513921641;50.91539085311459;95.33470136368464;28.218411827890943;69.66239513921641;50.91539085311459;294.2586217998326;670.8309902066729;0.3376048607835855;-0.9153908531145872;69.70232129096985;51.079091906547546;95.07882952690125;28.305472508072853;False;False;False;False;0.15901724138194417;0.1543764501033242;0.21771789859525276;0.27024927618895545
69.56657295326241;50.98079932870977;95.07175712751128;28.181067999072823;69.56657295326241;50.98079932870977;95.07175712751128;28.181067999072823;69.56657295326241;50.98079932870977;294.00575273489363;671.0676485600187;0.4334270467375916;-0.9807993287097716;69.7589066028595;50.90542602539063;95.21657526493073;28.201051875948902;False;False;False;False;0.1599065017599622;0.15454312779139148;0.21668632278739694;0.2698436097975628
69.66841861477126;50.81558848498023;95.14540064232344;28.41186349167177;69.66841861477126;50.81558848498023;95.14540064232344;28.41186349167177;69.66841861477126;50.81558848498023;294.2054011785248;670.9217475098993;0.3315813852287448;-0.8155884849802248;69.6463133096695;50.95540142059326;95.26847660541534;28.138442113995552;False;False;False;False;0.15983644914602432;0.1550708599827435;0.21684176560175614;0.2709717876695214
69.94484407817613;50.87253752938184;95.38940126473528;28.29886287420725;69.94484407817613;50.87253752938184;95.38940126473528;28.29886287420725;69.94484407817613;50.87253752938184;293.98275795839083;670.4131074344534;0.0551559218238679;-0.8725375293818445;69.73264670372009;50.808738708496094;95.29198169708252;28.037236630916595;False;False;False;False;0.16110856717750627;0.15509723187660934;0.21699951516054097;0.27205635136094575
70.02011213922486;50.63843532453097;95.43636153349972;28.251273515043884;70.02011213922486;50.63843532453097;95.43636153349972;28.251273515043884;70.02011213922486;50.63843532453097;294.33462403084167;670.2699254352658;-0.0201121392248637;-0.6384353245309669;70.01518261432648;50.84956669807434;95.35030841827393;28.070411756634712;False;False;False;False;0.16004789203236525;0.15629984922159876;0.21707885203991206;0.27243640097507354
69.87503390039926;50.72827998115017;95.59764494758096;28.10580296053687;69.87503390039926;50.72827998115017;95.59764494758096;28.10580296053687;69.87503390039926;50.72827998115017;294.0698100076658;670.5574002943537;0.1249660996007406;-0.7282799811501732;70.07523882389069;50.63635540008545;95.3719973564148;28.1161155551672;False;False;False;False;0.16028388402495758;0.15642301444491916;0.21737599716710562;0.27226366408858926
70.31106627097871;50.67168528524432;95.71945637544368;28.01426472106948;70.31106627097871;50.67168528524432;95.71945637544368;28.01426472106948;70.31106627097871;50.67168528524432;294.0858954019908;669.7019976998082;-0.3110662709787135;-0.6716852852443225;69.94988203048706;50.71049916744232;95.48244178295135;28.03664654493332;False;False;False;False;0.16354159879519728;0.15646229877351187;0.2185157385797654;0.27180568121836346
70.3864568789864;50.876292096712646;95.5955521629993;27.92744008905881;70.3864568789864;50.876292096712646;95.5955521629993;27.92744008905881;70.3864568789864;50.876292096712646;293.5871237410216;669.5097409809957;-0.3864568789863938;-0.8762920967126462;70.37821638584137;50.64462125301361;95.61174929141998;27.95639894902706;False;False;False;False;0.16354281935059928;0.1579072461987849;0.21795311649849164;0.2717449228738749
70.62537238491441;50.69656784904025;95.4676602382278;27.96774120034874;70.62537238491441;50.69656784904025;95.4676602382278;27.96774120034874;70.62537238491441;50.69656784904025;293.829733290138;668.9803823852749;-0.6253723849144137;-0.6965678490402496;70.42832660675049;50.81766831874848;95.6341791152954;27.853326499462128;False;False;False;False;0.16453646877650396;0.15813460644427574;0.2166719881546253;0.2710223775864967
70.61906511841603;50.982152961956544;95.49065204195809;28.24949087109441;70.61906511841603;50.982152961956544;95.49065204195809;28.24949087109441;70.61906511841603;50.982152961956544;293.1656873511;668.9096139336164;-0.6190651184160316;-0.982152961956544;70.65288400650024;50.65425264835358;95.62354445457458;27.79686838388443;False;False;False;False;0.16442272433496305;0.1600494151199327;0.21700089894118896;0.2716364970483653
70.66500567288286;51.04844324084102;95.2229310298024;28.127691913604604;70.66500567288286;51.04844324084102;95.2229310298024;28.127691913604604;70.66500567288286;51.04844324084102;292.9021530650702;668.7351908088939;-0.665005672882856;-1.0484432408410171;70.6387687921524;50.9313782453537;95.58420538902284;27.8193449229002;False;False;False;False;0.16420958039822126;0.16043695863649882;0.2196628023590788;0.27150200978685063
70.79040439212355;50.99282898839611;95.36984690744754;28.01848707160523;70.79040439212355;50.99282898839611;95.36984690744754;28.01848707160523;70.79040439212355;50.99282898839611;292.8735891378479;668.3957259473615;-0.7904043921235484;-0.9928289883961128;70.6889032125473;50.9747748374939;95.47022700309752;27.8888775408268;False;False;False;False;0.16116859551073173;0.16034137124390152;0.21894255888594627;0.27178261283313715
71.07629990751856;50.87438114885399;95.51481847674646;28.012259158620235;71.07629990751856;50.87438114885399;95.51481847674646;28.012259158620235;71.07629990751856;50.87438114885399;292.9781076184793;667.7185476642883;-1.0762999075185604;-0.8743811488539848;70.77902555465698;50.91182506084442;95.41732907295228;27.93196201324463;False;False;False;False;0.1620262192488494;0.16002006249704012;0.2164017433381625;0.27167929079096775
71.03578135565728;50.84278632134083;95.3735406415491;28.2953337005821;71.03578135565728;50.84278632134083;95.3735406415491;28.2953337005821;71.03578135565728;50.84278632134083;292.9247131203251;667.656078113675;-1.035781355657278;-0.8427863213408315;71.08670127391815;50.79962587356568;95.42896032333374;27.850517854094505;False;False;False;False;0.1587379874712639;0.1599569183733504;0.21557987755713467;0.27425502017756886
71.06647193458642;51.03671318891253;95.36238631177352;27.88181647759543;71.06647193458642;51.03671318891253;95.36238631177352;27.88181647759543;71.06647193458642;51.03671318891253;292.4244878756696;667.4565927750624;-1.066471934586417;-1.036713188912529;71.02457082271576;50.78798592090607;95.4049438238144;27.856293320655823;False;False;False;False;0.1584741552300283;0.1611416677007875;0.21452478225047752;0.2732487460997821
71.01920996147518;50.75156361667296;94.94742796070234;27.88016532961963;71.01920996147518;50.75156361667296;94.94742796070234;27.88016532961963;71.01920996147518;50.75156361667296;292.85655859496046;667.40892046334;-1.019209961475184;-0.7515636166729536;71.05055069923401;50.94539666175842;95.41136920452118;27.86128856241703;False;False;False;False;0.15781238095677483;0.16177461169580593;0.21740335463526012;0.27263485118417746
70.83556389103626;50.82727284835838;95.009548722792;27.737356811614667;70.83556389103626;50.82727284835838;95.009548722792;27.737356811614667;70.83556389103626;50.82727284835838;292.60493164936656;667.6403179426878;-0.8355638910362586;-0.8272728483583833;71.00167465209961;50.68011152744293;95.2917981147766;27.84864597022533;False;False;False;False;0.15530846587946384;0.16138745254258166;0.2190407223044002;0.271330419697561
71.16078498482081;50.89368697410203;95.08230237692096;27.626429232770413;71.16078498482081;50.89368697410203;95.08230237692096;27.626429232770413;71.16078498482081;50.89368697410203;292.3618003514315;666.8784672363139;-1.1607849848208076;-0.8936869741020317;70.83295583724976;50.758241295814514;95.18298625946044;27.66330160200596;False;False;False;False;0.15728627869820874;0.16100169774643341;0.21911606562531016;0.26713236390761563
71.28708034332817;50.81796749775729;95.06978402284317;27.48942914463425;71.28708034332817;50.81796749775729;95.06978402284317;27.48942914463425;71.28708034332817;50.81796749775729;292.3940810409074;666.4711051879897;-1.2870803433281708;-0.8179674977572873;71.12829327583313;50.79282581806183;95.1213550567627;27.59622111916542;False;False;False;False;0.15795731312338981;0.16101763591780294;0.2190597388626042;0.2537366609092786
71.17936154939457;50.59905398105047;95.05493134673269;27.34700206028443;71.17936154939457;50.59905398105047;95.05493134673269;27.34700206028443;71.17936154939457;50.59905398105047;292.72284574128673;666.5149320634131;-1.1793615493945708;-0.5990539810504671;71.25035893917084;50.705597043037415;95.07024705410004;27.48302213847637;False;False;False;False;0.15806980852961847;0.16099657039274823;0.21903128312790357;0.2450943435265736
70.97583681250909;50.588811945862105;95.03203819218729;27.43636600517133;70.97583681250909;50.588811945862105;95.03203819218729;27.43636600517133;70.97583681250909;50.588811945862105;292.6634559475234;666.7647333305981;-0.9758368125090868;-0.5888119458621048;71.14650857448578;50.48915338516235;95.08730709552763;27.37240478396416;False;False;False;False;0.15888137846295997;0.1586118377472277;0.21892964587709376;0.24348645135465732
70.6558848296221;50.44439673514479;95.05034656247604;27.18637815519309;70.6558848296221;50.44439673514479;95.05034656247604;27.18637815519309;70.6558848296221;50.44439673514479;292.8737781095098;667.2745257213709;-0.6558848296220958;-0.4443967351447853;70.96875298023224;50.49692833423615;95.08313715457916;27.297647446393967;False;False;False;False;0.1616424185110473;0.15629924628483263;0.21790675173421667;0.24221454640934578
70.69971187831798;50.24983175743215;94.81901025516588;27.11221752405392;70.69971187831798;50.24983175743215;94.81901025516588;27.11221752405392;70.69971187831798;50.24983175743215;293.2036551669157;667.0994203133628;-0.6997118783179843;-0.2498317574321475;70.67625033855438;50.36054348945618;95.07372200489044;27.23120868206024;False;False;False;False;0.1603636182674942;0.15662574501420737;0.21483413895088083;0.24145250164653817
70.64414332340593;50.11104917541061;94.6679470717222;27.186139192143187;70.64414332340593;50.11104917541061;94.6679470717222;27.186139192143187;70.64414332340593;50.11104917541061;293.44790942996786;667.1172625060779;-0.6441433234059275;-0.1110491754106135;70.68036425113678;50.17096471786499;95.01146137714386;27.182311862707135;False;False;False;False;0.1603645939666786;0.15647666558306067;0.21637753121695577;0.24143786989537747
70.66768186439651;50.22852411261209;94.66377276839;27.11309168056886;70.66768186439651;50.22852411261209;94.66377276839;27.11309168056886;70.66768186439651;50.22852411261209;293.1981529988435;666.9842996476425;-0.6676818643965134;-0.2285241126120922;70.62798964977264;50.04334700107575;94.92231249809264;27.07738555967808;False;False;False;False;0.15980927087561628;0.15717490131176584;0.217297924176749;0.24145754457815233
70.86477073850291;50.14270427347454;94.72541563959896;27.219094500423708;70.86477073850291;50.14270427347454;94.72541563959896;27.219094500423708;70.86477073850291;50.14270427347454;293.339322795437;666.5010976508435;-0.8647707385029122;-0.1427042734745427;70.66678142547607;50.14378523826599;94.8355370759964;27.06152781844139;False;False;False;False;0.1606401690669132;0.1555733627846379;0.21716779259884875;0.24190344069968447
71.0144040811137;50.0893365204247;94.71815894514964;27.47842303770935;71.0144040811137;50.0893365204247;94.71815894514964;27.47842303770935;71.0144040811137;50.0893365204247;293.42703106507344;666.0865282004881;-1.014404081113696;-0.0893365204247018;70.83317363262177;50.06491911411285;94.76351380348206;27.09071822464466;False;False;False;False;0.1610664539101648;0.1545783481760347;0.2153731418385696;0.2437957597629967
70.93563023165264;50.03805108830296;94.86101168640567;27.537130525431863;70.93563023165264;50.03805108830296;94.86101168640567;27.537130525431863;70.93563023165264;50.03805108830296;293.5176903932603;666.1088220219284;-0.935630231652638;-0.0380510883029572;70.98388457298279;50.02053380012512;94.73881542682648;27.138538137078285;False;False;False;False;0.15983193476649216;0.15446270579161786;0.21385491234297896;0.24643091966159256
70.6904516444009;49.95859845217923;94.81806675818072;27.512251501550303;70.6904516444009;49.95859845217923;94.81806675818072;27.512251501550303;70.6904516444009;49.95859845217923;293.6715221870673;666.4744284988782;-0.6904516444008948;0.0414015478207687;70.93561005592346;49.99982249736786;94.785897731781;27.27392517030239;False;False;False;False;0.1605068772469023;0.15433601620417559;0.21199964944993632;0.24683891032927222
70.51612182812978;49.71390223380784;94.580886811046;27.37261104565289;70.51612182812978;49.71390223380784;94.580886811046;27.37261104565289;70.51612182812978;49.71390223380784;294.16643483018623;666.731027912167;-0.5161218281297835;0.2860977661921566;70.69623565673828;49.92648077011109;94.82311248779295;27.38653570413589;False;False;False;False;0.16140382539089507;0.15516236573896153;0.21308726240650744;0.2454511572968338
70.54415910160412;49.57175801625494;94.28881259308298;27.55942292051337;70.54415910160412;49.57175801625494;94.28881259308298;27.55942292051337;70.54415910160412;49.57175801625494;294.48886963411763;666.6061371214677;-0.544159101604123;0.4282419837450604;70.5365743637085;49.6842542886734;94.79540467262268;27.387980595231056;False;False;False;False;0.16135496008275746;0.15426107651514523;0.2179439544061008;0.24512767883042896
70.39120992445244;49.71243082349723;94.32177377806876;27.685191562527013;70.39120992445244;49.71243082349723;94.32177377806876;27.685191562527013;70.39120992445244;49.71243082349723;294.26462295079904;666.8394809288905;-0.3912099244524398;0.287569176502771;70.55353820323944;49.56017315387726;94.68104600906372;27.37480446696281;False;False;False;False;0.16188213526764492;0.15282801894176726;0.22054727602883228;0.24654653904032242
70.25531123798146;49.54442166978159;94.4569069985845;27.61705323876012;70.25531123798146;49.54442166978159;94.4569069985845;27.61705323876012;70.25531123798146;49.54442166978159;294.63898381509733;667.0591169785721;-0.2553112379814592;0.4555783302184082;70.37948858737946;49.70063042640686;94.55657720565796;27.404537424445152;False;False;False;False;0.16182062816645443;0.1527535282901953;0.22040583156014937;0.2458449250389954
70.48147991435432;49.74225081638756;94.4307772183625;27.597101093747533;70.48147991435432;49.74225081638756;94.4307772183625;27.597101093747533;70.48147991435432;49.74225081638756;294.30406929924783;666.5727381274288;-0.481479914354324;0.2577491836124395;70.30104768276215;49.54625844955444;94.48960900306702;27.509036734700203;False;False;False;False;0.16268230631793945;0.15354328784951227;0.21843791040155022;0.24146191965968491
70.66751682904014;49.774351487940045;94.16480366890003;27.45177789095816;70.66751682904014;49.774351487940045;94.16480366890003;27.45177789095816;70.66751682904014;49.774351487940045;294.2742345139579;666.1364669761433;-0.6675168290401388;0.2256485120599549;70.49273872375488;49.72158718109131;94.46500897407532;27.531193643808365;False;False;False;False;0.16324990715791565;0.14989024395418823;0.22008039118815548;0.24004869543832955
70.61932433354319;49.79948917749173;94.11103948363623;27.48862467188044;70.61932433354319;49.79948917749173;94.11103948363623;27.48862467188044;70.61932433354319;49.79948917749173;294.2540456031292;666.1438497232651;-0.6193243335431902;0.2005108225082708;70.65458142757416;49.73186159133911;94.42296862602234;27.47626401484013;False;False;False;False;0.16261710752392777;0.14999784823201712;0.21989976156856827;0.23947034943907683
70.67890737809834;49.86767917619387;94.28724521502495;27.834047127886024;70.67890737809834;49.86767917619387;94.28724521502495;27.834047127886024;70.67890737809834;49.86767917619387;294.1444003820593;665.9421070563491;-0.6789073780983443;0.1323208238061326;70.58382213115692;49.76023375988007;94.35875415802002;27.426934465765957;False;False;False;False;0.16283126772972248;0.14731496464336163;0.21834416509879978;0.2421880181689651
70.84732663658956;50.14062245397172;94.21292133170344;27.949408161972293;70.84732663658956;50.14062245397172;94.21292133170344;27.949408161972293;70.84732663658956;50.14062245397172;293.61615660301106;665.5147475556201;-0.8473266365895569;-0.1406224539717229;70.64851772785187;49.85754680633545;94.3247389793396;27.43587426841259;False;False;False;False;0.16091120481695334;0.14972513181196362;0.21762286513622706;0.24630341391472574
70.80930390170923;50.28381443032296;94.16114345661904;28.12629489633097;70.80930390170923;50.28381443032296;94.16114345661904;28.12629489633097;70.80930390170923;50.28381443032296;293.311022989779;665.4778161405022;-0.8093039017092281;-0.2838144303229555;70.8066440820694;50.09279000759125;94.28079068660736;27.566116079688072;False;False;False;False;0.16043280330173865;0.1499611557530049;0.2179145968999225;0.25089459407866993
70.90921457428855;50.30647283881034;94.07452182969143;28.190845961910707;70.90921457428855;50.30647283881034;94.07452182969143;28.190845961910707;70.90921457428855;50.30647283881034;293.2278642487612;665.170087608449;-0.9092145742885548;-0.3064728388103432;70.76372456550598;50.232922315597534;94.27443742752077;27.756911367177963;False;False;False;False;0.1610299808523177;0.14991845841336018;0.21817164719638996;0.24903608573901284
70.84451503832109;50.3755593016643;94.34507810853242;28.092566478886383;70.84451503832109;50.3755593016643;94.34507810853242;28.092566478886383;70.84451503832109;50.3755593016643;293.04882827787856;665.1782580704787;-0.8445150383210915;-0.3755593016643033;70.87663245201111;50.25629901885986;94.24373984336852;27.85685144364834;False;False;False;False;0.16105823353088014;0.15004865027179923;0.21664382614178304;0.24295989995083908
70.94517443969845;50.31564152650374;94.19157808409312;28.07092973349101;70.94517443969845;50.31564152650374;94.19157808409312;28.07092973349101;70.94517443969845;50.31564152650374;293.11858925464446;664.8643372626145;-0.945174439698448;-0.3156415265037395;70.79927706718445;50.333149671554565;94.25836086273192;27.91949562728405;False;False;False;False;0.16090820036701475;0.15003075072735972;0.21520790886143887;0.2390964465525223
70.68049215906687;50.08680840445586;94.34664855644128;27.861936146902003;70.68049215906687;50.08680840445586;94.34664855644128;27.861936146902003;70.68049215906687;50.08680840445586;293.53416996187303;665.2676785652512;-0.6804921590668727;-0.0868084044558585;70.90666401386261;50.25042545795441;94.24874901771544;27.91153274476528;False;False;False;False;0.16149427537313923;0.15072860134434046;0.21540189730976508;0.23912600049247695
70.55186208927041;49.856999412026;94.52248741339288;27.761557252891063;70.55186208927041;49.856999412026;94.52248741339288;27.761557252891063;70.55186208927041;49.856999412026;293.98221349280533;665.4342064169686;-0.5518620892704149;0.1430005879740008;70.69476640224457;50.03485989570618;94.28651452064514;27.83392496407032;False;False;False;False;0.16058058314902834;0.1499368218976945;0.21657208738148445;0.23853347442705264
70.80336543349011;49.78142347631314;94.82100002729987;27.527902302178624;70.80336543349011;49.78142347631314;94.82100002729987;27.527902302178624;70.80336543349011;49.78142347631314;294.15243210929424;664.8576181166264;-0.8033654334901144;0.2185765236868562;70.56709337234497;49.82703471183777;94.38995659351347;27.751028537750244;False;False;False;False;0.15916973216403613;0.1498819188555798;0.22043715407983158;0.23834926192778733
70.98475192404177;49.66690370213005;94.95294890190056;27.80400117278956;70.98475192404177;49.66690370213005;94.95294890190056;27.80400117278956;70.98475192404177;49.66690370213005;294.410615194152;664.3877297443911;-0.984751924041774;0.3330962978699503;70.82255351543427;49.757813811302185;94.51724469661713;27.616488113999367;False;False;False;False;0.15991868437569756;0.15004263140146437;0.224222372667065;0.23709029592670772
70.72574740925623;49.58229281196125;94.96376388564656;27.759822653477883;70.72574740925623;49.58229281196125;94.96376388564656;27.759822653477883;70.72574740925623;49.58229281196125;294.6242498142056;664.7744385174233;-0.725747409256229;0.4177071880387473;70.98423027992249;49.66231572628021;94.6848291158676;27.561474069952965;False;False;False;False;0.1617778479570033;0.14987379860033118;0.22450075578364573;0.23782687028679353
70.88486939100032;49.684825784958505;94.99526619883004;27.60766530828097;70.88486939100032;49.684825784958505;94.99526619883004;27.60766530828097;70.88486939100032;49.684825784958505;294.4748781599496;664.3594282327009;-0.884869391000322;0.3151742150414947;70.75183916091919;49.58566904067993;94.81976866722108;27.54948139190674;False;False;False;False;0.16140106556757336;0.14973919167453384;0.2235956418777206;0.2375489980194925
70.91840655211449;49.446765206085765;94.7862123573787;27.62588023820705;70.91840655211449;49.446765206085765;94.7862123573787;27.62588023820705;70.91840655211449;49.446765206085765;294.9930225463673;664.1743713250058;-0.9184065521144902;0.5532347939142355;70.89619600772858;49.653724908828735;94.91646409034728;27.618781253695488;False;False;False;False;0.16132573022407948;0.1507725837284424;0.22156683975101915;0.23689558358671248
70.980965166401;49.320046341270434;94.59345129794256;27.651711747492744;70.980965166401;49.320046341270434;94.59345129794256;27.651711747492744;70.980965166401;49.320046341270434;295.3202249151865;663.9267998894842;-0.9809651664010062;0.6799536587295663;70.92137038707733;49.43952834606171;94.88680243492126;27.563794255256653;False;False;False;False;0.16060942848378057;0.15062735128062904;0.2196164726787924;0.2347316445686827
70.9425902742641;49.26012735187428;94.55379274442014;27.59546095999868;70.9425902742641;49.26012735187428;94.55379274442014;27.59546095999868;70.9425902742641;49.26012735187428;295.5307233818094;663.8727543182379;-0.9425902742641056;0.7398726481257185;70.97029137611389;49.30818045139313;94.80042040348052;27.524966597557068;False;False;False;False;0.16009079687729175;0.1491097195792368;0.21737729069616407;0.23241593763248325
71.25367526783809;49.03792064349431;94.52238913882336;27.87955036763072;71.25367526783809;49.03792064349431;94.52238913882336;27.87955036763072;71.25367526783809;49.03792064349431;296.0737864849861;663.1249056278547;-1.2536752678380907;0.96207935650569;70.95408809185028;49.252763628959656;94.69880759716034;27.541152983903885;False;False;False;False;0.16255630540656466;0.14862407234500152;0.21769599881160792;0.23139411644114571
71.10053062811039;48.91315597969376;94.52161220360922;27.72871409252164;71.10053062811039;48.91315597969376;94.52161220360922;27.72871409252164;71.10053062811039;48.91315597969376;296.4515930601213;663.2640382049317;-1.1005306281103913;1.0868440203062448;71.25652289390564;49.04637658596039;94.581236243248;27.5931379199028;False;False;False;False;0.16315013218689833;0.14848565248325257;0.21675271263356238;0.23141157254695796
71.19242518552986;48.86254270970917;94.45145393843644;27.81559853427244;71.19242518552986;48.86254270970917;94.45145393843644;27.81559853427244;71.19242518552986;48.86254270970917;296.69773213613126;662.9335116730114;-1.1924251855298564;1.1374572902908255;71.09263360500336;48.93988847732544;94.52215552330016;27.634542286396027;False;False;False;False;0.16338649912333655;0.14463553890501923;0.2151487618769737;0.229660161049086
71.3280126678822;48.85912813638399;94.3498600947508;27.971987072191453;71.3280126678822;48.85912813638399;94.3498600947508;27.971987072191453;71.3280126678822;48.85912813638399;296.8562222548204;662.5033466835694;-1.3280126678822055;1.1408718636160131;71.19491791725159;48.88658738136292;94.48112487792967;27.727739810943604;False;False;False;False;0.16224632557482788;0.14410339580577938;0.21420117110996634;0.23080704355192258
71.089548019643;48.79475831967234;94.44394249861996;27.87338440916972;71.089548019643;48.79475831967234;94.44394249861996;27.87338440916972;71.089548019643;48.79475831967234;297.13707813672585;662.8032076243302;-1.0895480196430043;1.20524168032766;71.29438126087189;48.88883793354034;94.41996574401855;27.728556916117668;False;False;False;False;0.16333638107387352;0.14415220703941492;0.21109567889184705;0.23120299492447155
71.0876656791888;48.94414705996604;94.38391008388558;27.765533408981643;71.0876656791888;48.94414705996604;94.38391008388558;27.765533408981643;71.0876656791888;48.94414705996604;296.99899954684884;662.6616992359528;-1.0876656791888024;1.0558529400339651;71.09329736232758;48.8393344283104;94.4107472896576;27.80043922364712;False;False;False;False;0.16330301568005684;0.14449666542818693;0.21106654821561371;0.23122668587103684
71.25598684698352;48.78072438671768;94.20847663781728;27.99432861952586;71.25598684698352;48.78072438671768;94.20847663781728;27.99432861952586;71.25598684698352;48.78072438671768;297.46662528535006;662.1800348098049;-1.255986846983518;1.2192756132823206;71.07723581790924;48.96424525976181;94.39196288585664;27.8124138712883;False;False;False;False;0.1639475311682461;0.14485068645371;0.21098586257132387;0.23187614275349086
71.05151665475167;48.51512852362868;94.30340832471614;28.135372328238628;71.05151665475167;48.51512852362868;94.30340832471614;28.135372328238628;71.05151665475167;48.51512852362868;298.16038709329905;662.4215102813374;-1.0515166547516657;1.4848714763713176;71.25505018234253;48.82511895895004;94.33368861675262;27.78855472803116;False;False;False;False;0.16460557979725246;0.14782764253834996;0.21019958748610784;0.23403407789899885
70.97138227360244;48.74593467707207;94.39000892893064;28.267142111652745;70.97138227360244;48.74593467707207;94.39000892893064;28.267142111652745;70.97138227360244;48.74593467707207;297.8967576499285;662.4415768230023;-0.971382273602444;1.2540653229279286;71.07144176959991;48.58737111091614;94.31279301643372;27.84655198454857;False;False;False;False;0.16326946249420338;0.1467963016174713;0.2099066882814153;0.23742509882868293
70.99877875556108;48.56710534762904;94.59505945610466;28.247657941351772;70.99877875556108;48.56710534762904;94.59505945610466;28.247657941351772;70.99877875556108;48.56710534762904;298.4216250185383;662.2572662226047;-0.9987787555610764;1.4328946523709618;71.0045474767685;48.805360078811646;94.3078887462616;28.01144003868103;False;False;False;False;0.16263375629497362;0.1483447561206338;0.2109931615316143;0.23843581068919376
71.20184510756117;48.89334335999057;94.45484898833342;28.243790531991973;71.20184510756117;48.89334335999057;94.45484898833342;28.243790531991973;71.20184510756117;48.89334335999057;297.9602016141314;661.717963017863;-1.2018451075611694;1.106656640009433;71.03986489772797;48.63577353954315;94.36767101287842;28.10790680348873;False;False;False;False;0.1632894059099245;0.14968549018239619;0.21111599571654566;0.23791741711087033
71.29092464154185;48.95660070221823;94.3097801256178;28.37447675807228;71.29092464154185;48.95660070221823;94.3097801256178;28.37447675807228;71.29092464154185;48.95660070221823;297.981241148344;661.3795579355601;-1.2909246415418494;1.043399297781768;71.21502423286438;48.9294291138649;94.40868854522704;28.148910403251648;False;False;False;False;0.16196098985203727;0.14912391552819285;0.2104942973993286;0.2388521537898622
71.05849676702996;48.849957878717696;94.2410366945826;28.499911876970465;71.05849676702996;48.849957878717696;94.2410366945826;28.499911876970465;71.05849676702996;48.849957878717696;298.333646701716;661.672290399045;-1.0584967670299648;1.1500421212823042;71.27600693702698;48.99601054191589;94.40115511417387;28.16166363656521;False;False;False;False;0.16188918241781075;0.14872557596857755;0.2087549016310648;0.24071422628105604
70.9152301956006;49.097324345592426;94.171243178571;28.3717004377982;70.9152301956006;49.097324345592426;94.171243178571;28.3717004377982;70.9152301956006;49.097324345592426;297.9922527174708;661.817690639633;-0.9152301956006;0.9026756544075738;71.07951402664185;48.90387099981308;94.35274839401244;28.225714191794395;False;False;False;False;0.16221975221522478;0.14985492651477614;0.20842635707951251;0.24109536850391172
70.71551849461075;49.03143073547378;94.0581641655354;28.744733713771502;70.71551849461075;49.03143073547378;94.0581641655354;28.744733713771502;70.71551849461075;49.03143073547378;298.2443966916291;662.095083348866;-0.7155184946107482;0.9685692645262164;70.94575655460358;49.12156438827515;94.25442695617676;28.288850113749504;False;False;False;False;0.1636971476275919;0.15002887772606677;0.20736402420628883;0.24498155050306827
70.96965479531559;49.20765562315504;94.31834750320618;28.856782764526567;70.96965479531559;49.20765562315504;94.31834750320618;28.856782764526567;70.96965479531559;49.20765562315504;298.0210894848701;661.4914082815081;-0.9696547953155914;0.7923443768449658;70.74407804012299;49.09039890766144;94.17443096637726;28.364457339048386;False;False;False;False;0.1644755550441334;0.15040484249042524;0.2064499474674984;0.2458087950082833
70.84854772191068;49.05853866387295;94.16302071417029;28.986629157653752;70.84854772191068;49.05853866387295;94.16302071417029;28.986629157653752;70.84854772191068;49.05853866387295;298.424969320347;661.6043351222759;-0.848547721910677;0.9414613361270554;70.9940379858017;49.24845612049103;94.17888939380646;28.441527485847477;False;False;False;False;0.16059383097256483;0.15131607315689244;0.20612916011986362;0.2454933110309114
70.79543953554914;49.44139242453904;93.935098080744;29.062126893883367;70.79543953554914;49.44139242453904;93.935098080744;29.062126893883367;70.79543953554914;49.44139242453904;297.7847899771651;661.5974117987442;-0.7954395355491357;0.558607575460961;70.85683727264404;49.1290454864502;94.16965126991272;28.64795923233032;False;False;False;False;0.16057956032070855;0.15408976210134592;0.20563659949584912;0.24365421762034048
70.86524008454398;49.59225522005642;93.86484810717208;29.05159351268269;70.86524008454398;49.59225522005642;93.86484810717208;29.05159351268269;70.86524008454398;49.59225522005642;297.55754539619176;661.3517520960147;-0.8652400845439843;0.4077447799435774;70.80260622501373;49.498364210128784;94.11476016044617;28.74157309532165;False;False;False;False;0.16001320854241277;0.15266461076213714;0.204458061535528;0.24541221915081077
70.93771337416847;49.67429456647938;93.93022216335636;28.749445125128965;70.93771337416847;49.67429456647938;93.93022216335636;28.749445125128965;70.93771337416847;49.67429456647938;297.447832674005;661.0914401721599;-0.9377133741684672;0.3257054335206177;70.86066770553589;49.6233925819397;94.04674291610718;28.806089162826535;False;False;False;False;0.15993895413349749;0.1523906284601395;0.2007919705923069;0.24491885078584172
70.99708469801638;49.8011098671204;93.86568461915464;28.32961484675334;70.99708469801638;49.8011098671204;93.86568461915464;28.32961484675334;70.99708469801638;49.8011098671204;297.23762946385904;660.8476690745749;-0.99708469801638;0.1988901328796046;70.92492771148682;49.68540549278259;93.95084738731384;28.772301003336903;False;False;False;False;0.15917765183731084;0.1514395313731559;0.1998846383158801;0.24846611560026977
71.1930181685053;49.97229229556452;93.7834883012332;28.27401747476881;71.1930181685053;49.97229229556452;93.7834883012332;28.27401747476881;71.1930181685053;49.97229229556452;296.9217832913548;660.3228575071948;-1.1930181685053045;0.0277077044354783;70.99649596214294;49.76349377632141;93.87860774993896;28.59563171863556;False;False;False;False;0.15966173227078675;0.15274237287682685;0.1998778340916928;0.2502410222698951
71.25663233663361;49.73116493460577;93.78094750271252;28.491737620070104;71.25663233663361;49.73116493460577;93.78094750271252;28.491737620070104;71.25663233663361;49.73116493460577;297.40773237386367;660.0365600818042;-1.256632336633615;0.2688350653942279;71.16148459911346;49.91067159175873;93.83364975452425;28.33823211491108;False;False;False;False;0.159919245721608;0.15360697431637285;0.1981000673046151;0.24983034694004325
71.11754164094457;49.73606867181355;93.73363350546587;28.349522380758582;71.11754164094457;49.73606867181355;93.73363350546587;28.349522380758582;71.11754164094457;49.73606867181355;297.433769574834;660.1471904949644;-1.117541640944566;0.2639313281864517;71.23421788215637;49.712066411972046;93.80941033363342;28.19731220602989;False;False;False;False;0.15900951843112232;0.15359279196085324;0.1956579961481413;0.2479287380778214
71.10838058106097;49.645037444711456;93.94759780787014;28.250495841673565;71.10838058106097;49.645037444711456;93.94759780787014;28.250495841673565;71.10838058106097;49.645037444711456;297.6510228727964;660.0165070626057;-1.1083805810609704;0.3549625552885445;71.0824179649353;49.70620667934418;93.77237260341644;28.21826435625553;False;False;False;False;0.15769027389624118;0.15345691035615036;0.1918751064685697;0.24579829197393246
71.22418886688251;49.59277246070904;93.96059750095824;28.074964241097927;71.22418886688251;49.59277246070904;93.96059750095824;28.074964241097927;71.22418886688251;49.59277246070904;297.80288118150634;659.6371064134878;-1.224188866882514;0.4072275392909574;71.08956718444824;49.62416350841522;93.80395531654358;28.25210578739643;False;False;False;False;0.1568210936581999;0.15321681209998628;0.1907148555152514;0.24417405599700537
71.24077727595467;49.56264517891027;94.05074428209396;28.443272823078896;71.24077727595467;49.56264517891027;94.05074428209396;28.443272823078896;71.24077727595467;49.56264517891027;297.91743275034264;659.4407044130925;-1.2407772759546702;0.4373548210897269;71.21829807758331;49.557538866996765;93.83839011192322;28.137653693556786;False;False;False;False;0.15671123836183193;0.15277300081359965;0.19168956633341896;0.24555505560524588
71.2846694668661;49.47984990342172;93.97214562181505;28.54756134178829;71.2846694668661;49.47984990342172;93.97214562181505;28.54756134178829;71.2846694668661;49.47984990342172;298.141337277465;659.1874830611423;-1.2846694668661058;0.520150096578277;71.2236841917038;49.55175518989563;93.89861166477203;28.11754159629345;False;False;False;False;0.15681315180348435;0.1527262152730789;0.19169959116604002;0.24843015124848478
71.33899321991373;49.66058466106559;93.73998853291089;28.534701656792155;71.33899321991373;49.66058466106559;93.73998853291089;28.534701656792155;71.33899321991373;49.66058466106559;297.8492211083877;658.9075462927982;-1.338993219913732;0.3394153389344154;71.27587556838989;49.47324514389038;93.9317548274994;28.189893513917923;False;False;False;False;0.15392068357746624;0.15343569367680415;0.192562703677236;0.2505888939136456
71.16964604419778;49.77286158161449;93.76563179299302;28.429417616862157;71.16964604419778;49.77286158161449;93.76563179299302;28.429417616862157;71.16964604419778;49.77286158161449;297.6699226458145;659.0677082149083;-1.1696460441977763;0.2271384183855076;71.31746757030487;49.62700867652893;93.8695466518402;28.357136994600296;False;False;False;False;0.1545613211764457;0.1525468129875032;0.1927832891107115;0.25041084958482407
71.16350948574126;49.71970827385884;93.94557046181558;28.482864405850822;71.16350948574126;49.71970827385884;93.94557046181558;28.482864405850822;71.16350948574126;49.71970827385884;297.8065143837772;658.9240285259283;-1.1635094857412582;0.2802917261411579;71.13824272155762;49.728795170784;93.81317377090454;28.369618952274323;False;False;False;False;0.15412016094447503;0.14861653437215766;0.19130539310098504;0.250643494381957
70.85626302321434;50.00275944436496;93.69801694025568;28.30194286615155;70.85626302321434;50.00275944436496;93.69801694025568;28.30194286615155;70.85626302321434;50.00275944436496;297.2777842729172;659.3833868528833;-0.8562630232143391;-0.0027594443649547;71.14719998836517;49.680731534957886;93.79544496536256;28.33808541297913;False;False;False;False;0.15622396627575322;0.149038782201857;0.18977683592670408;0.25060157092772306
70.84045840706287;49.93037646030646;93.58930211298106;28.38070698987732;70.84045840706287;49.93037646030646;93.58930211298106;28.38070698987732;70.84045840706287;49.93037646030646;297.4221823151188;659.300827682091;-0.8404584070628687;0.0696235396935378;70.84791111946106;49.93568348884583;93.73953104019164;28.278926834464077;False;False;False;False;0.15474445258308261;0.1481041942598881;0.18980655346585645;0.25020463663640213
70.94333959828785;49.667167293085406;93.3883058198679;28.6362389940033;70.94333959828785;49.667167293085406;93.3883058198679;28.6362389940033;70.94333959828785;49.667167293085406;297.95788378818673;658.9830041786994;-0.9433395982878494;0.3328327069145942;70.79177868366241;49.88659656047821;93.69273722171783;28.25676091015339;False;False;False;False;0.1519034207083317;0.14807796256059538;0.1919429768780719;0.2515571272032743
70.64187773946351;49.86220951179431;93.58674434887756;28.516039815401378;70.64187773946351;49.86220951179431;93.58674434887756;28.516039815401378;70.64187773946351;49.86220951179431;297.6121770450242;659.460149283243;-0.64187773946351;0.1377904882056952;70.91793751716614;49.66126823425293;93.59264552593233;28.253238424658772;False;False;False;False;0.15408075281073297;0.1489613218378575;0.19190081110101356;0.24889650681196718
70.53003513359114;49.92110188263901;93.367031740474;28.54932782501105;70.53003513359114;49.92110188263901;93.367031740474;28.54932782501105;70.53003513359114;49.92110188263901;297.5127643684289;659.5982507963927;-0.5300351335911415;0.0788981173609926;70.62629222869873;49.82158637046814;93.52512001991272;28.33901233971119;False;False;False;False;0.1541010498782642;0.14906545665859697;0.19247435709968877;0.24804265108721757
70.31295662204643;49.95869660765291;93.28447605176576;28.32382715400877;70.31295662204643;49.95869660765291;93.28447605176576;28.32382715400877;70.31295662204643;49.95869660765291;297.4480946673826;659.9617364683367;-0.3129566220464284;0.0413033923470891;70.50127077102661;49.90194594860077;93.45943689346312;28.41142900288105;False;False;False;False;0.15495831168590554;0.14787914437887736;0.19319245175405902;0.24782495244111835
70.28613910970716;49.93588216982006;93.2140793334503;28.41553924273355;70.28613910970716;49.93588216982006;93.2140793334503;28.41553924273355;70.28613910970716;49.93588216982006;297.4992306620279;659.973643943409;-0.2861391097071646;0.0641178301799385;70.31596493721008;49.92188286781311;93.39313745498656;28.33396054804325;False;False;False;False;0.15497567248811742;0.1477022331132394;0.19263031046622495;0.2479297041002385
70.52042942428356;50.150152179781486;92.90829615637048;28.425042134523988;70.52042942428356;50.150152179781486;92.90829615637048;28.425042134523988;70.52042942428356;50.150152179781486;297.07923968612903;659.4669114329619;-0.520429424283563;-0.1501521797814859;70.29443430900574;49.90044903755188;93.35074305534364;28.29700477421284;False;False;False;False;0.15646253999578627;0.149594295436094;0.196608673227102;0.24799625619241564
70.50677160481831;49.75794187201093;92.96129184971126;28.34366479712395;70.50677160481831;49.75794187201093;92.96129184971126;28.34366479712395;70.50677160481831;49.75794187201093;297.8436400110326;659.4248364819879;-0.5067716048183115;0.2420581279890683;70.48074615001678;50.10115265846253;93.18579435348512;28.23522686958313;False;False;False;False;0.15645779097335988;0.15313139835213163;0.1963844799911567;0.24721549505249502
70.42360330710528;49.43170824992488;93.04148574760303;28.4991782627378;70.42360330710528;49.43170824992488;93.04148574760303;28.4991782627378;70.42360330710528;49.43170824992488;298.5283816722699;659.5236035301049;-0.4236033071052816;0.5682917500751259;70.4713636636734;49.73113214969635;93.08304071426392;28.26361984014511;False;False;False;False;0.15626808943761408;0.15497604821521463;0.19576375147552755;0.24731389154232486
70.44669494853417;49.4675499906795;93.1433219075976;28.18798347048864;70.44669494853417;49.4675499906795;93.1433219075976;28.18798347048864;70.44669494853417;49.4675499906795;298.532470424104;659.4209398062998;-0.4466949485341729;0.5324500093204989;70.40069079399109;49.42713475227356;93.0403184890747;28.274675756692886;False;False;False;False;0.1553869995095217;0.15492784749566363;0.19407815366552436;0.24743403976705636
70.39218812431109;49.49463622352143;93.51101988645492;28.26906658411532;70.39218812431109;49.49463622352143;93.51101988645492;28.26906658411532;70.39218812431109;49.49463622352143;298.54929129299626;659.4703941282747;-0.3921881243110903;0.5053637764785748;70.4440735578537;49.46390759944916;93.04214119911194;28.2528392970562;False;False;False;False;0.15545846620355425;0.15493971933965328;0.195596765575346;0.24742509756257
70.48322996265627;49.50307440909012;93.70338867828026;28.239977464291247;70.48322996265627;49.50307440909012;93.70338867828026;28.239977464291247;70.48322996265627;49.50307440909012;298.5997967587227;659.2360187016762;-0.4832299626562673;0.496925590909882;70.3950868844986;49.47188305854797;93.1999695301056;28.237547054886814;False;False;False;False;0.15545864108124138;0.15484725316927708;0.20132695959758246;0.24730824926665543
70.52688236761328;49.34949994471887;93.63001028417402;28.324259229253297;70.52688236761328;49.34949994471887;93.63001028417402;28.324259229253297;70.52688236761328;49.34949994471887;298.97320243291983;659.0842832300747;-0.5268823676132826;0.6505000552811282;70.51414489746094;49.49264967441559;93.37592005729675;28.140326291322708;False;False;False;False;0.15297340073268043;0.15486148797788654;0.20150880076279923;0.24711263151735438
70.30839364083717;49.32764895285985;93.58310885564158;28.086437810604657;70.30839364083717;49.32764895285985;93.58310885564158;28.086437810604657;70.30839364083717;49.32764895285985;299.103637757342;659.4510097012785;-0.308393640837167;0.6723510471401468;70.54093372821808;49.33920764923096;93.5021722316742;28.1755355745554;False;False;False;False;0.15444006725269888;0.15480030925723556;0.20017848108695555;0.2470252323320739
70.1387884062164;49.50339785799577;93.69893344176845;28.36021697962336;70.1387884062164;49.50339785799577;93.69893344176845;28.36021697962336;70.1387884062164;49.50339785799577;298.8417867533556;659.7491010184084;-0.1387884062164062;0.4966021420042281;70.31018126010895;49.333216547966;93.58672499656676;28.15533332526684;False;False;False;False;0.15439863111776136;0.1555224539627524;0.20038787188931256;0.24767249098462543
69.94805622379882;49.42167683685982;93.67284335839427;28.61936344348948;69.94805622379882;49.42167683685982;93.67284335839427;28.61936344348948;69.94805622379882;49.42167683685982;299.0714424145614;660.1120602624147;0.0519437762011847;0.5783231631401833;70.15402543544769;49.50798177719116;93.62196624279022;28.162552043795586;False;False;False;False;0.15398683450561598;0.14971295003861254;0.2002444393138339;0.2513674290925647
70.05326994791751;49.5507586567516;93.7224051975303;28.742782617513974;70.05326994791751;49.5507586567516;93.7224051975303;28.742782617513974;70.05326994791751;49.5507586567516;298.8903885298632;659.9085586510041;-0.0532699479175136;0.4492413432483957;70.00354611873627;49.44915282726288;93.6354660987854;28.19986268877983;False;False;False;False;0.15405428553187853;0.14956631369781545;0.1999097012695719;0.2565910054746574
69.88664958807617;49.45565910538575;93.77218003259148;28.781986719364788;69.88664958807617;49.45565910538575;93.77218003259148;28.781986719364788;69.88664958807617;49.45565910538575;299.1404864783613;660.2346967109645;0.1133504119238324;0.5443408946142512;70.09363734722137;49.55576193332672;93.66142988204956;28.40772457420826;False;False;False;False;0.15318939226353048;0.14910619138175388;0.1988639663895657;0.259059527391687
70.04267066728185;49.58224737037108;93.96755719715196;28.85942874584615;70.04267066728185;49.58224737037108;93.96755719715196;28.85942874584615;70.04267066728185;49.58224737037108;298.95988873433924;659.9377679408096;-0.0426706672818539;0.4177526296289215;69.95800960063934;49.48538291454315;93.71402621269226;28.55328567326069;False;False;False;False;0.15304315343330416;0.14812698164103053;0.20032584117740385;0.26011883436687105
70.05566938896966;49.37082588530826;94.06306492060855;28.73226743922604;70.05566938896966;49.37082588530826;94.06306492060855;28.73226743922604;70.05566938896966;49.37082588530826;299.43843205508205;659.9060810751298;-0.0556693889696617;0.629174114691736;70.09757840633392;49.61990094184876;93.78147959709167;28.62622521817684;False;False;False;False;0.1530824903294106;0.14874669049783884;0.20122264785254648;0.25896242362831434
69.78938027407952;49.46893140054298;94.01838533072925;28.54790398203918;69.78938027407952;49.46893140054298;94.01838533072925;28.54790398203918;69.78938027407952;49.46893140054298;299.3261109065715;660.4312367197141;0.2106197259204805;0.5310685994570221;70.10450983047485;49.400899052619934;93.86837959289552;28.641960844397545;False;False;False;False;0.15596463707978014;0.14888462983480755;0.2003640223348805;0.2588603679957315
69.86865175414216;49.623643930373895;93.54593381621196;28.476845778024472;69.86865175414216;49.623643930373895;93.54593381621196;28.476845778024472;69.86865175414216;49.623643930373895;299.0874949935039;660.3007763897116;0.1313482458578363;0.3763560696261052;69.85421454906464;49.50289988517761;93.92966985702516;28.60947497189045;False;False;False;False;0.15580725169383636;0.14926112698020055;0.20365889422666447;0.2586584365371739
70.04174962520537;49.59580344280019;93.5408711239587;28.523136180628185;70.04174962520537;49.59580344280019;93.5408711239587;28.523136180628185;70.04174962520537;49.59580344280019;299.1933567779348;659.9720937470329;-0.0417496252053695;0.4041965571998105;69.92835831642151;49.62547028064728;93.84974598884584;28.49431231617928;False;False;False;False;0.15588233697933634;0.14854217893794036;0.20535624097842087;0.2572919052320064
70.09579029164715;49.4052978249447;93.61490071655844;28.598538672516952;70.09579029164715;49.4052978249447;93.61490071655844;28.598538672516952;70.09579029164715;49.4052978249447;299.6282608879391;659.8584457974553;-0.0957902916471482;0.5947021750553034;70.08403706550598;49.59898567199707;93.74047517776488;28.404491394758224;False;False;False;False;0.15586841570135143;0.14959047326903468;0.20553574619451348;0.2524056004584037
69.92340231484611;49.34422003269293;93.58257524425882;28.3027216150255;69.92340231484611;49.34422003269293;93.58257524425882;28.3027216150255;69.92340231484611;49.34422003269293;299.8297100957833;660.190449712171;0.0765976851538852;0.655779967307069;70.14174246788025;49.416338324546814;93.64371418952942;28.406830430030823;False;False;False;False;0.15663131016547224;0.1489237314928725;0.20549429760153162;0.2453585619290578
69.96494077840376;49.32194465039407;93.72331310497304;28.246910550073192;69.96494077840376;49.32194465039407;93.72331310497304;28.246910550073192;69.96494077840376;49.32194465039407;299.9616981893554;660.1175858097429;0.0350592215962421;0.678055349605934;69.95671319961548;49.35431504249573;93.56444597244264;28.403343185782436;False;False;False;False;0.15396599469318462;0.14800923576209193;0.20557492074371136;0.24419883223574884
70.30531371235517;49.25543408195716;93.69594612183704;28.480956443224617;70.30531371235517;49.25543408195716;93.69594612183704;28.480956443224617;70.30531371235517;49.25543408195716;300.1851267061767;659.4415145047195;-0.3053137123551721;0.744565918042845;70.00880432128906;49.32604658603668;93.61945509910583;28.341412842273712;False;False;False;False;0.1553894364364698;0.14807776258871283;0.20485844743504222;0.24323013231175628
70.7323835203777;49.043103945968;93.74658577379913;28.604901772356023;70.7323835203777;49.043103945968;93.74658577379913;28.604901772356023;70.7323835203777;49.043103945968;300.709062433894;658.5466663936938;-0.7323835203776952;0.9568960540320006;70.3386709690094;49.27729845046997;93.6500871181488;28.256421610713005;False;False;False;False;0.15981415174212088;0.14893627820174318;0.20360857673237023;0.24534868619816827
70.6125712962193;49.06364214520688;93.51918708230112;28.838406710934823;70.6125712962193;49.06364214520688;93.51918708230112;28.838406710934823;70.6125712962193;49.06364214520688;300.79557217595385;658.6886397059602;-0.6125712962193006;0.9363578547931226;70.73313641548157;49.08801007270813;93.66122663021088;28.331611678004265;False;False;False;False;0.1591741657856487;0.14878093435841844;0.20359078201433062;0.25005452878370504
70.59404193157117;48.976377369187226;93.28314934172307;28.957435938236134;70.59404193157117;48.976377369187226;93.28314934172307;28.957435938236134;70.59404193157117;48.976377369187226;301.0949494419656;658.6440222624273;-0.5940419315711694;1.023622630812774;70.62766468524933;49.10002684593201;93.6308765411377;28.50498877465725;False;False;False;False;0.1591924935685368;0.14865077571508353;0.2059386322946821;0.25240567268219594
70.56951871613602;48.98137085435161;93.34992248383816;28.791649193155948;70.56951871613602;48.98137085435161;93.34992248383816;28.791649193155948;70.56951871613602;48.98137085435161;301.2214454890785;658.6138631024214;-0.5695187161360167;1.01862914564839;70.59359526634216;49.02617692947388;93.50256562232973;28.655300065875053;False;False;False;False;0.15791826008431595;0.148587688774799;0.20624320562740256;0.2515062151693379
70.70590466206966;49.03612106047558;93.12382882000232;28.82148276335983;70.70590466206966;49.03612106047558;93.12382882000232;28.82148276335983;70.70590466206966;49.03612106047558;301.2477622962504;658.265155381736;-0.7059046620696563;0.9638789395244204;70.6072506904602;49.03139364719391;93.42631340026855;28.75412799417973;False;False;False;False;0.15819745318559497;0.14721842244032696;0.20808827602464894;0.2509965062930527
70.92396339154978;49.06699713234869;93.21796010966582;28.963813705679616;70.92396339154978;49.06699713234869;93.21796010966582;28.963813705679616;70.92396339154978;49.06699713234869;301.3145273444407;657.7349173011664;-0.9239633915497762;0.9330028676513108;70.68458533287048;49.065483808517456;93.2762610912323;28.75840611755848;False;False;False;False;0.15869145606180668;0.14695735903455234;0.20704770063338007;0.2517575133210303
70.90446284603632;48.90480178748901;93.3785521286046;28.888202867852005;70.90446284603632;48.90480178748901;93.3785521286046;28.888202867852005;70.90446284603632;48.90480178748901;301.7633184165136;657.6507232733201;-0.9044628460363242;1.0951982125109865;70.92863714694977;49.09311616420746;93.20067763328552;28.73068191111088;False;False;False;False;0.15492690200739295;0.14800389977087863;0.2065083303660563;0.25219608014162187
70.9099149929794;48.89338479267648;93.25551321655276;28.99810488179356;70.9099149929794;48.89338479267648;93.25551321655276;28.99810488179356;70.9099149929794;48.89338479267648;301.93217883447346;657.5192239332957;-0.9099149929793952;1.1066152073235216;70.89234137535095;48.94710338115692;93.221435546875;28.780787587165836;False;False;False;False;0.15493397046736906;0.14643587753195222;0.20652811599843596;0.25303077612383945
70.76574012833221;49.00365188330634;93.07371753999104;29.11282619715596;70.76574012833221;49.00365188330634;93.07371753999104;29.11282619715596;70.76574012833221;49.00365188330634;301.8591933475236;657.6862516635261;-0.7657401283322116;0.9963481166936604;70.91529285907745;48.93861973285675;93.20467710494997;28.83557051420212;False;False;False;False;0.1544502818828861;0.1461115744892289;0.20629517175858286;0.2541739399629676
70.54973875535754;49.187876851023965;93.11333689101524;29.297167067987253;70.54973875535754;49.187876851023965;93.11333689101524;29.297167067987253;70.54973875535754;49.187876851023965;301.62358982764744;658.0161557256979;-0.5497387553575379;0.8121231489760348;70.77355301380157;49.04951906204224;93.17580878734589;28.86452980339527;False;False;False;False;0.1558841923934947;0.14333588664647265;0.2059918160885274;0.25385735042231694
70.61508999716236;49.399351953574495;92.8919502202785;29.304353927488464;70.61508999716236;49.399351953574495;92.8919502202785;29.304353927488464;70.61508999716236;49.399351953574495;301.3089227090765;657.8121547413739;-0.6150899971623573;0.6006480464255048;70.5833865404129;49.24988043308258;93.15091371536256;28.971341103315357;False;False;False;False;0.15589342785897414;0.14360953774194518;0.2045867684705724;0.25414045247685707
70.33755143811355;49.47881089890458;92.92547864278993;29.441337419065693;70.33755143811355;49.47881089890458;92.92547864278993;29.441337419065693;70.33755143811355;49.47881089890458;301.23009122460644;658.2852198598498;-0.3375514381135502;0.5211891010954233;70.6118313074112;49.43126940727234;93.04325580596924;29.07055914402008;False;False;False;False;0.1577751752193577;0.14367074629202728;0.20467107399255702;0.25628976060741687
70.17929501859695;49.053853605281454;93.08544748102108;29.447372488644827;70.17929501859695;49.053853605281454;93.08544748102108;29.447372488644827;70.17929501859695;49.053853605281454;302.1494976919988;658.5567258404678;-0.1792950185969459;0.9461463947185464;70.34146082401276;49.52125692367554;92.9774808883667;29.160353019833565;False;False;False;False;0.15597658210833448;0.1503814840788266;0.20471887463491792;0.2576329506216866
70.1447410590888;49.03591398300886;93.27165555151988;29.38207187570162;70.1447410590888;49.03591398300886;93.27165555151988;29.38207187570162;70.1447410590888;49.03591398300886;302.3115297891731;658.6019277570045;-0.1447410590888012;0.9640860169911392;70.22754693031311;49.13573145866394;93.0023956298828;29.20630432665348;False;False;False;False;0.15610079297787355;0.15062613823354293;0.2062546859802109;0.25467009302725035
70.20619267854985;49.28348361686282;93.23501496289306;29.45798150835981;70.20619267854985;49.28348361686282;93.23501496289306;29.45798150835981;70.20619267854985;49.28348361686282;301.9449353237307;658.4597257102039;-0.2061926785498542;0.7165163831371828;70.20510017871857;49.10761511325836;93.05879473686218;29.2569836974144;False;False;False;False;0.1560496955487749;0.14968968397736135;0.2068981288636063;0.2553785582147093
69.92086586055579;49.32788093774258;93.307350663334;29.55655790581877;69.92086586055579;49.32788093774258;93.307350663334;29.55655790581877;69.92086586055579;49.32788093774258;301.9516761997228;659.0028869890521;0.0791341394442071;0.6721190622574227;70.26982688903809;49.34700334072113;93.14461946487428;29.26175765693188;False;False;False;False;0.15952934698530433;0.1485556088334119;0.20270874527564117;0.2569144486885638
69.95231862313291;49.3812832582017;93.10195510438348;29.64530487969913;69.95231862313291;49.3812832582017;93.10195510438348;29.64530487969913;69.95231862313291;49.3812832582017;301.9344874337722;658.9505326824903;0.0476813768670894;0.6187167417983019;69.98178732395172;49.41229009628296;93.23229312896729;29.278350546956062;False;False;False;False;0.15876606575365249;0.14792103392072659;0.20129840302422725;0.25906868059961863
69.95758699006974;49.41001024392227;93.20731581678189;29.27634078845201;69.95758699006974;49.41001024392227;93.20731581678189;29.27634078845201;69.95758699006974;49.41001024392227;301.9595290279041;658.9463534655323;0.0424130099302573;0.5899897560777276;70.00181066989899;49.44139516353607;93.22626113891602;29.34960015118122;False;False;False;False;0.15571584796144544;0.14738659837287046;0.2010774807164236;0.2591389817006493
69.98931127275195;49.35000019359595;93.22369944576413;29.338099828561575;69.98931127275195;49.35000019359595;93.22369944576413;29.338099828561575;69.98931127275195;49.35000019359595;302.15821442936715;658.8885599681586;0.010688727248052;0.6499998064040469;70.00538527965546;49.4493567943573;93.21703612804411;29.34663988649845;False;False;False;False;0.15498568334447654;0.1476712768848672;0.20101835479067612;0.25894014241306357
69.95757577801793;49.48677877779943;93.11712449033456;29.348562794688167;69.95757577801793;49.48677877779943;93.11712449033456;29.348562794688167;69.95757577801793;49.48677877779943;301.97132390181406;658.9534561212597;0.042424221982074;0.5132212222005705;70.02182364463806;49.39985156059265;93.20623755455016;29.28742967545986;False;False;False;False;0.15495890902849563;0.147554414581769;0.2011925412774414;0.25868084065493774
70.05666231351829;49.74987409906963;93.2043765156228;29.37481653596876;70.05666231351829;49.74987409906963;93.2043765156228;29.37481653596876;70.05666231351829;49.74987409906963;301.5135627555671;658.76093961319;-0.0566623135182879;0.2501259009303709;69.99410831928253;49.5307742357254;93.16017150878906;29.163626357913017;False;False;False;False;0.15421747146221182;0.148722636911169;0.2011676750686301;0.2593916967708539
70.25422681739596;49.78134542607045;93.22181018275823;29.21855234618272;70.25422681739596;49.78134542607045;93.22181018275823;29.21855234618272;70.25422681739596;49.78134542607045;301.4839702216895;658.3582556302989;-0.2542268173959598;0.2186545739295482;70.10951220989227;49.763524889945984;93.17531704902648;29.191613644361496;False;False;False;False;0.15193266969945865;0.14864798267548135;0.20119222090353606;0.2591873768916007
70.1504556368387;49.93374652669987;93.21149913839962;29.63234203580114;70.1504556368387;49.93374652669987;93.21149913839962;29.63234203580114;70.1504556368387;49.93374652669987;301.20832196362124;658.5319010824273;-0.1504556368387;0.0662534733001294;70.26776993274689;49.80568039417267;93.17501544952393;29.16890762746334;False;False;False;False;0.1523274336181731;0.14877464194902415;0.1997513694761776;0.2626820261100702
70.00102959532573;50.32160982609851;93.48308997830192;29.459481201378622;70.00102959532573;50.32160982609851;93.48308997830192;29.459481201378622;70.00102959532573;50.32160982609851;300.441429161264;658.8106924138748;-0.0010295953257326;-0.3216098260985092;70.18389451503754;49.9592399597168;93.17613005638124;29.19789232313633;False;False;False;False;0.15328312475619046;0.15262700813690558;0.19920956011362756;0.2638632091429111
69.95131911669483;50.43284412629266;93.48355012065733;29.463326737183213;69.95131911669483;50.43284412629266;93.48355012065733;29.463326737183213;69.95131911669483;50.43284412629266;300.17607925072923;658.9099760917599;0.0486808833051668;-0.4328441262926574;70.0539813041687;50.32108104228973;93.26404631137848;29.22355204820633;False;False;False;False;0.1535487144994464;0.15197639833867263;0.19878331059738855;0.26482986338945336
69.76467168092512;50.3721358952561;93.63338681533996;29.62014586685023;69.76467168092512;50.3721358952561;93.63338681533996;29.62014586685023;69.76467168092512;50.3721358952561;300.23978316263;659.2897617477399;0.2353283190748811;-0.3721358952561004;70.00976538658142;50.43069779872894;93.33500742912292;29.317700266838077;False;False;False;False;0.15416531876725637;0.15207890146454542;0.20053410569801708;0.2659712954678348
69.68724161605373;50.3284190100113;93.8329207711664;29.494714907508275;69.68724161605373;50.3284190100113;93.8329207711664;29.494714907508275;69.68724161605373;50.3284190100113;300.2775988137521;659.4759989866927;0.3127583839462744;-0.3284190100113022;69.83273923397064;50.36391758918762;93.44148516654968;29.27503377199173;False;False;False;False;0.1538207069500068;0.15209874451593072;0.20393173545172336;0.2642214133611245
69.80923658500754;50.1667664670284;93.9105650028432;29.54423631632433;69.80923658500754;50.1667664670284;93.9105650028432;29.54423631632433;69.80923658500754;50.1667664670284;300.55711469838303;659.2737101666446;0.1907634149924604;-0.1667664670284026;69.75554287433624;50.3375608921051;93.593111038208;29.295185208320618;False;False;False;False;0.15383709272043802;0.15295890622878347;0.20583625207444847;0.26255000637082093
69.92300785650659;50.07254345119991;93.93194420549192;29.50775134749402;69.92300785650659;50.07254345119991;93.93194420549192;29.50775134749402;69.92300785650659;50.07254345119991;300.7233252011029;659.0716027456455;0.0769921434934133;-0.0725434511999125;69.88396263122559;50.17778551578522;93.69781851768494;29.332383573055267;False;False;False;False;0.15209642585936928;0.15323729191486285;0.20702046198641894;0.26209869860469986
69.88478331304857;50.25040525499879;94.14744748933236;29.3965914932473;69.88478331304857;50.25040525499879;94.14744748933236;29.3965914932473;69.88478331304857;50.25040525499879;300.3579291333452;659.158317451694;0.1152166869514275;-0.2504052549987889;70.0127557516098;50.095600605010986;93.78709197044373;29.29203562438488;False;False;False;False;0.15161558618866885;0.15260639463651443;0.20857753532038076;0.26228485716401423
69.7096465703705;50.615379428226944;94.2368138460458;29.407437157043425;69.7096465703705;50.615379428226944;94.2368138460458;29.407437157043425;69.7096465703705;50.615379428226944;299.5945934195557;659.5239531619769;0.2903534296295049;-0.6153794282269445;69.95411694049835;50.24982392787933;93.8963496685028;29.29136276245117;False;False;False;False;0.15339520233425014;0.15616814067365914;0.205488000701952;0.26200882856242497
69.86998063443278;50.59369720738284;94.24368580406238;29.5312260524376;69.86998063443278;50.59369720738284;94.24368580406238;29.5312260524376;69.86998063443278;50.59369720738284;299.55590727081363;659.2419988244696;0.1300193655672217;-0.5936972073828386;69.7795695066452;50.59752905368805;93.9923107624054;29.23334419727325;False;False;False;False;0.15285564767399698;0.15549235534700323;0.20402535277347164;0.26187683325381894
69.98658303001228;50.65715806366783;93.7590959985516;29.46193968359124;69.98658303001228;50.65715806366783;93.7590959985516;29.46193968359124;69.98658303001228;50.65715806366783;299.3498259305926;659.0261299487196;0.0134169699877162;-0.6571580636678291;69.94977140426636;50.57186377048493;94.06430125236513;29.202470406889915;False;False;False;False;0.1524368266924972;0.15499090658524034;0.20587096576506944;0.2622612103795702
70.09151018594483;50.50085517724206;93.57374984222844;29.366302385629933;70.09151018594483;50.50085517724206;93.57374984222844;29.366302385629933;70.09151018594483;50.50085517724206;299.57481062828845;658.8180645661862;-0.091510185944827;-0.5008551772420589;70.03279983997345;50.64119184017181;94.00358140468596;29.22440685331821;False;False;False;False;0.1515663547773825;0.15444096532503132;0.20983560650158795;0.2624756730273718
70.22484669460779;50.358773952963226;93.34747602440616;29.274130893241068;70.22484669460779;50.358773952963226;93.34747602440616;29.274130893241068;70.22484669460779;50.358773952963226;299.7921923865472;658.5391901907343;-0.2248466946077911;-0.3587739529632259;70.14219880104065;50.47241771221161;93.85683357715608;29.23083633184433;False;False;False;False;0.1508534170306139;0.15473884529328483;0.2134719458774133;0.2623989024310934
70.46506380378176;50.48534340599685;93.10402227413256;29.412237310625635;70.46506380378176;50.48534340599685;93.10402227413256;29.412237310625635;70.46506380378176;50.48534340599685;299.4912169534182;658.0287764131053;-0.46506380378176;-0.4853434059968435;70.23663556575775;50.333194613456726;93.64869058132172;29.162701070308685;False;False;False;False;0.15238048295830223;0.15528354977440734;0.21767560642183273;0.26347271359605756
70.59219902543111;50.33427555990284;93.223092117365;29.397931979307184;70.59219902543111;50.33427555990284;93.223092117365;29.397931979307184;70.59219902543111;50.33427555990284;299.7286401914733;657.7124974626357;-0.592199025431114;-0.3342755599028422;70.45607650279999;50.43598020076752;93.39064598083496;29.123542308807373;False;False;False;False;0.15266324828637312;0.15524839943095478;0.21815454129538178;0.2619075957918647
70.42922227746381;50.29849964641178;93.18047806019314;29.159055448081705;70.42922227746381;50.29849964641178;93.18047806019314;29.159055448081705;70.42922227746381;50.29849964641178;299.7556219438017;657.9594910885129;-0.4292222774638077;-0.2984996464117841;70.56737685203552;50.29985809326172;93.26236128807068;29.12877358496189;False;False;False;False;0.15205349285365957;0.15288430655353885;0.21803369431732314;0.2573062323394873
69.96375512396136;50.4401088384983;93.21794432809703;29.007766354402847;69.96375512396136;50.4401088384983;93.21794432809703;29.007766354402847;69.96375512396136;50.4401088384983;299.4326036067738;658.8331957585226;0.0362448760386371;-0.4401088384982969;70.43166267871857;50.266186237335205;93.17145526409148;29.134372025728226;False;False;False;False;0.15846305910062555;0.15269863284660826;0.21778016183487806;0.2519910420752358
70.00296488093178;50.65338829089386;93.21011969091398;28.97044189645461;70.00296488093178;50.65338829089386;93.21011969091398;28.97044189645461;70.00296488093178;50.65338829089386;298.94736352351623;658.7596088947203;-0.0029648809317848;-0.653388290893858;69.96573615074158;50.40000593662262;93.15362811088562;29.03540641069412;False;False;False;False;0.15789461838500618;0.1544388349078312;0.21701124667398036;0.2486484290040945
70.08490472494871;50.62929981510311;93.4840364989375;29.0432132076252;70.08490472494871;50.62929981510311;93.4840364989375;29.0432132076252;70.08490472494871;50.62929981510311;298.9084220363119;658.5953338892289;-0.0849047249487142;-0.62929981510311;70.02735841274261;50.58040273189545;93.17856907844543;28.88542540371418;False;False;False;False;0.15796024259375369;0.15409019848887032;0.2187436821139613;0.2480872271511163
70.0445166288465;50.63590179812656;93.5560095586967;29.142931271866885;70.0445166288465;50.63590179812656;93.5560095586967;29.142931271866885;70.0445166288465;50.63590179812656;298.81131142825126;658.6647894514401;-0.0445166288464946;-0.6359017981265538;70.11430025100708;50.5852564573288;93.25053334236144;28.81317839026451;False;False;False;False;0.15748713993806515;0.1541568043241786;0.22058236166089784;0.2496543906485455
70.04712276186487;50.59306856758428;93.2410305451905;29.066997493999423;70.04712276186487;50.59306856758428;93.2410305451905;29.066997493999423;70.04712276186487;50.59306856758428;298.81219098291893;658.6536416348905;-0.0471227618648697;-0.5930685675842824;70.07582652568817;50.591745376586914;93.34305882453918;28.834246918559074;False;False;False;False;0.15602773981809567;0.1533654709799026;0.22059937073290753;0.2505941599943264
70.15893054051668;50.50843440923921;93.17099223338144;29.200556329152604;70.15893054051668;50.50843440923921;93.17099223338144;29.200556329152604;70.15893054051668;50.50843440923921;298.90238349059786;658.4237430426716;-0.1589305405166783;-0.5084344092392072;70.05354917049408;50.53284728527069;93.34847450256348;28.881656229496;False;False;False;False;0.1557560944578237;0.1524427786130315;0.22010051030908778;0.2523377574258628
70.13894975432521;50.60085823222887;93.3670372781622;29.31601156055776;70.13894975432521;50.60085823222887;93.3670372781622;29.31601156055776;70.13894975432521;50.60085823222887;298.6497445900533;658.442513876319;-0.1389497543252105;-0.6008582322288731;70.1485425233841;50.45866549015045;93.31921935081482;28.922799974679947;False;False;False;False;0.15412106339508316;0.15298266312151154;0.2162774716671476;0.2542190868802784
70.13310534442246;50.69461108603812;93.29582402415224;29.23347027522172;70.13310534442246;50.69461108603812;93.29582402415224;29.23347027522172;70.13310534442246;50.69461108603812;298.38212445147093;658.4356760622145;-0.1331053444224608;-0.6946110860381154;70.14175975322723;50.57188105583191;93.29753041267396;28.94469298422337;False;False;False;False;0.15334541564894918;0.15318451399588834;0.21225025280723453;0.25508000583321744
70.26553799486422;50.54000912858377;93.27886468112284;29.3707733830868;70.26553799486422;50.54000912858377;93.27886468112284;29.3707733830868;70.26553799486422;50.54000912858377;298.5987135549079;658.1530633820746;-0.2655379948642178;-0.5400091285837689;70.14959692955017;50.64541292190552;93.26076805591585;29.014623910188675;False;False;False;False;0.15175514822055466;0.15332410054663265;0.21058450175843013;0.2566344998738556
70.31390969246175;50.50179281370679;93.32058003304714;29.33104549516205;70.31390969246175;50.50179281370679;93.32058003304714;29.33104549516205;70.31390969246175;50.50179281370679;298.6031449675173;658.0209149208977;-0.313909692461749;-0.5017928137067855;70.27044570446014;50.489391922950745;93.25581789016724;29.05596926808357;False;False;False;False;0.15128091952620165;0.1530369088304977;0.210009443801564;0.25791155778650043
70.2602914300826;50.500604933957696;93.34439614096694;29.077556687106057;70.2602914300826;50.500604933957696;93.34439614096694;29.077556687106057;70.2602914300826;50.500604933957696;298.5386150185213;658.0862968199943;-0.2602914300826029;-0.5006049339576961;70.32854521274567;50.46067404747009;93.2797622680664;29.064498469233516;False;False;False;False;0.1514060193940344;0.15180713416639652;0.20973247758703237;0.25791367480854804
70.37688658548518;50.64687489877917;93.32882253433198;28.90168623241569;70.37688658548518;50.64687489877917;93.32882253433198;28.90168623241569;70.37688658548518;50.64687489877917;298.17932776435066;657.8184009851782;-0.376886585485181;-0.646874898779167;70.27446627616882;50.44828736782074;93.28342735767365;29.062020108103752;False;False;False;False;0.15161417779709965;0.15255865388292755;0.20790413371037142;0.2582303141860613
70.39871038206047;50.47376054376165;93.50132155274036;29.02555839422985;70.39871038206047;50.47376054376165;93.50132155274036;29.02555839422985;70.39871038206047;50.47376054376165;298.4393064878818;657.7245018472962;-0.3987103820604716;-0.4737605437616494;70.36865758895874;50.56814742088318;93.28314542770386;28.930591568350792;False;False;False;False;0.1516182496610089;0.15275516650694765;0.20761480479805827;0.2583015804511358
70.45818322015685;50.53438349168271;93.58077460413264;29.0856701470814;70.45818322015685;50.53438349168271;93.58077460413264;29.0856701470814;70.45818322015685;50.53438349168271;298.25489251953815;657.5523947868287;-0.4581832201568545;-0.5343834916827106;70.42062425613403;50.41442537307739;93.3267593383789;28.80396157503128;False;False;False;False;0.1489462532438402;0.15180693301384934;0.2083447770063513;0.2576822328027709
70.42811820273572;50.76163502736315;93.75489560680444;29.252699779753208;70.42811820273572;50.76163502736315;93.75489560680444;29.252699779753208;70.42811820273572;50.76163502736315;297.7291383159529;657.5514337256501;-0.4281182027357175;-0.7616350273631483;70.47294354438782;50.46992862224579;93.39211463928224;28.777099549770355;False;False;False;False;0.14826340881742417;0.1538101792668274;0.2111200665699364;0.2613223248547163
70.45021262459885;50.61615074983068;94.0802509231234;28.964827023197294;70.45021262459885;50.61615074983068;94.0802509231234;28.964827023197294;70.45021262459885;50.61615074983068;297.9185555340361;657.4501624548924;-0.4502126245988478;-0.6161507498306804;70.44449186325073;50.689984917640686;93.4812831878662;28.871809989213943;False;False;False;False;0.14795879619691166;0.15379448960569364;0.21860401538587956;0.260902282737463
70.19196885948713;50.62250975730045;93.9934058388136;28.71863521562512;70.19196885948713;50.62250975730045;93.9934058388136;28.71863521562512;70.19196885948713;50.62250975730045;297.8236840857858;657.9066216351694;-0.1919688594871331;-0.622509757300449;70.4479489326477;50.546409368515015;93.65632236003876;28.88651706278324;False;False;False;False;0.14942040070443655;0.1539432957197617;0.22059925694408852;0.2603533912190095
70.17957744558005;50.47608912390239;93.6803897378542;28.772461107970404;70.17957744558005;50.47608912390239;93.6803897378542;28.772461107970404;70.17957744558005;50.47608912390239;298.03352405160854;657.9058086150519;-0.1795774455800511;-0.4760891239023905;70.21595537662506;50.54027998447418;93.78489553928377;28.821060955524445;False;False;False;False;0.14817915671390886;0.15380355550660946;0.22081234558376522;0.2600282267467197
70.43589368236704;50.58001015698427;93.48942226960509;28.634566675847704;70.43589368236704;50.58001015698427;93.48942226960509;28.634566675847704;70.43589368236704;50.58001015698427;297.7622034355911;657.3692324820672;-0.4358936823670376;-0.5800101569842724;70.20388329029083;50.40945410728455;93.79715621471404;28.648593574762344;False;False;False;False;0.149820315999028;0.15433765768737562;0.22273853528706797;0.26001036684840234
70.78171728331839;50.43222596003685;93.17604371618494;28.696186302695228;70.78171728331839;50.43222596003685;93.17604371618494;28.696186302695228;70.78171728331839;50.43222596003685;297.98043714188805;656.6194661225156;-0.7817172833183861;-0.4322259600368525;70.42399835586548;50.49783408641815;93.707554936409;28.545610457658768;False;False;False;False;0.15270544671265576;0.1534700710903119;0.22775998202265543;0.2598281443400722
71.0086320795799;50.3760807414589;93.08776692267612;28.73260504596831;71.0086320795799;50.3760807414589;93.08776692267612;28.73260504596831;71.0086320795799;50.3760807414589;298.03509745103906;656.0614075588835;-1.0086320795798969;-0.3760807414588996;70.73820793628693;50.3552680015564;93.47663462162018;28.53520035743713;False;False;False;False;0.15364623477179495;0.15061015296582209;0.23074007860876836;0.2584017180542557
70.87575867763108;50.36373560864258;92.8590395505227;28.5176488466421;70.87575867763108;50.36373560864258;92.8590395505227;28.5176488466421;70.87575867763108;50.36373560864258;298.0096436178105;656.1926700855038;-0.8757586776310831;-0.3637356086425782;70.94783079624176;50.29761099815369;93.25729966163637;28.502371907234192;False;False;False;False;0.15350364781251088;0.14998200070805273;0.23372783405575512;0.2552751919388027
70.55966942651705;50.13255489175172;92.91174164107112;28.50887587042893;70.55966942651705;50.13255489175172;92.91174164107112;28.50887587042893;70.55966942651705;50.13255489175172;298.4235069704399;656.7080807640477;-0.559669426517047;-0.1325548917517167;70.80454909801483;50.26394951343536;93.07282567024232;28.506127148866653;False;False;False;False;0.15526819798074631;0.1487800478033208;0.23262607712076683;0.2542798253903694
70.62499607560873;50.07365298357601;92.69862671629348;28.445866184897504;70.62499607560873;50.07365298357601;92.69862671629348;28.445866184897504;70.62499607560873;50.07365298357601;298.5236368012244;656.502804875662;-0.6249960756087347;-0.0736529835760109;70.53021681308746;50.06184923648834;92.95025169849396;28.45965296030045;False;False;False;False;0.15476225120214596;0.1467435116954819;0.23371220113418878;0.25395294738781315
70.72899404114793;50.16367659614709;92.4911286827792;28.62186877714521;70.72899404114793;50.16367659614709;92.4911286827792;28.62186877714521;70.72899404114793;50.16367659614709;298.3337691782721;656.2114761345025;-0.7289940411479279;-0.1636765961470843;70.59598064422607;50.0000022649765;92.85049438476562;28.36191423237324;False;False;False;False;0.15511229584373137;0.14754824776969858;0.23602222656858596;0.2542516135371317
70.93398244997907;49.9779973186044;92.54949587001104;28.681629300952583;70.93398244997907;49.9779973186044;92.54949587001104;28.681629300952583;70.93398244997907;49.9779973186044;298.68330418720456;655.7043001113539;-0.9339824499790694;0.0220026813956053;70.66142642498016;50.0847315788269;92.71611213684082;28.375366553664207;False;False;False;False;0.15590080727884556;0.1472417374767173;0.23606311039564104;0.2538827955559812
71.04661730014892;50.29909731871982;92.6276149582342;28.43143297331641;71.04661730014892;50.29909731871982;92.6276149582342;28.43143297331641;71.04661730014892;50.29909731871982;298.04403787782644;655.3544994176837;-1.0466173001489238;-0.2990973187198165;70.85503613948822;49.92498731613159;92.63254284858704;28.414764627814293;False;False;False;False;0.1561837773003925;0.15037372579710187;0.23542837688570237;0.25350592563353536
70.98296961068368;50.3736469419208;92.595358076176;28.61492138564424;70.98296961068368;50.3736469419208;92.595358076176;28.61492138564424;70.98296961068368;50.3736469419208;297.8550589889285;655.3422458232609;-0.982969610683682;-0.3736469419207964;70.95195853710175;50.19489109516144;92.57059037685394;28.453380838036537;False;False;False;False;0.15466159758751566;0.15109232254409458;0.23469538529517112;0.2502261425953639
71.10108223717246;50.34164350436207;92.42462559091312;28.67591975821454;71.10108223717246;50.34164350436207;92.42462559091312;28.67591975821454;71.10108223717246;50.34164350436207;297.86924627178985;654.9749579555255;-1.101082237172463;-0.341643504362068;70.9034731388092;50.28372395038605;92.54692792892456;28.427108079195023;False;False;False;False;0.15431336352277125;0.15077929173883117;0.23458391634752335;0.24692594390813047
71.0377157930944;50.520115614293225;92.6862941582902;28.856973190838023;71.0377157930944;50.520115614293225;92.6862941582902;28.856973190838023;71.0377157930944;50.520115614293225;297.46674958467923;654.9548798787253;-1.0377157930944063;-0.5201156142932248;71.00391483306885;50.22739100456238;92.50458598136902;28.391370996832848;False;False;False;False;0.15372237803023567;0.15226778106984565;0.235217956286393;0.24544238290182313
70.99777823611436;50.56153623467728;92.54275518235644;28.78844074424436;70.99777823611436;50.56153623467728;92.54275518235644;28.78844074424436;70.99777823611436;50.56153623467728;297.31455959533866;654.8963928869395;-0.9977782361143568;-0.5615362346772841;70.96278607845306;50.42313027381897;92.527756690979;28.50286446511745;False;False;False;False;0.15364709904006982;0.14990900533870627;0.23415677191582965;0.24377028913268137
70.71716770300047;50.62736359893966;92.81233495631628;28.564888654296578;70.71716770300047;50.62736359893966;92.81233495631628;28.564888654296578;70.71716770300047;50.62736359893966;297.1080333688569;655.3245768550187;-0.7171677030004702;-0.6273635989396595;70.92017424106598;50.44533848762512;92.5165319442749;28.56261558830738;False;False;False;False;0.15474630466772735;0.150644545699298;0.23464241090154195;0.241971587976577
70.73042583722227;50.91679627742937;92.79611474685674;28.45321811261377;70.73042583722227;50.91679627742937;92.79611474685674;28.45321811261377;70.73042583722227;50.91679627742937;296.44551953201886;655.202438226175;-0.7304258372222705;-0.91679627742937;70.65530741214752;50.4957287311554;92.58067429065704;28.5707800835371;False;False;False;False;0.15473769040909638;0.15582690200928864;0.2352776737399219;0.24217085821735623
70.86563294887404;50.472665459124485;92.75414928122044;28.593827257553983;70.86563294887404;50.472665459124485;92.75414928122044;28.593827257553983;70.86563294887404;50.472665459124485;297.2115416649714;654.8346338912418;-0.8656329488740369;-0.4726654591244852;70.65743005275726;50.77716183662415;92.6663088798523;28.44929613173008;False;False;False;False;0.15585408755662616;0.15812403401210895;0.2352866231310148;0.23886203541282972
70.66260921973067;50.32802164304556;92.78569658893184;28.757501978795947;70.66260921973067;50.32802164304556;92.78569658893184;28.757501978795947;70.66260921973067;50.32802164304556;297.43780723591266;655.125263623012;-0.662609219730669;-0.3280216430455596;70.79698157310486;50.35981750488281;92.68713891506196;28.357218950986866;False;False;False;False;0.15525315334668208;0.1568950798736283;0.23529948727371666;0.2399403087941517
70.64470780630445;50.419422333417785;92.96042944925728;28.659665569967054;70.64470780630445;50.419422333417785;92.96042944925728;28.659665569967054;70.64470780630445;50.419422333417785;297.2112696360955;655.0727185539004;-0.6447078063044529;-0.4194223334177849;70.61940574645996;50.24380171298981;92.7305233478546;28.382307440042496;False;False;False;False;0.15500664739197162;0.1568550932925042;0.23626492538435603;0.2409491136090157
70.35040760567107;50.05045017810159;93.01723277389102;28.734830945390417;70.35040760567107;50.05045017810159;93.01723277389102;28.734830945390417;70.35040760567107;50.05045017810159;297.89329096893886;655.5753579143266;-0.3504076056710659;-0.0504501781015847;70.59915769100189;50.31904482841492;92.76374518871307;28.4720578789711;False;False;False;False;0.15641552877499293;0.15891547810070894;0.2373879922387992;0.24181311408025996
70.46798209097224;50.1511129787484;93.03684688281932;28.67578514651592;70.46798209097224;50.1511129787484;93.03684688281932;28.67578514651592;70.46798209097224;50.1511129787484;297.68523867723167;655.2934879296347;-0.4679820909722423;-0.1511129787484009;70.33019077777863;49.98686194419861;92.81674146652222;28.52777101099491;False;False;False;False;0.15694678684686855;0.15957873339977993;0.2377274795091675;0.2422050849851496
70.45043671142496;50.10258201668013;93.26564644776388;28.64110000779146;70.45043671142496;50.10258201668013;93.26564644776388;28.64110000779146;70.45043671142496;50.10258201668013;297.7621522042017;655.2661810765997;-0.4504367114249561;-0.1025820166801239;70.44626879692078;50.08727943897247;92.88203120231628;28.507469594478607;False;False;False;False;0.15642153720871407;0.15955733389289573;0.24006065292522916;0.24195118424121928
70.3510982704018;49.98538020958475;93.23566129928612;28.82602156956418;70.3510982704018;49.98538020958475;93.23566129928612;28.82602156956418;70.3510982704018;49.98538020958475;297.9828782161685;655.4047997304559;-0.3510982704018062;0.0146197904152529;70.42380821704865;50.0354061126709;92.99407541751862;28.51623728871345;False;False;False;False;0.15656041892924427;0.15962786907649298;0.24031177332408085;0.24199933432407464
70.46712586528903;50.15096812529045;93.1589248356664;29.03558696289292;70.46712586528903;50.15096812529045;93.1589248356664;29.03558696289292;70.46712586528903;50.15096812529045;297.6536516901458;655.1259314379612;-0.4671258652890344;-0.1509681252904471;70.3693870306015;49.94170916080475;93.06780338287354;28.519860580563545;False;False;False;False;0.15672969786756796;0.16072379380460444;0.24036654206967786;0.24351705707249893
70.50170114863135;50.20623805255842;93.21931955902024;29.04682677747273;70.50170114863135;50.20623805255842;93.21931955902024;29.04682677747273;70.50170114863135;50.20623805255842;297.5229827522378;654.9944974225714;-0.501701148631355;-0.2062380525584188;70.46650302410126;50.107171416282654;93.09992372989656;28.59824940562248;False;False;False;False;0.15665006953366;0.16000719507036676;0.23994031932944349;0.24504897993743063
70.38397242837183;50.264561928572576;93.12435919996672;29.050663091583807;70.38397242837183;50.264561928572576;93.12435919996672;29.050663091583807;70.38397242837183;50.264561928572576;297.3788365932017;655.1630613766063;-0.383972428371834;-0.2645619285725757;70.4880336523056;50.156375885009766;93.12126517295836;28.731944039464;False;False;False;False;0.1563299077442265;0.15973513367365308;0.2397358494734756;0.24682985726923987
70.47403942990769;50.102254741330896;93.03575074324822;29.282585967810544;70.47403942990769;50.102254741330896;93.03575074324822;29.282585967810544;70.47403942990769;50.102254741330896;297.6681760438754;654.9317310497516;-0.4740394299076911;-0.1022547413308956;70.35536170005798;50.21335875988007;93.08705985546112;28.8047081977129;False;False;False;False;0.1567203763590946;0.16008366998409493;0.23945324593438558;0.25076773496148724
70.36982093948173;49.92665670725175;92.85267162488908;29.198403472058565;70.36982093948173;49.92665670725175;92.85267162488908;29.198403472058565;70.36982093948173;49.92665670725175;298.0057381465229;655.0769627732825;-0.3698209394817269;0.0733432927482553;70.46118259429932;50.06312143802643;93.03358495235445;28.85316163301468;False;False;False;False;0.1544916306810772;0.1576493981714932;0.23989394779426312;0.25289552105174756
70.55719756018632;49.86009793655639;92.98224276353773;29.250727548435915;70.55719756018632;49.86009793655639;92.98224276353773;29.250727548435915;70.55719756018632;49.86009793655639;298.1486347936134;654.6529000732758;-0.5571975601863244;0.1399020634436141;70.35941684246063;49.904725432395935;92.95151710510254;28.91309387981892;False;False;False;False;0.1556366603207267;0.15770599950122183;0.239483858181227;0.25475145100187474
70.65229436853369;50.22881525004066;92.8090738068528;29.337067636126;70.65229436853369;50.22881525004066;92.8090738068528;29.337067636126;70.65229436853369;50.22881525004066;297.429853775104;654.3884134485562;-0.6522943685336884;-0.228815250040661;70.53512930870056;49.82431054115296;92.90623784065248;28.99848587810993;False;False;False;False;0.15536647714766708;0.1609998562048627;0.23789874445123557;0.25422694205572455
70.48177692747753;50.21921180164684;92.77330779295596;29.295328436555543;70.48177692747753;50.21921180164684;92.77330779295596;29.295328436555543;70.48177692747753;50.21921180164684;297.41855197188625;654.6424757481974;-0.4817769274775259;-0.2192118016468356;70.63275349140167;50.16255366802216;92.84022688865662;28.997050002217293;False;False;False;False;0.15379580814507202;0.15994708368890406;0.23798362680007543;0.2545825931488916
70.29374789386254;50.29054766615948;92.80995287423244;29.169667113533496;70.29374789386254;50.29054766615948;92.80995287423244;29.169667113533496;70.29374789386254;50.29054766615948;297.2466520026414;654.9542968917636;-0.2937478938625446;-0.2905476661594761;70.46786165237427;50.16568577289581;92.7813559770584;29.02781806886196;False;False;False;False;0.15441669536661523;0.1601086224777967;0.23752145562746774;0.254151729715339
70.12149822792544;50.36748692790079;92.5730144718196;29.2205669776453;70.12149822792544;50.36748692790079;92.5730144718196;29.2205669776453;70.12149822792544;50.36748692790079;297.0540337903375;655.2596298377895;-0.1214982279254428;-0.3674869279007922;70.27011728286743;50.240994572639465;92.77892351150513;29.013354405760765;False;False;False;False;0.15402249374271706;0.1604710250744194;0.23774692128146743;0.25478162048246916
69.97080491825943;50.317083804934086;92.51025039789556;28.879852737903494;69.97080491825943;50.317083804934086;92.51025039789556;28.879852737903494;69.97080491825943;50.317083804934086;297.1058417792175;655.5448166933982;0.0291950817405677;-0.3170838049340858;70.0984046459198;50.29984426498413;92.68426060676576;28.963697031140327;False;False;False;False;0.15447607211511466;0.1604738922127167;0.23771284406291454;0.25478830672835107
69.85194461001137;50.603360964080544;92.56277068777496;28.843923350468163;69.85194461001137;50.603360964080544;92.56277068777496;28.843923350468163;69.85194461001137;50.603360964080544;296.4910096202667;655.7864299874597;0.1480553899886274;-0.6033609640805437;69.94943606853485;50.25787889957428;92.60931313037872;28.870905190706253;False;False;False;False;0.15324801782873967;0.1620805609640134;0.233981749990062;0.25450867802801075
70.0784522093441;50.52670906543212;92.47673893132313;28.887898251425227;70.0784522093441;50.52670906543212;92.47673893132313;28.887898251425227;70.0784522093441;50.52670906543212;296.5638652890195;655.3531555074593;-0.0784522093441069;-0.5267090654321152;69.82658219337463;50.52318131923676;92.57041335105896;28.782336562871933;False;False;False;False;0.15509839185541618;0.15874309455908805;0.2331716895500243;0.25449768488022
70.066469332623;50.40554155590141;92.37743491013256;28.66265843035236;70.066469332623;50.40554155590141;92.37743491013256;28.66265843035236;70.066469332623;50.40554155590141;296.73597243268995;655.3666609663223;-0.0664693326230008;-0.4055415559014079;70.0394719839096;50.43917453289032;92.4918007850647;28.63949231803417;False;False;False;False;0.15505289514910192;0.15618774288738932;0.23339289517370848;0.2535143312308843
69.77740478822487;50.21170067613105;92.26050033953592;28.781696669634915;69.77740478822487;50.21170067613105;92.26050033953592;28.781696669634915;69.77740478822487;50.21170067613105;297.0695819847772;655.9359274774355;0.2225952117751291;-0.211700676131052;70.02302670478821;50.32199025154114;92.45265185832976;28.591871559619904;False;False;False;False;0.15675017111819126;0.15649390380392175;0.2339047842193991;0.2540251382557456
69.81995978603365;50.30761862486058;92.34462276720828;28.49989574520474;69.81995978603365;50.30761862486058;92.34462276720828;28.49989574520474;69.81995978603365;50.30761862486058;296.8495193305006;655.880496843388;0.1800402139663504;-0.3076186248605808;69.76543354988098;50.15147030353546;92.38508701324464;28.56817878782749;False;False;False;False;0.1567583197220578;0.15717320098807905;0.22962517720372075;0.2541038449909101
69.85444753529418;50.32068287717589;92.38639481187928;28.260570470479497;69.85444753529418;50.32068287717589;92.38639481187928;28.260570470479497;69.85444753529418;50.32068287717589;296.7823750092219;655.8355267067291;0.1455524647058155;-0.3206828771758836;69.8011485338211;50.21557819843292;92.34357118606567;28.471403867006305;False;False;False;False;0.15661534725562604;0.15746427459520404;0.22458957404809138;0.25489764181849456
70.0523912527408;50.19789500943022;92.50442992287076;28.262287603657352;70.0523912527408;50.19789500943022;92.50442992287076;28.262287603657352;70.0523912527408;50.19789500943022;296.98519302775645;655.4590462671299;-0.0523912527408043;-0.1978950094302192;69.82379925251007;50.2288498878479;92.34118461608888;28.39708663523197;False;False;False;False;0.1581199897943918;0.15689939204074027;0.22382094368679278;0.2546182224387743
70.04150573551678;50.32845610316339;92.47409957903066;28.35186578870192;70.04150573551678;50.32845610316339;92.47409957903066;28.35186578870192;70.04150573551678;50.32845610316339;296.6976848390328;655.4738318012126;-0.0415057355167789;-0.3284561031633899;70.0109304189682;50.09267592430115;92.37003326416016;28.214029669761658;False;False;False;False;0.15658492864682866;0.1584979152081257;0.22390782787901;0.25481559635281387
69.87653245068037;50.49333275715145;92.48179623517964;28.43180830865243;69.87653245068037;50.49333275715145;92.48179623517964;28.43180830865243;69.87653245068037;50.49333275715145;296.3241373839682;655.7982442728164;0.1234675493196277;-0.4933327571514496;70.01170480251312;50.22779202461243;92.41206049919128;28.13412055373192;False;False;False;False;0.15626226325872017;0.1596850595316622;0.22375089700386694;0.2556462289876659
69.91930272071042;50.39231341820989;92.53406315454478;28.388908298338837;69.91930272071042;50.39231341820989;92.53406315454478;28.388908298338837;69.91930272071042;50.39231341820989;296.4603983608978;655.7291660726656;0.0806972792895805;-0.3923134182098877;69.85005223751068;50.39505541324616;92.43595242500304;28.17300885915756;False;False;False;False;0.1551638651214571;0.1594731092165281;0.2238938113656659;0.2527482631262334
69.99144003585444;50.24424098096777;92.55777983800512;28.252318328961653;69.99144003585444;50.24424098096777;92.55777983800512;28.252318328961653;69.99144003585444;50.24424098096777;296.7042347796207;655.5956510796162;0.0085599641455615;-0.244240980967767;69.91095197200775;50.28750944137573;92.45994925498962;28.218047991395;False;False;False;False;0.15528117088836016;0.15923203186860593;0.22393466337194018;0.24741201748365002
69.76406959886293;50.13835706386198;92.71551779730213;28.299329237200737;69.76406959886293;50.13835706386198;92.71551779730213;28.299329237200737;69.76406959886293;50.13835706386198;296.88343714970324;656.051533282152;0.2359304011370682;-0.1383570638619815;69.96829438209534;50.14911603927612;92.47887134552002;28.209026232361797;False;False;False;False;0.15524790887834797;0.15894903632699106;0.22482066849019225;0.24497644010787625
69.71155535388117;50.234920915007855;92.8524067745868;28.08425259391088;69.71155535388117;50.234920915007855;92.8524067745868;28.08425259391088;69.71155535388117;50.234920915007855;296.6718618388966;656.1880191589338;0.2884446461188332;-0.234920915007855;69.7619799375534;50.05134665966034;92.5479507446289;28.169209361076355;False;False;False;False;0.15511244002788466;0.15964290722063693;0.2253944449976545;0.2433660590040371
69.55708672371561;50.13940954347924;92.9222978819354;28.053595286824844;69.55708672371561;50.13940954347924;92.9222978819354;28.053595286824844;69.55708672371561;50.13940954347924;296.8315617932861;656.535415705414;0.4429132762843863;-0.139409543479239;69.70496940612793;50.15010476112366;92.64081716537476;28.09545435011387;False;False;False;False;0.1557007186786554;0.15786992242562645;0.22539325716528652;0.24318869371897578
69.55664889553243;50.24104481603582;93.09838158417998;28.288585046449995;69.55664889553243;50.24104481603582;93.09838158417998;28.288585046449995;69.55664889553243;50.24104481603582;296.60970330904235;656.5953464652849;0.4433511044675668;-0.2410448160358171;69.57849597930908;50.04681444168091;92.74979948997498;28.050237372517586;False;False;False;False;0.15278830201030386;0.15882000683140962;0.2273811576972338;0.24408352525526042
69.50857459236178;50.053297504221376;92.93461716136088;28.37867244456647;69.50857459236178;50.053297504221376;92.93461716136088;28.37867244456647;69.50857459236178;50.053297504221376;296.95305862386647;656.7506085522219;0.4914254076382178;-0.0532975042213763;69.59531116485596;50.16522252559662;92.87363886833192;27.99434721469879;False;False;False;False;0.1530057626825832;0.15876126985484945;0.2244934904812995;0.2464946944360096
69.57819469104349;50.18967257929795;92.74151551276104;28.557355675961485;69.57819469104349;50.18967257929795;92.74151551276104;28.557355675961485;69.57819469104349;50.18967257929795;296.67320213981714;656.6768917425436;0.4218053089565075;-0.1896725792979481;69.5454671382904;49.989513516426086;92.92207837104796;28.071991875767708;False;False;False;False;0.1526552110104269;0.15987918785000732;0.2232183045436217;0.25078616363417094
69.39652104150181;49.80272248424877;92.59773427770706;28.57857100102131;69.39652104150181;49.80272248424877;92.59773427770706;28.57857100102131;69.39652104150181;49.80272248424877;297.4218126526758;657.0964797494878;0.6034789584981866;0.1972775157512316;69.60687851905823;50.127108335495;92.88769602775574;28.21631871163845;False;False;False;False;0.15396308912408338;0.1617928028578677;0.2246049893064832;0.2524764500430147
69.17851822831206;49.65796418645096;92.61715963615065;28.331927864333444;69.17851822831206;49.65796418645096;92.61715963615065;28.331927864333444;69.17851822831206;49.65796418645096;297.73763291703824;657.6129492370004;0.8214817716879423;0.342035813549046;69.41847860813141;49.763352036476135;92.80293345451356;28.31201918423176;False;False;False;False;0.1542553423517297;0.16195863015933026;0.22522691739888653;0.2522883824492969
68.98384932218416;49.757037297926296;92.79485898212208;28.39062238873066;68.98384932218416;49.757037297926296;92.79485898212208;28.39062238873066;68.98384932218416;49.757037297926296;297.58509146922745;658.1118179521479;1.016150677815844;0.2429627020737044;69.23014783859253;49.62607181072235;92.70604133605956;28.35008382797241;False;False;False;False;0.15603069153149657;0.16240997180797206;0.22487648900440255;0.2518767605662901
69.02015827769674;49.84909204516821;93.32623191970082;28.24824910447574;69.02015827769674;49.84909204516821;93.32623191970082;28.24824910447574;69.02015827769674;49.84909204516821;297.4333770016868;658.1746867981649;0.9798417223032628;0.1509079548317871;69.03888547420502;49.74165892601013;92.69180715084076;28.30834999680519;False;False;False;False;0.15345850270813038;0.16259334753955246;0.23275585715799565;0.25159037734819806
69.44344305361167;49.76708532770736;93.2410855546585;28.36711592307197;69.44344305361167;49.76708532770736;93.2410855546585;28.36711592307197;69.44344305361167;49.76708532770736;297.61751149725274;657.4587628093088;0.5565569463883264;0.2329146722926438;69.09229373931885;49.81664276123047;92.85415947437286;28.208547607064247;False;False;False;False;0.1525165443693279;0.16112204595871413;0.2354817421143255;0.2498445783235821
69.62273280819423;49.70115588414146;93.17019650527946;28.30565744197951;69.62273280819423;49.70115588414146;93.17019650527946;28.30565744197951;69.62273280819423;49.70115588414146;297.78042567402355;657.1743908929955;0.377267191805771;0.2988441158585431;69.49873101711273;49.7341605424881;93.00676226615906;28.205853700637817;False;False;False;False;0.1525415916430193;0.16113602435416569;0.2356078620573948;0.2453119358606776
69.74892784176494;49.49718256753853;93.35607623662564;28.22345840268796;69.74892784176494;49.49718256753853;93.35607623662564;28.22345840268796;69.74892784176494;49.49718256753853;298.22821818934386;656.9723031180948;0.2510721582350612;0.5028174324614696;69.6490547657013;49.67188143730164;93.10829639434814;28.175432309508324;False;False;False;False;0.15280490329073318;0.16156508736027161;0.23445677558569547;0.24153245812602445
69.70053801921048;49.42377125512907;93.33534903949496;28.222117254582717;69.70053801921048;49.42377125512907;93.33534903949496;28.222117254582717;69.70053801921048;49.42377125512907;298.442083138491;657.1025590509685;0.2994619807895162;0.5762287448709316;69.80159795284271;49.48423171043396;93.22049796581268;28.196488544344906;False;False;False;False;0.15309119865390564;0.16161144205099842;0.23426070557436532;0.24119471316386998
69.6884856514397;49.57236419834612;93.269858478293;28.329853386537447;69.6884856514397;49.57236419834612;93.269858478293;28.329853386537447;69.6884856514397;49.57236419834612;298.221727751373;657.1665920506152;0.3115143485602942;0.427635801653885;69.73634576797485;49.406115770339966;93.22315990924837;28.15426707267761;False;False;False;False;0.15287007692875246;0.1623863124991125;0.23252120987193475;0.24168972880507444
69.66930964227582;49.47350818681727;93.07722820350584;28.462022570531;69.66930964227582;49.47350818681727;93.07722820350584;28.462022570531;69.66930964227582;49.47350818681727;298.47645788131786;657.2464793154177;0.3306903577241797;0.5264918131827301;69.72996747493744;49.54226899147034;93.22212398052216;28.14650908112526;False;False;False;False;0.15126725788569875;0.1625185402481837;0.23286492800020483;0.24276603468856392
69.90928959731241;49.38718939621965;92.99702531665191;28.558188667345416;69.90928959731241;49.38718939621965;92.99702531665191;28.558188667345416;69.90928959731241;49.38718939621965;298.71929437093746;656.810611453041;0.0907104026875913;0.6128106037803462;69.7127650976181;49.47327625751496;93.20425748825072;28.20395231246948;False;False;False;False;0.15240596642054635;0.16173207347318358;0.23308551011943324;0.2446436885670881
70.24134797795007;49.40527146920108;93.36510893188424;28.50112432087241;70.24134797795007;49.40527146920108;93.36510893188424;28.50112432087241;70.24134797795007;49.40527146920108;298.76483830547863;656.158589412124;-0.2413479779500704;0.5947285307989176;69.93861198425293;49.39243960380554;93.11148941516876;28.301006704568863;False;False;False;False;0.15510623620037514;0.16165558126388438;0.23431400114780573;0.2445102532324722
70.49630066191742;49.47189454591391;93.3230247203005;28.65676951165857;70.49630066191742;49.47189454591391;93.3230247203005;28.65676951165857;70.49630066191742;49.47189454591391;298.71088928949285;655.616504313796;-0.4963006619174166;0.5281054540860879;70.25539016723633;49.38389718532562;93.12802493572237;28.375862389802933;False;False;False;False;0.15614811567230444;0.16175436820833347;0.23471859617731833;0.24454813860219576
70.55989678948647;49.57380119293982;93.34801012975684;28.482106574116344;70.55989678948647;49.57380119293982;93.34801012975684;28.482106574116344;70.55989678948647;49.57380119293982;298.57749005598583;655.4231386370689;-0.5598967894864728;0.4261988070601816;70.50383245944977;49.46310555934906;93.14171493053436;28.42456005513668;False;False;False;False;0.1547753835812888;0.1615606546757041;0.23546598102970032;0.2411064217962099
70.43154910127201;49.71530873993114;93.17527694822093;28.239925980251385;70.43154910127201;49.71530873993114;93.17527694822093;28.239925980251385;70.43154910127201;49.71530873993114;298.3513014696112;655.605181108233;-0.4315491012720116;0.2846912600688611;70.54706311225891;49.52865505218506;93.1909281015396;28.41510720551014;False;False;False;False;0.1551373147618023;0.16191189604865294;0.23417258536978786;0.2395895097504426
70.27514190909945;49.57453053731916;92.9390844852738;28.129811787621843;70.27514190909945;49.57453053731916;92.9390844852738;28.129811787621843;70.27514190909945;49.57453053731916;298.670816709511;655.8604556124085;-0.275141909099446;0.4254694626808373;70.415642619133;49.65019178390503;93.21113526821136;28.37965041399002;False;False;False;False;0.15350290226108182;0.1620091260009753;0.23533705305746908;0.23816127958038044
70.27557114771409;49.32943790586708;93.17442274442092;28.2311778932026;70.27557114771409;49.32943790586708;93.17442274442092;28.2311778932026;70.27557114771409;49.32943790586708;299.21773123410594;655.8229115472993;-0.2755711477140892;0.6705620941329187;70.2604444026947;49.51450526714325;93.10441493988036;28.222391679883003;False;False;False;False;0.15272901076600878;0.15675543563142932;0.23520653297904212;0.23658526201154498
70.32535789649533;49.39763764149039;93.09053786616197;28.060408031790352;70.32535789649533;49.39763764149039;93.09053786616197;28.060408031790352;70.32535789649533;49.39763764149039;299.17074004207706;655.6865952300416;-0.3253578964953334;0.602362358509609;70.28066825866699;49.31212496757507;93.06979656219482;28.11593197286129;False;False;False;False;0.1525843114678216;0.15667854221459315;0.2338095912072001;0.23605032512063864
70.37676414321406;49.6372387284864;92.96596409955166;28.321269470204133;70.37676414321406;49.6372387284864;92.96596409955166;28.321269470204133;70.37676414321406;49.6372387284864;298.77185284921967;655.5404016837381;-0.3767641432140607;0.3627612715135981;70.31875824928284;49.354591608047485;93.02059650421144;28.087248876690865;False;False;False;False;0.1526844762558302;0.15809254709264003;0.23326327059645638;0.23632678986820094
70.28899291087774;49.59938233824105;92.92264783686618;28.317481869501357;70.28899291087774;49.59938233824105;92.92264783686618;28.317481869501357;70.28899291087774;49.59938233824105;298.89593379924554;655.6657089293155;-0.288992910877738;0.4006176617589503;70.38152134418488;49.59783792495728;92.96828210353851;28.11795711517334;False;False;False;False;0.149276075335045;0.1580821017412662;0.23278733795563286;0.23541919319840843
70.30056540387633;49.34542507124957;92.90072204911516;28.51827359757308;70.30056540387633;49.34542507124957;92.90072204911516;28.51827359757308;70.30056540387633;49.34542507124957;299.457264021463;655.6040315552013;-0.3005654038763339;0.6545749287504279;70.29680585861206;49.55048298835754;92.95798182487488;28.126100301742557;False;False;False;False;0.1492500605533725;0.15925913484186774;0.2325194928219479;0.23578854219838813
69.89739878155537;49.28584384308464;92.87625782525376;28.50045143838956;69.89739878155537;49.28584384308464;92.87625782525376;28.50045143838956;69.89739878155537;49.28584384308464;299.6637031349596;656.3702894126598;0.1026012184446329;0.714156156915358;70.30724620819092;49.3249990940094;92.90014028549194;28.26405830681324;False;False;False;False;0.15422336347390703;0.15927477811687116;0.23252362629351742;0.23676034695549475
70.00938039388362;49.28681324058379;92.77772473728;28.48702441987644;70.00938039388362;49.28681324058379;92.77772473728;28.48702441987644;70.00938039388362;49.28681324058379;299.75698516088335;656.1600063504626;-0.0093803938836174;0.7131867594162102;69.91938722133636;49.280835032463074;92.86522686481476;28.324674889445305;False;False;False;False;0.15445427213667534;0.15899382631573877;0.2326723851418494;0.2372644333265606
70.3171548838606;49.22218486721514;92.89758821363893;28.75950461211982;70.3171548838606;49.22218486721514;92.89758821363893;28.75950461211982;70.3171548838606;49.22218486721514;299.9813334755428;655.5432066513241;-0.3171548838605957;0.777815132784859;70.03546869754791;49.27801406383514;92.82631397247314;28.406355902552605;False;False;False;False;0.15665227152500602;0.15886685697094807;0.23261648397924986;0.23957086630810098
70.38374067280272;49.47195829464962;92.57812699542158;28.62022109804617;70.38374067280272;49.47195829464962;92.57812699542158;28.62022109804617;70.38374067280272;49.47195829464962;299.5854953050452;655.3677477555918;-0.3837406728027162;0.5280417053503825;70.31980919837952;49.22939038276672;92.81048655509947;28.442496210336685;False;False;False;False;0.15665732697256893;0.15917654716979612;0.23363110063867154;0.23932379820504257
70.58215744472506;49.37237804793163;92.48806228341226;28.68308536234339;70.58215744472506;49.37237804793163;92.48806228341226;28.68308536234339;70.58215744472506;49.37237804793163;299.8550613591945;654.9197487887068;-0.5821574447250555;0.6276219520683668;70.36433279514313;49.45432460308075;92.72293090820312;28.5005696862936;False;False;False;False;0.1574245057364867;0.1593591345749325;0.23466001886379115;0.2399419081389526
70.67169017816327;49.519529782353054;92.57792129857177;28.829271021630284;70.67169017816327;49.519529782353054;92.57792129857177;28.829271021630284;70.67169017816327;49.519529782353054;299.64444081729414;654.6630623292003;-0.6716901781632743;0.4804702176469462;70.5470769405365;49.34598350524902;92.62438654899596;28.566792905330654;False;False;False;False;0.1574754833925493;0.15974992078438935;0.23467605621734738;0.23716232323135997
70.48661468015526;49.73358149616666;92.64531704742228;28.79542427742355;70.48661468015526;49.73358149616666;92.64531704742228;28.79542427742355;70.48661468015526;49.73358149616666;299.2804000853532;654.9436546347946;-0.486614680155256;0.2664185038333428;70.63152968883514;49.48388946056366;92.56743013858797;28.559551239013672;False;False;False;False;0.15711602101482391;0.15777539511914115;0.232962260437418;0.23691701233445386
70.07086778554357;49.58991508735973;92.63352238305706;28.680483275465072;70.07086778554357;49.58991508735973;92.63352238305706;28.680483275465072;70.07086778554357;49.58991508735973;299.6032553701448;655.7102664666639;-0.0708677855435695;0.4100849126402721;70.47309565544128;49.69496428966522;92.53310024738312;28.61859999597073;False;False;False;False;0.1614324114447084;0.1577334527125745;0.2322177330504056;0.23588520743419839
70.08119629171205;49.36554187249356;92.55951314743908;29.134689379662422;70.08119629171205;49.36554187249356;92.55951314743908;29.134689379662422;70.08119629171205;49.36554187249356;300.10667978822914;655.6801604162545;-0.0811962917120467;0.6344581275064414;70.06593585014343;49.57083475589752;92.55634307861328;28.64557757973671;False;False;False;False;0.15973866548660118;0.1588452163398882;0.23046865495717722;0.23871547216013703
70.117813606251;49.21445058036272;92.8781345525849;29.251965314462787;70.117813606251;49.21445058036272;92.8781345525849;29.251965314462787;70.117813606251;49.21445058036272;300.4934567894917;655.5960996149482;-0.1178136062510049;0.7855494196372774;70.08079779148102;49.38484442234039;92.5701379776001;28.68004433810711;False;False;False;False;0.15917426560454306;0.1596380057051698;0.22931475309545923;0.24396706620592498
70.01457242624926;49.335560521090216;92.73409293282802;29.346387150846517;70.01457242624926;49.335560521090216;92.73409293282802;29.346387150846517;70.01457242624926;49.335560521090216;300.355976830655;655.7868734941183;-0.0145724262492592;0.6644394789097845;70.16770851612091;49.261796951293945;92.65377283096312;28.79893109202385;False;False;False;False;0.15976052529951718;0.15896090267734017;0.22743735316658548;0.24835593803300007
69.90409165281434;49.63460503385748;92.64127525435862;29.261125925566667;69.90409165281434;49.63460503385748;92.64127525435862;29.261125925566667;69.90409165281434;49.63460503385748;299.84647973564176;656.0058920508216;0.0959083471856558;0.3653949661425244;70.03661644458771;49.37195992469788;92.67094433307648;29.03585061430931;False;False;False;False;0.1602161917153556;0.16060819363811227;0.2263568757964714;0.24872162286266492
70.05245160129903;49.71588759251201;92.56694665035543;29.177748317901667;70.05245160129903;49.71588759251201;92.56694665035543;29.177748317901667;70.05245160129903;49.71588759251201;299.73263394715167;655.7219599334769;-0.0524516012990261;0.2841124074879886;69.9227751493454;49.62981581687927;92.6652204990387;29.08943697810173;False;False;False;False;0.16022864704752526;0.16013894466736286;0.22393017425444417;0.24866435917740118
70.10782357077443;49.96912762243107;92.3985216745346;29.24616420583423;70.10782357077443;49.96912762243107;92.3985216745346;29.24616420583423;70.10782357077443;49.96912762243107;299.2640355416453;655.6042224476862;-0.1078235707744283;0.030872377568933;70.03977966308594;49.70199942588806;92.65048146247864;29.082008451223373;False;False;False;False;0.15865681483566735;0.15836148594745228;0.22286333770292321;0.24891053220080603
69.84936143060153;49.79811083959631;92.25761204677362;28.909292008487853;69.84936143060153;49.79811083959631;92.25761204677362;28.909292008487853;69.84936143060153;49.79811083959631;299.610185424324;656.1067702519288;0.1506385693984668;0.2018891604036952;70.09888172149658;49.93915784358978;92.54151225090028;29.02884252369404;False;False;False;False;0.16019886907609113;0.15893106566721396;0.22321814272273707;0.24754739785826224
69.45525226146053;49.77440165793372;92.2251457949227;28.91029694542789;69.45525226146053;49.77440165793372;92.2251457949227;28.91029694542789;69.45525226146053;49.77440165793372;299.6845223423697;656.9150737327973;0.5447477385394706;0.2255983420662772;69.83795249462128;49.76661550998688;92.42923855781557;28.953042700886726;False;False;False;False;0.16426444628679132;0.15872459588868992;0.22216703227679374;0.24634180715128107
69.64499244243899;49.91431488252324;92.3856192686004;28.80320829745331;69.64499244243899;49.91431488252324;92.3856192686004;28.80320829745331;69.64499244243899;49.91431488252324;299.43477567213284;656.6082264026456;0.3550075575610094;0.0856851174767641;69.47139251232147;49.75347173213959;92.35399603843688;28.87675277888775;False;False;False;False;0.16500134835654043;0.1589013658464713;0.21837511059425557;0.2460699439224716
69.62199772134379;49.93344650643584;92.39490898556711;28.696196118221803;69.62199772134379;49.93344650643584;92.39490898556711;28.696196118221803;69.62199772134379;49.93344650643584;299.40793710663786;656.7015501858442;0.3780022786562114;0.0665534935641645;69.65353858470917;49.87340784072876;92.32963860034944;28.73185060918331;False;False;False;False;0.16484050410495024;0.15863481747912647;0.21299724472436785;0.24605880167331964
69.75543198340256;49.978793493723934;92.58840123794975;28.433768431212023;69.75543198340256;49.978793493723934;92.58840123794975;28.433768431212023;69.75543198340256;49.978793493723934;299.3261169312036;656.4850819655475;0.2445680165974408;0.0212065062760657;69.62136709690094;49.898112058639526;92.34534800052644;28.679312467575077;False;False;False;False;0.16389456231367697;0.15815731017295281;0.20786517046097233;0.24602228770917275
69.75151241041996;49.92923568155578;92.6002444991558;28.417971838713303;69.75151241041996;49.92923568155578;92.6002444991558;28.417971838713303;69.75151241041996;49.92923568155578;299.42806008971;656.5255301803924;0.2484875895800371;0.070764318444219;69.75994372367859;49.932496070861816;92.41920709609984;28.555082976818085;False;False;False;False;0.1633818387880727;0.15786005366926084;0.20796792681316242;0.24497636320817567
69.60925062565322;49.79459109104557;92.59457110190434;28.35622917444232;69.60925062565322;49.79459109104557;92.59457110190434;28.35622917444232;69.60925062565322;49.79459109104557;299.7067845131897;656.8431854285366;0.3907493743467825;0.2054089089544319;69.76092207431793;49.879727363586426;92.50038981437685;28.43257948756218;False;False;False;False;0.16349079259311813;0.158068568533783;0.2080152462952225;0.2450674938100436
69.62292158434234;49.74281937567773;92.5276759970194;28.25771107747325;69.62292158434234;49.74281937567773;92.5276759970194;28.25771107747325;69.62292158434234;49.74281937567773;299.8377157984526;656.8679434277379;0.3770784156576638;0.2571806243222667;69.62045097351074;49.75152540206909;92.55488753318788;28.31974029541016;False;False;False;False;0.15728621690232203;0.1571985045937232;0.20798419805944532;0.2448414523230576
69.578075726305;49.9926745962463;92.36910765610637;28.36264897136404;69.578075726305;49.9926745962463;92.36910765610637;28.36264897136404;69.578075726305;49.9926745962463;299.3722961072251;657.0079122659002;0.4219242736949979;0.0073254037536969;69.6318074464798;49.69290041923523;92.5735080242157;28.284767866134644;False;False;False;False;0.1573295921543583;0.15793878626808494;0.20882583309665875;0.24487570360499272
69.42865900357175;49.64196309373216;92.28468206569822;28.040836037085104;69.42865900357175;49.64196309373216;92.28468206569822;28.040836037085104;69.42865900357175;49.64196309373216;300.0746958327539;657.3630022811927;0.5713409964282476;0.3580369062678414;69.59232079982758;49.93329119682312;92.51838743686676;28.249111101031303;False;False;False;False;0.15800631943419224;0.16029500535989888;0.2079819266201107;0.24521852286116258
69.31371414519566;49.51508517755529;92.36991385318252;27.86594672351416;69.31371414519566;49.51508517755529;92.36991385318252;27.86594672351416;69.31371414519566;49.51508517755529;300.37618991927667;657.6690707974686;0.6862858548043391;0.4849148224447077;69.44393301010132;49.60789453983307;92.44690835475922;28.18842813372612;False;False;False;False;0.1583536567531637;0.16046643344689052;0.20606321696804109;0.24513059472954007
69.18348522134944;49.52302200662487;92.40077114524895;28.08594403971044;69.18348522134944;49.52302200662487;92.40077114524895;28.08594403971044;69.18348522134944;49.52302200662487;300.4249715707968;658.0210334258016;0.8165147786505571;0.4769779933751294;69.34379553794861;49.47005772590637;92.39530861377716;28.10861736536026;False;False;False;False;0.15906609141918357;0.16054582617223487;0.20583412346435226;0.24413357337361247
69.3713660268753;49.45381797960345;92.67774955296404;28.50986910292383;69.3713660268753;49.45381797960345;92.67774955296404;28.50986910292383;69.3713660268753;49.45381797960345;300.626976690623;657.7541404519034;0.6286339731247068;0.5461820203965502;69.21641635894775;49.4870388507843;92.38734245300292;27.97965489327908;False;False;False;False;0.15943441298353211;0.1605601980258689;0.2069976247094952;0.24745177704402063
69.43289394628052;49.65166263839514;92.82690688098282;28.54180600300329;69.43289394628052;49.65166263839514;92.82690688098282;28.54180600300329;69.43289394628052;49.65166263839514;300.3041116424258;657.7149024761762;0.5671060537194847;0.3483373616048624;69.42566585540771;49.453380823135376;92.4695348739624;28.0587600171566;False;False;False;False;0.15943327897313575;0.16109992362942188;0.20973381456930404;0.24889355316938314
69.5105356910018;49.873927262905895;92.56817238643517;28.64782939314971;69.5105356910018;49.873927262905895;92.56817238643517;28.64782939314971;69.5105356910018;49.873927262905895;299.90602737495163;657.6352331272296;0.489464308998194;0.1260727370941055;69.46743416786194;49.63845503330231;92.59805560112;28.27379554510117;False;False;False;False;0.15948409984466808;0.16223537625299736;0.20975310425431015;0.24992342617672672
69.39278732643194;49.83345416663739;92.6221365496728;28.5429534846572;69.39278732643194;49.83345416663739;92.6221365496728;28.5429534846572;69.39278732643194;49.83345416663739;300.0037832657679;657.9359917642358;0.607212673568057;0.1665458333626119;69.53495419025421;49.85049092769623;92.63664066791534;28.465886563062668;False;False;False;False;0.1596769089557225;0.1619319496650435;0.2097505662247695;0.2477147543605339
69.44107875542456;49.64419601361492;92.71288936849066;28.361903117933323;69.44107875542456;49.64419601361492;92.71288936849066;28.361903117933323;69.44107875542456;49.64419601361492;300.40450568292783;657.9203705960597;0.5589212445754441;0.3558039863850837;69.41544675827026;49.798067927360535;92.67706155776978;28.47916513681412;False;False;False;False;0.1596418308967428;0.16259089707281318;0.2096874839189353;0.24657599600118174
69.5296969461397;49.6115406082056;92.34586012411827;28.565678223974327;69.5296969461397;49.6115406082056;92.34586012411827;28.565678223974327;69.5296969461397;49.6115406082056;300.5172570252645;657.8176570472394;0.4703030538603059;0.3884593917943988;69.49667751789093;49.63170337677002;92.69442319869997;28.45780812203884;False;False;False;False;0.1595401990585651;0.16255768320938013;0.2122153961466259;0.24678726282652272
69.75508230364862;49.71901901835149;92.22485971171812;28.85253386238545;69.75508230364862;49.71901901835149;92.22485971171812;28.85253386238545;69.75508230364862;49.71901901835149;300.3540947905453;657.4295934060697;0.2449176963513792;0.2809809816485114;69.54796659946442;49.61221933364868;92.58736193180084;28.400513231754303;False;False;False;False;0.1604608493139337;0.16177198335773788;0.21496803815884075;0.25005545819601
69.79808237701171;49.71913969779842;92.34428857545689;28.838756167566064;69.79808237701171;49.71913969779842;92.34428857545689;28.838756167566064;69.79808237701171;49.71913969779842;300.3913175625379;657.3762489521904;0.2019176229882902;0.2808603022015816;69.76640844345093;49.69837987422943;92.49450206756592;28.452525213360783;False;False;False;False;0.16046368395639557;0.16153359610159473;0.21443798825938074;0.25259032931654724
69.88483335165134;49.68186004133592;92.68543004097864;28.71204790532656;69.88483335165134;49.68186004133592;92.68543004097864;28.71204790532656;69.88483335165134;49.68186004133592;300.5033249157564;657.2296693526429;0.1151666483486621;0.3181399586640836;69.79314196109772;49.69778525829315;92.42923855781557;28.61044615507126;False;False;False;False;0.16066175538852848;0.16113531738494746;0.21446152250291872;0.25134491670999576
69.85226093802393;49.47746048311368;92.5604696721977;28.90193648405244;69.85226093802393;49.47746048311368;92.5604696721977;28.90193648405244;69.85226093802393;49.47746048311368;300.95454269335613;657.3101697330109;0.1477390619760683;0.5225395168863187;69.89458620548248;49.66659557819367;92.43877172470091;28.69485631585121;False;False;False;False;0.1606555909082526;0.1597379790146885;0.2119715304597268;0.24800762459792397
69.9677860637421;49.88859568302952;92.5701571506487;28.93027099853584;69.9677860637421;49.88859568302952;92.5701571506487;28.93027099853584;69.9677860637421;49.88859568302952;300.2019442291093;657.0988180231714;0.0322139362579037;0.1114043169704857;69.85021126270294;49.49277067184448;92.49388575553894;28.688956275582317;False;False;False;False;0.16104531221869245;0.16398476560367423;0.20426291541743055;0.24891467379516
69.77841165864378;49.91672660678542;92.71058657600612;28.831109729126425;69.77841165864378;49.91672660678542;92.71058657600612;28.831109729126425;69.77841165864378;49.91672660678542;300.1605362905269;657.4818620248691;0.2215883413562238;0.0832733932145828;69.9673125743866;49.85557281970978;92.55410730838776;28.70204634964466;False;False;False;False;0.16020080985923316;0.1639278911597889;0.2022695711884278;0.24870408982780817
69.52567741225542;49.97498435058892;92.68435408023312;28.54057261138824;69.52567741225542;49.97498435058892;92.68435408023312;28.54057261138824;69.52567741225542;49.97498435058892;300.0551239220152;658.0168756298266;0.4743225877445809;0.0250156494110811;69.80826318264008;49.8838654756546;92.6349425315857;28.76453809440136;False;False;False;False;0.16241373392743647;0.16404381531659776;0.20207891743236112;0.24957615462069171
69.38332703856324;49.78535361174523;92.82260401616638;28.54256630739732;69.38332703856324;49.78535361174523;92.82260401616638;28.54256630739732;69.38332703856324;49.78535361174523;300.437720819624;658.3648193889102;0.6166729614367625;0.2146463882547706;69.5747035741806;49.92777371406555;92.64817357063292;28.683932349085808;False;False;False;False;0.1619315361183486;0.16379963334553874;0.20062795905779376;0.24993628040557506
69.41336092140783;49.876429456234526;92.79052150849034;28.45770213931226;69.41336092140783;49.876429456234526;92.79052150849034;28.45770213931226;69.41336092140783;49.876429456234526;300.2841886490794;658.386974684746;0.5866390785921709;0.1235705437654743;69.44615936279297;49.77774727344513;92.72323250770567;28.562313988804817;False;False;False;False;0.15832972986663332;0.16395035097157912;0.19422801051456517;0.24972287227086123
69.60724429280471;49.62128651196024;92.7479000868972;28.34762209041525;69.60724429280471;49.62128651196024;92.7479000868972;28.34762209041525;69.60724429280471;49.62128651196024;300.81095061013;658.0774264857645;0.3927557071952918;0.3787134880397573;69.45977675914764;49.85119271278381;92.77555346488953;28.4369682520628;False;False;False;False;0.15684766279789036;0.1653973899223079;0.19067449249158075;0.24915822917867844
69.75340240541445;49.503617501586646;92.75249735106618;28.236812192749728;69.75340240541445;49.503617501586646;92.75249735106618;28.236812192749728;69.75340240541445;49.503617501586646;301.09678376261587;657.837477688171;0.2465975945855518;0.4963824984133538;69.6485949754715;49.60294055938721;92.7714490890503;28.40232446789741;False;False;False;False;0.15701537367861598;0.16554826900994662;0.18686387563313062;0.24965324091203206
69.58868645371446;49.5779824850303;92.98373178820928;28.228519395082795;69.58868645371446;49.5779824850303;92.98373178820928;28.228519395082795;69.58868645371446;49.5779824850303;301.0142381288504;658.1997892708491;0.411313546285541;0.4220175149697027;69.78759682178497;49.49108707904816;92.78711915016174;28.32113355398178;False;False;False;False;0.15642367624415485;0.1652813440474447;0.18717275313599113;0.24980922364012945
69.65861044317366;49.24796589077166;92.6695788852853;28.06107167996536;69.65861044317366;49.24796589077166;92.6695788852853;28.06107167996536;69.65861044317366;49.24796589077166;301.7305403193636;658.1147830981022;0.3413895568263427;0.7520341092283402;69.6384346485138;49.54725408554077;92.83183455467224;28.252956494688988;False;False;False;False;0.15617426944273913;0.16772286641408093;0.18627233526593026;0.25047484015675603
69.5931066365198;49.10837417586972;92.64703306033329;28.22015666762597;69.5931066365198;49.10837417586972;92.64703306033329;28.22015666762597;69.5931066365198;49.10837417586972;302.1099949637313;658.2913093189867;0.4068933634801936;0.8916258241302799;69.68708944320679;49.24730491638184;92.80134677886964;28.18879283964634;False;False;False;False;0.15591619171118626;0.16751982392791137;0.18368404526550156;0.24926343011194013
69.43699461432126;49.13001745305627;92.91885393930426;28.348105257506678;69.43699461432126;49.13001745305627;92.91885393930426;28.348105257506678;69.43699461432126;49.13001745305627;302.1855918525756;658.6577858118478;0.5630053856787356;0.8699825469437314;69.62355887889862;49.12524616718292;92.77992010116576;28.16819801926613;False;False;False;False;0.15476092736285563;0.167211042964922;0.1834746146515413;0.24814068734972664
69.39477048521643;49.05711517662247;93.03178359235528;28.483103296681588;69.39477048521643;49.05711517662247;93.03178359235528;28.483103296681588;69.39477048521643;49.05711517662247;302.44739407836903;658.8173014548147;0.6052295147835736;0.9428848233775328;69.50315606594086;49.166112184524536;92.82434701919556;28.187195509672165;False;False;False;False;0.1540262080176348;0.1636923575583426;0.18453697368252137;0.2497344346536293
69.23391344562843;48.97212053174812;92.98870091443638;28.42061078059993;69.23391344562843;48.97212053174812;92.98870091443638;28.42061078059993;69.23391344562843;48.97212053174812;302.74310134456806;659.2197128026285;0.7660865543715687;1.027879468251882;69.47305190563202;49.096590518951416;92.86224365234376;28.315983414649963;False;False;False;False;0.15567663220337305;0.16323462746763245;0.18491537161030883;0.2494585627983988
69.32254898085871;49.13666102962808;92.963270919866;28.53838243660153;69.32254898085871;49.13666102962808;92.963270919866;28.53838243660153;69.32254898085871;49.13666102962808;302.55107094457503;659.1445866060841;0.6774510191412872;0.8633389703719203;69.30785930156708;49.02022731304169;92.94067919254304;28.39731201529503;False;False;False;False;0.1545386080176031;0.16351847079764362;0.18455989263444136;0.2486919747403818
69.31597263364283;49.25799122932782;92.979892083642;28.791128987289905;69.31597263364283;49.25799122932782;92.979892083642;28.791128987289905;69.31597263364283;49.25799122932782;302.4235224078918;659.248066103068;0.6840273663571708;0.7420087706721787;69.42120623588562;49.18175542354584;92.99405574798584;28.45496915280819;False;False;False;False;0.15483045145120888;0.16128281577462655;0.18374987160029269;0.24678781545519324
69.22943032578195;49.45693893836257;93.11175820226744;28.826818351395044;69.22943032578195;49.45693893836257;93.11175820226744;28.826818351395044;69.22943032578195;49.45693893836257;302.1245614925786;659.5123543676374;0.7705696742180521;0.543061061637431;69.38619995117188;49.300440073013306;93.0049592256546;28.509439006447792;False;False;False;False;0.1555145073902482;0.16143312203554167;0.1840262518601279;0.24714075271327568
69.22359882203155;49.39242967106609;92.98908949891742;28.966155068068243;69.22359882203155;49.39242967106609;92.98908949891742;28.966155068068243;69.22359882203155;49.39242967106609;302.3259881687232;659.6267599983672;0.7764011779684523;0.6075703289339103;69.30594408512115;49.49169898033142;93.03078532218932;28.633485734462734;False;False;False;False;0.1545048663201679;0.16077632889227803;0.18189562118901564;0.24916778575486104
69.24236202536495;49.55133630665188;93.11771618777668;28.92000297209724;69.24236202536495;49.55133630665188;93.11771618777668;28.92000297209724;69.24236202536495;49.55133630665188;302.0891842747428;659.6927537487628;0.7576379746350455;0.4486636933481236;69.2984629869461;49.44533967971802;93.03712546825408;28.7640693038702;False;False;False;False;0.15443143370947524;0.1560107944670016;0.1808953023350248;0.24935915850357468
69.22021340482412;49.51029760732506;93.09344020804866;28.97168106758588;69.22021340482412;49.51029760732506;93.09344020804866;28.97168106758588;69.22021340482412;49.51029760732506;302.2310834991762;659.8380693864625;0.779786595175878;0.4897023926749426;69.3444973230362;49.57468593120575;93.07369768619536;28.806395679712296;False;False;False;False;0.15360798675100842;0.1534084948242466;0.18071111994293831;0.24947634075052258
69.19810057912443;49.67820497267805;92.88777825337426;28.88868749267354;69.19810057912443;49.67820497267805;92.88777825337426;28.88868749267354;69.19810057912443;49.67820497267805;301.9605624208269;659.9862665838854;0.8018994208755714;0.3217950273219472;69.30477213859558;49.55151665210724;93.09741914272308;28.853196874260902;False;False;False;False;0.15341027545161573;0.15385344989796376;0.18157021339670468;0.24656295502574627
69.14082280009863;49.54198760775861;92.97599591123335;28.829861331778567;69.14082280009863;49.54198760775861;92.97599591123335;28.829861331778567;69.14082280009863;49.54198760775861;302.2759031543087;660.2077420647204;0.8591771999013673;0.4580123922413932;69.25717520713806;49.70702600479126;93.04869771003725;28.837272748351097;False;False;False;False;0.15379195143696747;0.1537469087695506;0.18037537625006764;0.24514169156694707
69.30558318560007;49.616761057896746;92.84729704935891;28.954079188508945;69.30558318560007;49.616761057896746;92.84729704935891;28.954079188508945;69.30558318560007;49.616761057896746;302.18742457299794;659.9927782537044;0.6944168143999292;0.3832389421032545;69.22649025917053;49.574485421180725;93.04927468299866;28.821448609232903;False;False;False;False;0.15213914570090276;0.1516526071611151;0.17978318780636965;0.24418567022949694
69.17905691784387;49.44700621915457;92.88551719680136;28.81274107652948;69.17905691784387;49.44700621915457;92.88551719680136;28.81274107652948;69.17905691784387;49.44700621915457;302.57803277609605;660.3384196978035;0.8209430821561341;0.5529937808454335;69.38520085811615;49.656307339668274;92.98866629600523;28.79651665687561;False;False;False;False;0.15283990554960736;0.15215617022596464;0.17882476822407847;0.24378242194584876
69.01779327931132;49.49993761067724;92.80583666125423;28.78202200099396;69.01779327931132;49.49993761067724;92.80583666125423;28.78202200099396;69.01779327931132;49.49993761067724;302.5459024971634;660.7704060524894;0.98220672068868;0.500062389322764;69.28273677825928;49.49395298957825;92.94768810272215;28.791044428944588;False;False;False;False;0.15491292939316503;0.15215024458399964;0.17556594009219537;0.24345075914891598
69.12232027213933;49.63339081939539;92.50870555246648;28.729291739987158;69.12232027213933;49.63339081939539;92.50870555246648;28.729291739987158;69.12232027213933;49.63339081939539;302.34567106497013;660.6923129629253;0.8776797278606665;0.3666091806046125;69.1009087562561;49.55006814002991;92.93676495552064;28.79530698060989;False;False;False;False;0.15477119308308934;0.15228283314829497;0.17876965980948525;0.2417342952622392
69.42390218247728;49.90375680011313;92.6999557641784;28.717426810371496;69.42390218247728;49.90375680011313;92.6999557641784;28.717426810371496;69.42390218247728;49.90375680011313;301.85382032761527;660.2061731059641;0.5760978175227223;0.0962431998868709;69.19351327419281;49.64822125434876;92.8264844417572;28.72442781925201;False;False;False;False;0.15604427146207736;0.15292350556035061;0.17896549760459565;0.23668116179495874
69.74550408128793;50.2138001741164;92.63844417943632;28.64494437172668;69.74550408128793;50.2138001741164;92.63844417943632;28.64494437172668;69.74550408128793;50.2138001741164;301.2465660062603;659.6397823506792;0.2544959187120668;-0.2138001741164004;69.47726261615753;49.90330111980438;92.7972161769867;28.68508219718933;False;False;False;False;0.15809071583973613;0.1554761397982161;0.17924347610312996;0.23281608708951615
70.03364088172945;50.34533670566344;92.47345512533292;28.68998357002673;70.03364088172945;50.34533670566344;92.47345512533292;28.68998357002673;70.03364088172945;50.34533670566344;300.95498625328406;659.0974415389577;-0.033640881729454;-0.345336705663442;69.78291940689087;50.17875003814697;92.7313494682312;28.638354763388637;False;False;False;False;0.15957975228814028;0.15594457648599086;0.18092199546927987;0.23087678816228865
69.8668856001296;50.42065684515678;92.71571081025094;28.862982377527285;69.8668856001296;50.42065684515678;92.71571081025094;28.862982377527285;69.8668856001296;50.42065684515678;300.7583010802089;659.4264666512602;0.1331143998703936;-0.4206568451567776;70.02090060710907;50.30263066291809;92.63808965682983;28.604473993182182;False;False;False;False;0.15985399378667306;0.15599080041783114;0.1810072059682311;0.22767419836164593
69.838302431449;50.605355365528354;92.78544226227103;28.79908719473334;69.838302431449;50.605355365528354;92.78544226227103;28.79908719473334;69.838302431449;50.605355365528354;300.3328164601116;659.5013815752708;0.1616975685510056;-0.6053553655283537;69.8754997253418;50.37226986885071;92.68273949623108;28.61158862709999;False;False;False;False;0.1596558689224593;0.1570278060398447;0.18044931732318756;0.2259902099930265
69.90472307402192;50.21619455940724;92.56894533652626;28.664002161121964;69.90472307402192;50.21619455940724;92.56894533652626;28.664002161121964;69.90472307402192;50.21619455940724;301.03042402361666;659.3900999659318;0.0952769259780836;-0.2161945594072349;69.8500314950943;50.55318868160248;92.70730674266817;28.660723119974136;False;False;False;False;0.15862401427314363;0.1602249535291159;0.18090718328588934;0.2236858086554609
69.96059435906963;50.38843728973146;92.49043067859708;28.342660623643656;69.96059435906963;50.38843728973146;92.49043067859708;28.342660623643656;69.96059435906963;50.38843728973146;300.6571126217139;659.2910609859667;0.0394056409303686;-0.3884372897314634;69.92178642749786;50.17678642272949;92.69461989402772;28.686621338129044;False;False;False;False;0.1582734105550809;0.15681766947825895;0.18171574636132154;0.22376040098875374
69.83587553177429;50.27558814271798;92.34181854892212;28.438859343884445;69.83587553177429;50.27558814271798;92.34181854892212;28.438859343884445;69.83587553177429;50.27558814271798;300.83101927711;659.5457527260148;0.1641244682257081;-0.2755881427179787;69.94866514205933;50.312217116355896;92.68793225288393;28.568189442157745;False;False;False;False;0.1579838756759401;0.15676350161568242;0.18457774668938787;0.222288001669811
69.74024994482966;50.53538065183109;92.3741430045412;28.71540913480915;69.74024994482966;50.53538065183109;92.3741430045412;28.71540913480915;69.74024994482966;50.53538065183109;300.27468917318805;659.7588871623342;0.2597500551703433;-0.5353806518310904;69.84149599075317;50.21643900871277;92.5968885421753;28.44136193394661;False;False;False;False;0.15740551878990391;0.1592414055792689;0.1857755658419937;0.2234094456033124
69.91372868906019;50.66244093473748;92.234247892847;28.865226080329293;69.91372868906019;50.66244093473748;92.234247892847;28.865226080329293;69.91372868906019;50.66244093473748;299.9491845204644;659.4465630145625;0.0862713109398072;-0.6624409347374822;69.72135591506958;50.46794772148132;92.50550389289856;28.387343659996983;False;False;False;False;0.1578357710547166;0.15986323904165659;0.18653693224302265;0.22715093900595137
69.97895887035872;50.46635329602001;92.12231195400018;28.909155240590007;69.97895887035872;50.46635329602001;92.12231195400018;28.909155240590007;69.97895887035872;50.46635329602001;300.2530343399344;659.327605493424;0.0210411296412758;-0.4663532960200101;69.88057470321655;50.60345792770386;92.43187427520752;28.523964136838917;False;False;False;False;0.15764552072560883;0.16038840782044067;0.18812742919942727;0.22996190832677244
69.90764751408236;50.34480353626742;92.23017580019098;28.94286836292712;69.90764751408236;50.34480353626742;92.23017580019098;28.94286836292712;69.90764751408236;50.34480353626742;300.43395341997024;659.4730336899289;0.0923524859176438;-0.3448035362674204;69.96782422065735;50.41666901111603;92.34122395515442;28.676798045635223;False;False;False;False;0.15747579248490853;0.15711881258603644;0.18837288339035682;0.23134268393216575
69.98890814041988;50.15160651027226;92.2141496537042;29.114251449637337;69.98890814041988;50.15160651027226;92.2141496537042;29.114251449637337;69.98890814041988;50.15160651027226;300.7743736671249;659.3228261020429;0.0110918595801194;-0.1516065102722592;69.87705194950104;50.29320669174194;92.32300996780396;28.75491313636303;False;False;False;False;0.15599889500089145;0.1576974521592791;0.188447084994477;0.23364928784747946
70.1825016403237;49.999855083989694;92.39729246202428;29.15365009429048;70.1825016403237;49.999855083989694;92.39729246202428;29.15365009429048;70.1825016403237;49.999855083989694;301.0576623183204;658.937118016846;-0.1825016403236929;0.0001449160103064;69.96643793582916;50.13981306552887;92.28529691696168;28.82005453109741;False;False;False;False;0.15733221204385134;0.15822856210912906;0.18843414261862024;0.23579398171250215
70.10005232383473;49.9844613216349;92.30215554658768;29.283777379157247;70.10005232383473;49.9844613216349;92.30215554658768;29.283777379157247;70.10005232383473;49.9844613216349;301.0884691651647;659.0776830977807;-0.1000523238347312;0.0155386783650968;70.16580712795258;49.9835604429245;92.32954025268556;28.892956376075745;False;False;False;False;0.15570573389615963;0.15787876783157473;0.18755955629755397;0.23803314672463274
70.37972990182695;50.119755610418295;92.52631178169268;29.48922662456564;70.37972990182695;50.119755610418295;92.52631178169268;29.48922662456564;70.37972990182695;50.119755610418295;300.81995241138;658.5049876319516;-0.3797299018269484;-0.119755610418295;70.10021269321442;49.99089980125427;92.36316204071044;29.00423839688301;False;False;False;False;0.15788451107108606;0.15765466022072805;0.1881639775740629;0.24239574498291153
70.24830718959682;50.11481166337705;92.4093624113017;29.53930451136805;70.24830718959682;50.11481166337705;92.4093624113017;29.53930451136805;70.24830718959682;50.11481166337705;300.81387289074;658.7172024028349;-0.2483071895968152;-0.114811663377047;70.36536645889282;50.126503348350525;92.42218375205994;29.094151109457016;False;False;False;False;0.15819691874218136;0.1573397831512283;0.18812364391695313;0.2452612247562366
70.13917117490747;49.920972734590535;92.16689669485596;29.602610464293345;70.13917117490747;49.920972734590535;92.16689669485596;29.602610464293345;70.13917117490747;49.920972734590535;301.18624252652944;658.902366806934;-0.1391711749074744;0.079027265409465;70.227667927742;50.104156851768494;92.46231615543364;29.215304777026176;False;False;False;False;0.1569153371506143;0.15827872498500645;0.18958277687324773;0.2476924859773111
70.22815956219178;50.129834813235625;91.9075188783294;29.7678706462956;70.22815956219178;50.129834813235625;91.9075188783294;29.7678706462956;70.22815956219178;50.129834813235625;300.77905533796053;658.705833875711;-0.2281595621917773;-0.1298348132356253;70.12484776973724;49.95362913608551;92.41050004959106;29.32255864143372;False;False;False;False;0.15719718393609194;0.15757229723158664;0.1953025504260205;0.2509613592684927
70.38412443597507;50.04450239074559;91.85802695677658;29.84940535436046;70.38412443597507;50.04450239074559;91.85802695677658;29.84940535436046;70.38412443597507;50.04450239074559;300.9324088745092;658.3634828531856;-0.3841244359750675;-0.0445023907455919;70.20841205120087;50.13824701309204;92.30360269546507;29.38879907131195;False;False;False;False;0.15756119410280414;0.15578158800104078;0.19975926758234555;0.2531890521042975
70.08649501747723;50.1049699694312;91.99367823498044;29.772167260438952;70.08649501747723;50.1049699694312;91.99367823498044;29.772167260438952;70.08649501747723;50.1049699694312;300.80554006503854;658.9075250987179;-0.0864950174772332;-0.1049699694312025;70.36249363422394;50.061583042144775;92.15139985084534;29.47381980717182;False;False;False;False;0.15960712830412582;0.15583628514730802;0.20010598421867457;0.2539490859249723
70.03854512848767;50.13549618617893;91.93002873506414;29.71125458318732;70.03854512848767;50.13549618617893;91.93002873506414;29.71125458318732;70.03854512848767;50.13549618617893;300.73049163561893;658.9918922077001;-0.0385451284876694;-0.1354961861789334;70.06984579563141;50.11866617202759;92.06954836845398;29.55254383385181;False;False;False;False;0.1594504567668055;0.1557899326962928;0.2003306232284695;0.2543785627858943
70.21221891111962;50.17034521408834;91.74329402128124;29.62480265688184;70.21221891111962;50.17034521408834;91.74329402128124;29.62480265688184;70.21221891111962;50.17034521408834;300.6427274216429;658.6394052919711;-0.2122189111196206;-0.1703452140883428;70.02214169502258;50.14151740074158;92.02093183994292;29.54797476530075;False;False;False;False;0.1592913535272166;0.1558108011052651;0.20080838133431678;0.2543383170073376
70.36205783449027;50.30713422656008;91.71930196963228;29.24019415769317;70.36205783449027;50.30713422656008;91.71930196963228;29.24019415769317;70.36205783449027;50.30713422656008;300.3464367014877;658.3114315904139;-0.3620578344902725;-0.3071342265600805;70.18377351760864;50.15625488758087;91.97733759880066;29.4785699993372;False;False;False;False;0.1601236324317735;0.15549147007360245;0.20021646406950566;0.25522330925157993
70.36021591463825;50.20979963436124;92.04628733053228;29.12410939399569;70.36021591463825;50.20979963436124;92.04628733053228;29.12410939399569;70.36021591463825;50.20979963436124;300.50015465567736;658.2668410521859;-0.3602159146382462;-0.2097996343612393;70.28929018974304;50.26443696022034;91.92857027053832;29.35891941189766;False;False;False;False;0.1596449103376979;0.15557537047764086;0.19872675360249734;0.2561722910591393
70.241421143639;50.42982428984694;92.2432544072456;29.100614067971136;70.241421143639;50.42982428984694;92.2432544072456;29.100614067971136;70.241421143639;50.42982428984694;300.03213206012447;658.456401805566;-0.2414211436390019;-0.4298242898469411;70.31886196136475;50.1786048412323;91.94399118423462;29.18996140360832;False;False;False;False;0.15980199392375793;0.156315308444714;0.1979945932677599;0.25530445337479285
70.27415842230155;50.53610689750317;91.9940959723328;29.232876162879595;70.27415842230155;50.53610689750317;91.9940959723328;29.232876162879595;70.27415842230155;50.53610689750317;299.7622569394991;658.3587377624224;-0.2741584223015536;-0.5361068975031742;70.20293951034546;50.36739885807037;92.03706741333008;28.99581901729107;False;False;False;False;0.15973225891623477;0.15677799921364421;0.19795161664314664;0.25366997597795043
70.17387494839963;50.49957405141516;91.84364369611828;29.081116590432774;70.17387494839963;50.49957405141516;91.84364369611828;29.081116590432774;70.17387494839963;50.49957405141516;299.763841712008;658.5227502539194;-0.1738749483996287;-0.4995740514151592;70.21594154834747;50.476624965667725;92.08275973796844;28.959825411438946;False;False;False;False;0.159752134865664;0.15562748425777903;0.19851508333252735;0.24968095587542227
70.35901640259874;50.70344948401513;91.76330117592435;29.132725524214138;70.35901640259874;50.70344948401513;91.76330117592435;29.132725524214138;70.35901640259874;50.70344948401513;299.28948097328606;658.1292840190679;-0.3590164025987405;-0.7034494840151311;70.14075720310211;50.44292199611664;92.10192441940308;28.956263586878777;False;False;False;False;0.15984847129124036;0.15453269485382914;0.19921423138945374;0.2478521528529041
70.46223688024939;50.6108415834805;91.6045932136918;29.19678592649933;70.46223688024939;50.6108415834805;91.6045932136918;29.19678592649933;70.46223688024939;50.6108415834805;299.38090350982;657.8749742100867;-0.4622368802493923;-0.6108415834805001;70.29411625862122;50.62164902687073;92.02143669128418;28.96804317831993;False;False;False;False;0.1590126431419759;0.15420910000168422;0.20236646937295263;0.24880263725256396
70.27869473175252;50.70935240468019;91.78191368155298;29.082651057304638;70.27869473175252;50.70935240468019;91.78191368155298;29.082651057304638;70.27869473175252;50.70935240468019;299.1024363229565;658.1804269230472;-0.2786947317525232;-0.7093524046801889;70.3845843076706;50.54353654384613;91.87927842140198;28.93102675676346;False;False;False;False;0.15759274088591468;0.1545136668986631;0.20240220961392547;0.24919231906716058
70.35017645141278;50.71810172940748;91.87785234026856;29.206850958177405;70.35017645141278;50.71810172940748;91.87785234026856;29.206850958177405;70.35017645141278;50.71810172940748;298.99035735287794;658.0003041861597;-0.3501764514127785;-0.7181017294074792;70.2010692358017;50.62009680271149;91.83027505874634;28.94327595829964;False;False;False;False;0.1582226328957536;0.15445667674424743;0.19320504417939563;0.25039076679043865
70.2487014375957;50.69415538352164;91.76766406921976;29.31265333411993;70.2487014375957;50.69415538352164;91.76766406921976;29.31265333411993;70.2487014375957;50.69415538352164;298.94250314739526;658.1565640202722;-0.2487014375956988;-0.6941553835216396;70.28089988231659;50.65213692188263;91.84212923049928;28.953776210546494;False;False;False;False;0.15467017901931038;0.15443635820438303;0.18978298777189564;0.25226533378589944
70.25830473232242;50.89029304807868;91.60177306557642;29.374029498060857;70.25830473232242;50.89029304807868;91.60177306557642;29.374029498060857;70.25830473232242;50.89029304807868;298.45767376714497;658.1041972391394;-0.258304732322415;-0.890293048078675;70.19333231449127;50.63225185871124;91.84543371200562;28.95796582102776;False;False;False;False;0.15434200634401665;0.15635218720553928;0.19056360974131561;0.25518809543822485
70.47840166590171;51.09773099374402;91.61868658789108;29.522860546848907;70.47840166590171;51.09773099374402;91.61868658789108;29.522860546848907;70.47840166590171;51.09773099374402;297.92409213607044;657.6295627410044;-0.478401665901714;-1.0977309937440225;70.19024169445038;50.81694233417511;91.83364510536194;29.042824283242226;False;False;False;False;0.15647891462015032;0.1577507609859518;0.19020099759165446;0.2592197094537953
70.37454817317759;51.0900426283831;91.77674910686068;29.540137543987864;70.37454817317759;51.0900426283831;91.77674910686068;29.540137543987864;70.37454817317759;51.0900426283831;297.7931047342931;657.7734828376657;-0.3745481731775868;-1.0900426283831024;70.37345945835114;51.00147032737732;91.7814028263092;29.122223630547523;False;False;False;False;0.15618199332804183;0.1578714341980076;0.18988601919221756;0.2622529930998738
70.0154717976942;51.09484829046196;91.49870278807931;29.628751302316683;70.0154717976942;51.09484829046196;91.49870278807931;29.628751302316683;70.0154717976942;51.09484829046196;297.6381543930176;658.4416958322088;-0.0154717976942038;-1.094848290461961;70.31386995315552;51.008498549461365;91.7688012123108;29.180184826254845;False;False;False;False;0.15868667019745694;0.15728927053759303;0.1915726644415285;0.26518965585054444
69.95110600581168;50.9043380097865;91.5060772656226;29.44905327131401;69.95110600581168;50.9043380097865;91.5060772656226;29.44905327131401;69.95110600581168;50.9043380097865;297.8731951823069;658.5683645096146;0.0488939941883188;-0.9043380097864996;69.95069444179535;51.01948165893555;91.71534597873688;29.255182296037678;False;False;False;False;0.15858124730190132;0.1575355838755202;0.1921128466156914;0.26412545376241076
70.15979967814407;51.115076899370926;91.64405463708498;29.38316162565345;70.15979967814407;51.115076899370926;91.64405463708498;29.38316162565345;70.15979967814407;51.115076899370926;297.3311390018332;658.157496364175;-0.1597996781440684;-1.1150768993709264;69.89905965328217;50.8272271156311;91.69187366962431;29.253953769803047;False;False;False;False;0.15942067851288175;0.15969764530857852;0.19114843182372698;0.26224657655568767
70.25746002059269;51.11987528191988;91.72778968923984;29.060401247797845;70.25746002059269;51.11987528191988;91.72778968923984;29.060401247797845;70.25746002059269;51.11987528191988;297.1728653168192;657.9408690555252;-0.2574600205926884;-1.1198752819198816;70.09116554260254;51.02837669849396;91.70046269893646;29.21798884868622;False;False;False;False;0.15758546231564913;0.15993107904460602;0.18963058426831675;0.2619827571055417
70.15058539576656;51.05391679306186;91.93316617633634;28.97543296082089;70.15058539576656;51.05391679306186;91.93316617633634;28.97543296082089;70.15058539576656;51.05391679306186;297.1554655902792;658.1202903024318;-0.150585395766555;-1.053916793061859;70.193408370018;51.00995051860809;91.6988170146942;29.06958796083927;False;False;False;False;0.15595586535742936;0.1597658514741825;0.1900351175075187;0.2607646536488686
70.3604250132494;50.907862735031;92.1197034762044;28.90889691651651;70.3604250132494;50.907862735031;92.1197034762044;28.90889691651651;70.3604250132494;50.907862735031;297.30705146726604;657.6805330146973;-0.3604250132493973;-0.9078627350309958;70.09523797035217;50.95622766017914;91.80214762687685;28.92602741718292;False;False;False;False;0.1579017666994958;0.1594835313637654;0.19142413773157607;0.2607120382441131
70.24717055317966;50.79795177811791;92.1031895917932;28.93475588040989;70.24717055317966;50.79795177811791;92.1031895917932;28.93475588040989;70.24717055317966;50.79795177811791;297.4058250164214;657.8589852664035;-0.2471705531796573;-0.7979517781179126;70.29347324371338;50.79073083400726;91.94649577140808;28.77012997865677;False;False;False;False;0.1575790400335019;0.15848894966563912;0.19200047467832404;0.26064949615839655
70.01255258631488;50.64868663436744;92.0614489927901;28.92840176710937;70.01255258631488;50.64868663436744;92.0614489927901;28.92840176710937;70.01255258631488;50.64868663436744;297.59796173350657;658.2952651263757;-0.0125525863148823;-0.6486866343674436;70.17778587341309;50.69200038909912;92.04655468463898;28.72046604752541;False;False;False;False;0.15779700751892792;0.1583785352016133;0.1902455413969381;0.26031476589090824
70.2652541048896;50.82612696053832;91.98215958856038;29.08327384569664;70.2652541048896;50.82612696053832;91.98215958856038;29.08327384569664;70.2652541048896;50.82612696053832;297.15658952991583;657.788188411051;-0.2652541048896069;-0.8261269605383177;69.98232662677765;50.56383991241455;92.12411165237428;28.705098405480385;False;False;False;False;0.16007974301090339;0.15936687841098282;0.19060953801566524;0.26279883377232727
70.16373008246381;50.75526414787958;92.24342766708864;29.145234603231927;70.16373008246381;50.75526414787958;92.24342766708864;29.145234603231927;70.16373008246381;50.75526414787958;297.18816489382823;657.9558692419173;-0.1637300824638146;-0.7552641478795792;70.20065093040466;50.72449338436127;92.12761282920836;28.740197867155075;False;False;False;False;0.16006173918924646;0.1591852161728041;0.1909188888474742;0.26556846100856285
70.06973737276304;50.6930998006835;92.18455773379355;29.137325210736595;70.06973737276304;50.6930998006835;92.18455773379355;29.137325210736595;70.06973737276304;50.6930998006835;297.21179170183643;658.122023983657;-0.0697373727630434;-0.6930998006834983;70.12091708183289;50.67896378040314;92.1588283777237;28.79420466721058;False;False;False;False;0.16004057206167818;0.15689321984466828;0.19086358129654762;0.26664400667064947
69.83069288670349;50.77083110153888;92.25944704669558;28.921168472329366;69.83069288670349;50.77083110153888;92.25944704669558;28.921168472329366;69.83069288670349;50.77083110153888;296.9639157933679;658.5908146394077;0.1693071132965116;-0.7708311015388745;70.01156306266785;50.626858830451965;92.19117820262908;28.864321634173397;False;False;False;False;0.16072508508246783;0.15749253076905378;0.19092497055514857;0.26601972462224033
69.74969792389562;50.75254355576141;92.25965586837468;28.911081210965985;69.74969792389562;50.75254355576141;92.25965586837468;28.911081210965985;69.74969792389562;50.75254355576141;296.89771340471765;658.7753788467962;0.2503020761043757;-0.7525435557614131;69.81036508083344;50.70135176181793;92.2353821992874;28.843244090676308;False;False;False;False;0.16082873999649552;0.15635043819699165;0.19086093011915017;0.26345805787668136
69.80166752604521;50.54730636833413;92.18570289307036;28.95343230548763;69.80166752604521;50.54730636833413;92.18570289307036;28.95343230548763;69.80166752604521;50.54730636833413;297.207848638804;658.7048132526443;0.1983324739547924;-0.5473063683341337;69.73561978340149;50.6755793094635;92.29063391685486;28.77392046153545;False;False;False;False;0.1561361465389388;0.15678361931580745;0.1911094060503188;0.2630495822270266
70.06764436994327;50.69913566808377;92.15807928707854;28.83133827997993;70.06764436994327;50.69913566808377;92.15807928707854;28.83133827997993;70.06764436994327;50.69913566808377;296.8312158568602;658.1993038947088;-0.0676443699432667;-0.6991356680837697;69.77644431591034;50.4933260679245;92.27997303009032;28.695548847317696;False;False;False;False;0.15835326699637708;0.15800584609378532;0.19128061302613478;0.26291271448336023
70.20347419174679;50.64050593012912;92.40038511786656;28.9366452329116;70.20347419174679;50.64050593012912;92.40038511786656;28.9366452329116;70.20347419174679;50.64050593012912;296.85525724369165;657.918625001776;-0.2034741917467926;-0.6405059301291232;70.02671885490417;50.60988807678223;92.25895941257475;28.681546598672867;False;False;False;False;0.15696637248641424;0.15794313613471966;0.19163486193149767;0.2618796010694515
70.3574124975736;50.781574989672734;92.192853182671;28.853253479807595;70.3574124975736;50.781574989672734;92.192853182671;28.853253479807595;70.3574124975736;50.781574989672734;296.4877183339205;657.5836184978895;-0.3574124975736055;-0.781574989672734;70.16361880302429;50.56327641010285;92.29997038841248;28.680713921785355;False;False;False;False;0.1579325918547346;0.1576209159429029;0.1906237218047786;0.26184807468113014
70.48464237836238;50.7000185588382;92.08836281036184;28.82262444386298;70.48464237836238;50.7000185588382;92.08836281036184;28.82262444386298;70.48464237836238;50.7000185588382;296.5466211969666;657.2815037366354;-0.4846423783623805;-0.7000185588381953;70.30133807659149;50.68229639530182;92.28053033351898;28.644407242536545;False;False;False;False;0.1575335543413813;0.15743621169668473;0.19018841018753474;0.26182115621178464
70.30791076790007;50.54827266137817;92.10177605431736;28.647239506097687;70.30791076790007;50.54827266137817;92.10177605431736;28.647239506097687;70.30791076790007;50.54827266137817;296.7567771840416;657.5703479737783;-0.3079107679000685;-0.5482726613781708;70.42040646076202;50.59890842437744;92.24478423595428;28.65108586847782;False;False;False;False;0.1574506301756449;0.15663865054995543;0.1906250906689724;0.2606225936514277
70.3112936188908;50.25608785983155;92.0301994811244;28.598358226174707;70.3112936188908;50.25608785983155;92.0301994811244;28.598358226174707;70.3112936188908;50.25608785983155;297.26804376561773;657.5225275027435;-0.3112936188908008;-0.2560878598315526;70.24698603153229;50.461503744125366;92.21963346004486;28.57725627720356;False;False;False;False;0.15696300113399705;0.15605281524211476;0.19133480016554533;0.2596582403744192
70.19078520092242;50.332348909121016;92.23389722403157;28.617216287600844;70.19078520092242;50.332348909121016;92.23389722403157;28.617216287600844;70.19078520092242;50.332348909121016;297.08137661906125;657.7220385228281;-0.19078520092242;-0.3323489091210163;70.25728118419647;50.17031478881836;92.13991284370422;28.509574234485623;False;False;False;False;0.15233774277804737;0.15649550232241913;0.19130506554608265;0.2597940000128642
70.05095732368733;50.35279428249444;92.1055285342082;28.542948698152934;70.05095732368733;50.35279428249444;92.1055285342082;28.542948698152934;70.05095732368733;50.35279428249444;296.9961726844316;657.9762562505086;-0.0509573236873279;-0.3527942824944432;70.13535034656525;50.25321877002716;92.1605134010315;28.43445710837841;False;False;False;False;0.1525431672869195;0.15555655977790026;0.19137664856218203;0.25578331633916024
69.9185025858934;50.28110557063526;91.83107725246296;28.30460983299293;69.9185025858934;50.28110557063526;91.83107725246296;28.30460983299293;69.9185025858934;50.28110557063526;297.09251087048403;658.2343714162715;0.0814974141065931;-0.2811055706352618;70.00298261642456;50.279661893844604;92.16813206672668;28.4107069671154;False;False;False;False;0.1527149058768486;0.15470590235880302;0.1918213286855104;0.25010769570497665
69.9389930852493;50.16911630054137;91.815899638326;28.383649227697795;69.9389930852493;50.16911630054137;91.815899638326;28.383649227697795;69.9389930852493;50.16911630054137;297.27900866792044;658.2042567394407;0.0610069147507061;-0.1691163005413685;69.87713837623596;50.18818092346192;92.09960341453552;28.351976200938225;False;False;False;False;0.15212967003284242;0.15455664393618043;0.19356776941343407;0.2446188051917126
70.01558925208813;50.231867298230696;91.61046284661714;28.263831071750896;70.01558925208813;50.231867298230696;91.61046284661714;28.263831071750896;70.01558925208813;50.231867298230696;297.1309578324696;658.0591986610631;-0.0155892520881337;-0.2318672982306964;69.86643183231354;50.08774614334106;92.0385229587555;28.272229358553886;False;False;False;False;0.15226959139250382;0.15313219583837132;0.19780357921428696;0.24367528970174898
69.96417732578666;50.24808515481266;91.57751571653728;27.945815325922887;69.96417732578666;50.24808515481266;91.57751571653728;27.945815325922887;69.96417732578666;50.24808515481266;297.0676064795416;658.1599439467209;0.0358226742133354;-0.2480851548126637;69.95823085308075;50.130613803863525;91.89550578594208;28.18672016263008;False;False;False;False;0.15176784032494464;0.15332178882053574;0.199894246799814;0.24461058842850056
70.00474224738343;50.16596958795928;91.82905400352152;28.053790234989005;70.00474224738343;50.16596958795928;91.82905400352152;28.053790234989005;70.00474224738343;50.16596958795928;297.1987595926067;658.0835904600891;-0.004742247383433;-0.1659695879592746;69.87390601634979;50.14057362079621;91.7895919084549;28.12345802783966;False;False;False;False;0.15214140119209488;0.1512108787495738;0.19848108706806736;0.24419969262202237
70.17220615448053;49.85304762048357;91.99274082433512;27.97445198606613;70.17220615448053;49.85304762048357;91.99274082433512;27.97445198606613;70.17220615448053;49.85304762048357;297.80247424916354;657.7480303462438;-0.1722061544805342;0.1469523795164278;69.9597727060318;50.06889820098877;91.79746627807616;27.99948014318943;False;False;False;False;0.15162868071490865;0.15201128844185796;0.19750614338253958;0.243945187013932
70.28665838595299;49.69747200390844;92.23172981949028;28.02413720107556;70.28665838595299;49.69747200390844;92.23172981949028;28.02413720107556;70.28665838595299;49.69747200390844;298.133219132916;657.4961650627015;-0.2866583859529896;0.3025279960915625;70.1158732175827;49.772112250328064;91.8429684638977;27.90439024567604;False;False;False;False;0.1480708170548436;0.15217597593810575;0.2000099081604755;0.24417821552592123
70.04248092829398;49.7173650492536;92.44117961781154;28.36742414107525;70.04248092829398;49.7173650492536;92.44117961781154;28.36742414107525;70.04248092829398;49.7173650492536;298.1337701083712;657.9462988598924;-0.0424809282939833;0.2826349507463987;70.24181425571442;49.64457404613495;91.99651539325714;27.93839804828167;False;False;False;False;0.14836512683381312;0.15156025063285508;0.2044318560341495;0.24748158243070834
70.22936024263201;49.67183399507669;92.48407242731696;28.270969836888074;70.22936024263201;49.67183399507669;92.48407242731696;28.270969836888074;70.22936024263201;49.67183399507669;298.2625168768246;657.5668761074438;-0.229360242632012;0.328166004923311;70.0158463716507;49.67155647277832;92.1989279985428;27.990552634000775;False;False;False;False;0.149725097844048;0.15145210729789566;0.20613784743239774;0.2488984324727702
70.24551939591953;49.7028725227638;92.48034467601504;28.43911847681556;70.24551939591953;49.7028725227638;92.48034467601504;28.43911847681556;70.24551939591953;49.7028725227638;298.2441952887735;657.5039764351845;-0.2455193959195298;0.2971274772362022;70.21009564399719;49.63437223434448;92.35289454460144;28.09970296919346;False;False;False;False;0.14921668168053875;0.151397558647703;0.2051912189247843;0.24989922111696333
70.1716219649961;49.9435179735592;92.55502056533672;28.46867283469261;70.1716219649961;49.9435179735592;92.55502056533672;28.46867283469261;70.1716219649961;49.9435179735592;297.8025213841475;657.6190353775754;-0.1716219649961061;0.0564820264408041;70.20671463012695;49.66900169849396;92.451314330101;28.23048897087574;False;False;False;False;0.14925202597057574;0.15364311774163183;0.2047028542134313;0.2505882237569959
70.17613725871128;49.950931927115;92.29179050610549;28.43977053394871;70.17613725871128;49.950931927115;92.29179050610549;28.43977053394871;70.17613725871128;49.950931927115;297.7952244138947;657.587121861479;-0.1761372587112788;0.0490680728849994;70.1521897315979;49.88144898414612;92.51975774765016;28.246329501271248;False;False;False;False;0.1485673295148808;0.15357149752394128;0.20565764547910323;0.25116058662709495
70.07458644336107;50.05118442625833;91.91361029787996;28.481547091057514;70.07458644336107;50.05118442625833;91.91361029787996;28.481547091057514;70.07458644336107;50.05118442625833;297.60126182532605;657.7667385243512;-0.0745864433610705;-0.0511844262583309;70.1400796175003;49.90410661697388;92.4723607301712;28.312916606664658;False;False;False;False;0.1486983189319631;0.15420820107835428;0.21243007328029667;0.25160519301303663
69.63824594556894;50.04318157114549;91.9862100106762;28.32301129811558;69.63824594556894;50.04318157114549;91.9862100106762;28.32301129811558;69.63824594556894;50.04318157114549;297.610442945384;658.6294746608207;0.36175405443106;-0.0431815711454888;70.01422846317291;49.98691725730896;92.33035326004028;28.313181325793263;False;False;False;False;0.152872693965867;0.151631123471921;0.21406400974147002;0.2514973379296691
69.5607862432953;50.12637607173229;92.0530464437677;28.262967358921333;69.5607862432953;50.12637607173229;92.0530464437677;28.262967358921333;69.5607862432953;50.12637607173229;297.43829640139097;658.8326279392921;0.439213756704703;-0.1263760717322881;69.62201702594757;49.98883593082428;92.21935153007507;28.28853622078896;False;False;False;False;0.15218621030687451;0.14964093275995655;0.21349075369682574;0.2507239603603122
69.62033953728158;50.27569765117692;92.11673032854776;28.37749012222101;69.62033953728158;50.27569765117692;92.11673032854776;28.37749012222101;69.62033953728158;50.27569765117692;297.1228030996041;658.7720831855469;0.3796604627184194;-0.2756976511769196;69.55417203903198;50.06572806835175;92.11672246456146;28.24334137141705;False;False;False;False;0.15181004493893613;0.15071461928501734;0.21336449941852723;0.24915999059154195
69.57233419302966;50.15637518314571;92.07603794238928;28.422225963048884;69.57233419302966;50.15637518314571;92.07603794238928;28.422225963048884;69.57233419302966;50.15637518314571;297.3246883488429;658.9187152690798;0.4276658069703387;-0.1563751831457125;69.60251915454865;50.20276975631714;92.10447490215302;28.183441907167435;False;False;False;False;0.15106601826454966;0.15069493122539085;0.21338109055617288;0.25018867145926404
69.5262698720876;50.03504848901802;92.26076278501417;28.34428416474393;69.5262698720876;50.03504848901802;92.26076278501417;28.34428416474393;69.5262698720876;50.03504848901802;297.5464917126789;659.06786601856;0.473730127912404;-0.0350484890180169;69.54460978507996;50.104246735572815;92.14308619499208;28.195484578609467;False;False;False;False;0.1503520281022716;0.1508060350768805;0.2118742202966608;0.24543829171958798
69.46146935561451;49.87110753549107;92.42439524880255;28.355293025007818;69.46146935561451;49.87110753549107;92.42439524880255;28.355293025007818;69.46146935561451;49.87110753549107;297.8697004878637;659.2606310685612;0.5385306443854887;0.1288924645089295;69.52644288539886;49.99735414981842;92.21100509166718;28.24208334088325;False;False;False;False;0.15047802235380248;0.15009975934459044;0.210103783503111;0.24131981915334297
69.50277026203497;50.25055342593246;92.1894287456845;28.266399516034227;69.50277026203497;50.25055342593246;92.1894287456845;28.266399516034227;69.50277026203497;50.25055342593246;297.1279943689155;659.2498333416384;0.4972297379650285;-0.2505534259324591;69.48634088039398;49.84258460998535;92.30299949645996;28.23981396853924;False;False;False;False;0.15043005189819775;0.15342408655731865;0.21036334997866818;0.2386835778071775
69.3291984775824;50.169696748817074;92.17522255910812;28.49129191352816;69.3291984775824;50.169696748817074;92.17522255910812;28.49129191352816;69.3291984775824;50.169696748817074;297.2563005996886;659.6632742089388;0.6708015224176052;-0.1696967488170742;69.48661744594574;50.17624366283417;92.31118202209473;28.19715976715088;False;False;False;False;0.1505680568254741;0.1534167570499629;0.2107578510927745;0.24021312400298905
69.2857356317557;50.18580052852476;92.29775707391435;28.582837155105864;69.2857356317557;50.18580052852476;92.29775707391435;28.582837155105864;69.2857356317557;50.18580052852476;297.20146680709763;659.8396401035812;0.7142643682443008;-0.1858005285247586;69.34671330451965;50.11586248874664;92.333801984787;28.212552815675732;False;False;False;False;0.15066044447635765;0.15285917200833987;0.21075818761784829;0.2425361838930712
69.2638887841948;50.38839211264047;92.02888953583737;28.726263518220428;69.2638887841948;50.38839211264047;92.02888953583737;28.726263518220428;69.2638887841948;50.38839211264047;296.7715102350629;659.9785690478022;0.7361112158051952;-0.3883921126404672;69.28165471553802;50.148075461387634;92.34611511230467;28.253153190016747;False;False;False;False;0.1506370711935303;0.1545550054191202;0.2103077258486368;0.24648096881129355
69.3412782539963;50.3763094595036;91.99429441792556;28.701450651120865;69.3412782539963;50.3763094595036;91.99429441792556;28.701450651120865;69.3412782539963;50.3763094595036;296.74388992631793;659.9219382703067;0.6587217460037067;-0.3763094595035952;69.26780223846436;50.340596199035645;92.26977109909058;28.3943484723568;False;False;False;False;0.14950128621802583;0.15425677328084858;0.20910429961623514;0.2444437949185936
69.25000037103675;50.348490516732426;92.3324670671815;28.822623084269733;69.25000037103675;50.348490516732426;92.3324670671815;28.822623084269733;69.25000037103675;50.348490516732426;296.7493532172598;660.1923236023596;0.749999628963252;-0.3484905167324257;69.32899236679077;50.3342524766922;92.21339821815492;28.46315741539001;False;False;False;False;0.14966041260797547;0.15425004738003326;0.208921912131967;0.24407237736672968
69.33530529789816;50.349414868103146;92.51849022847436;28.836203435855666;69.33530529789816;50.349414868103146;92.51849022847436;28.836203435855666;69.33530529789816;50.349414868103146;296.7010391122874;660.1217136991652;0.6646947021018406;-0.3494148681031461;69.25865483283997;50.322266817092896;92.26208686828612;28.526224493980408;False;False;False;False;0.14958349094343815;0.15426429171982722;0.2089242750517089;0.2456644019431677
69.34273428590838;50.3597193145514;92.63698635746292;28.93009668668381;69.34273428590838;50.3597193145514;92.63698635746292;28.93009668668381;69.34273428590838;50.3597193145514;296.63384157031044;660.195481683425;0.657265714091622;-0.3597193145513984;69.34455609321594;50.323089599609375;92.33457565307616;28.554996103048325;False;False;False;False;0.1495291450650477;0.15324643074016475;0.21058512943592106;0.2474676851964129
69.65650992830075;50.47729403374827;92.75190612398454;28.690418103789053;69.65650992830075;50.47729403374827;92.75190612398454;28.690418103789053;69.65650992830075;50.47729403374827;296.3507295566432;659.6555658271858;0.3434900716992501;-0.4772940337482723;69.35512089729309;50.32887327671051;92.4764847755432;28.623521476984024;False;False;False;False;0.15185213168796172;0.14919915977237325;0.21209153758813792;0.24647829402819738
69.79555444315919;50.57120248584425;92.81384244836462;28.53287417163141;69.79555444315919;50.57120248584425;92.81384244836462;28.53287417163141;69.79555444315919;50.57120248584425;296.0992734479514;659.4232754736955;0.2044455568408096;-0.5712024858442533;69.64131093025208;50.41397249698639;92.64737367630003;28.60886849462986;False;False;False;False;0.15149573033602567;0.14983701157556592;0.2121606665133626;0.2462775267158484
69.84969000823173;50.54860969745053;92.88615568262128;28.577385456630317;69.84969000823173;50.54860969745053;92.88615568262128;28.577385456630317;69.84969000823173;50.54860969745053;296.06829869329295;659.3422637511292;0.1503099917682675;-0.5486096974505301;69.77495777606964;50.48280966281891;92.75061905384064;28.54101598262787;False;False;False;False;0.1492507159417906;0.14971643801645393;0.2125016577966319;0.24537448965793657
69.67800584158049;50.645259649244494;92.51369091901792;28.572823524034376;69.67800584158049;50.645259649244494;92.51369091901792;28.572823524034376;69.67800584158049;50.645259649244494;295.80185083004494;659.7056734166674;0.321994158419514;-0.645259649244494;69.83716428279877;50.48122978210449;92.82758593559264;28.400344401597977;False;False;False;False;0.14890637125483816;0.14991735939042766;0.21395345932736898;0.24555530962164418
69.95019158328789;50.90148120050159;92.51609737843144;28.56433087112821;69.95019158328789;50.90148120050159;92.51609737843144;28.56433087112821;69.95019158328789;50.90148120050159;295.2033731076315;659.2042344877085;0.0498084167121106;-0.9014812005015856;69.64458131790161;50.56237411499024;92.78902053833008;28.352808877825737;False;False;False;False;0.1516983762897278;0.15307541377818187;0.2154346208561735;0.24618014512230613
69.84041862333976;50.82100043416753;92.29370383930326;28.50607327030444;69.84041862333976;50.82100043416753;92.29370383930326;28.50607327030444;69.84041862333976;50.82100043416753;295.2441371468994;659.4304215298331;0.1595813766602418;-0.8210004341675301;69.90856659412384;50.78981816768646;92.71734476089478;28.36264692246914;False;False;False;False;0.15118505166073415;0.1515269110792938;0.21917272694697948;0.2464124665607461
69.79738225699279;50.56406690557273;92.21018847949529;28.180041827601027;69.79738225699279;50.56406690557273;92.21018847949529;28.180041827601027;69.79738225699279;50.56406690557273;295.64853747953333;659.537771779415;0.2026177430072095;-0.5640669055727301;69.7917971611023;50.711387634277344;92.59060084819794;28.33305574953556;False;False;False;False;0.1508553726089189;0.15188161817172394;0.22214634136492953;0.24633901900912925
69.71618313296347;50.135825167895725;92.3236218935916;28.259966075738408;69.71618313296347;50.135825167895725;92.3236218935916;28.259966075738408;69.71618313296347;50.135825167895725;296.42981203414433;659.7271857265413;0.2838168670365348;-0.1358251678957245;69.74843859672546;50.458205699920654;92.43835210800172;28.25402356684208;False;False;False;False;0.14969006948795255;0.1547391132630727;0.22162409125402974;0.24618135005215586
69.64723224998856;50.15148282153627;92.56710865942844;28.32570698849311;69.64723224998856;50.15148282153627;92.56710865942844;28.32570698849311;69.64723224998856;50.15148282153627;296.38038670447713;659.9029297414293;0.3527677500114379;-0.1514828215362698;69.69075047969818;50.07237255573273;92.4079167842865;28.161260411143303;False;False;False;False;0.14973520971097276;0.15227207287991204;0.22160389132459254;0.2460007608481541
69.5940935957433;50.019003448882295;92.667287619874;28.47334749082084;69.5940935957433;50.019003448882295;92.667287619874;28.47334749082084;69.5940935957433;50.019003448882295;296.6251477402469;660.0562427499214;0.4059064042566973;-0.0190034488822945;69.62092113494873;50.10467886924744;92.43769645690918;28.082134798169136;False;False;False;False;0.14948872204033703;0.15191459283251213;0.22219587366075377;0.2487946370795881
69.37622012779448;49.92709946837176;92.65063783513698;28.30542394088429;69.37622012779448;49.92709946837176;92.65063783513698;28.30542394088429;69.37622012779448;49.92709946837176;296.8064219080837;660.5461105397198;0.6237798722055174;0.0729005316282425;69.59141159057617;49.98682391643524;92.5386208295822;28.16853404045105;False;False;False;False;0.1498380253575258;0.15202060360445993;0.2220576478807983;0.2485455343104123
69.19739975107036;49.858446938441226;92.7572785799932;28.09777581293517;69.19739975107036;49.858446938441226;92.7572785799932;28.09777581293517;69.19739975107036;49.858446938441226;296.95344703882853;660.9869219427954;0.802600248929636;0.1415530615587741;69.38738226890564;49.90637791156769;92.65325486660004;28.212779834866524;False;False;False;False;0.15057476686196125;0.1517337998446419;0.2213973574844896;0.2471823323244474
69.05969233634806;49.79952044265347;92.62983758872868;28.13457298754433;69.05969233634806;49.79952044265347;92.62983758872868;28.13457298754433;69.05969233634806;49.79952044265347;297.0901737719452;661.369350138764;0.940307663651936;0.200479557346533;69.22380065917969;49.81993389129639;92.75332689285278;28.187334835529327;False;False;False;False;0.14965864140765808;0.1512814953790519;0.2213821266132742;0.2470321753494334
68.88734805602027;49.96665556932792;92.67405019290116;28.109006010906167;68.88734805602027;49.96665556932792;92.67405019290116;28.109006010906167;68.88734805602027;49.96665556932792;296.7826341262425;661.8394130545732;1.1126519439797278;0.0333444306720807;69.09265673160553;49.77420377731323;92.76638746261597;28.072483614087105;False;False;False;False;0.150926949514457;0.15198537234475065;0.22154664691364423;0.2466903016862875
68.8114722574552;49.85446508218696;92.61169173648103;28.26512069255184;68.8114722574552;49.85446508218696;92.61169173648103;28.26512069255184;68.8114722574552;49.85446508218696;297.01146102461405;662.1395182442341;1.1885277425448066;0.1455349178130447;68.91547501087189;49.93625044822693;92.7761697769165;27.997340261936188;False;False;False;False;0.15091919305462775;0.15201159712816284;0.22209689244792014;0.2459281947821688
68.7061454732629;49.74069973299389;92.59795118727328;28.211131844341462;68.7061454732629;49.74069973299389;92.59795118727328;28.211131844341462;68.7061454732629;49.74069973299389;297.2583963787086;662.5086421782913;1.2938545267371069;0.2593002670061111;68.87847054004669;49.843670129776;92.77316689491272;28.03216189146042;False;False;False;False;0.15107329722373905;0.15159571925228377;0.22249142542518904;0.2446551388124051
68.7597068488494;49.51737321776457;92.38199045695283;28.20273158499604;68.7597068488494;49.51737321776457;92.38199045695283;28.20273158499604;68.7597068488494;49.51737321776457;297.73962277810136;662.5740333640166;1.2402931511505957;0.4826267822354282;68.77649390697479;49.73796331882477;92.74514436721802;28.056305423378944;False;False;False;False;0.15087763216693043;0.15275483707388562;0.22513450532178114;0.24299170953851076
68.973566581214;49.73983694871444;92.03746742924852;28.573660567696137;68.973566581214;49.73983694871444;92.03746742924852;28.573660567696137;68.973566581214;49.73983694871444;297.359045553833;662.3116863194408;1.0264334187859987;0.2601630512855593;68.81741869449615;49.525688886642456;92.69431173801422;28.110241740942;False;False;False;False;0.1515160187255661;0.1537816792199979;0.23355668156491885;0.24652841436071118
69.16448550252001;49.88841592292472;92.06389752984948;28.39768420593812;69.16448550252001;49.88841592292472;92.06389752984948;28.39768420593812;69.16448550252001;49.88841592292472;297.0965760122506;662.0667062660002;0.8355144974799913;0.1115840770752853;68.98540115356445;49.74872863292694;92.53502786159515;28.157104402780533;False;False;False;False;0.15201393907568778;0.15423521640498605;0.23782984000635862;0.2470912213192738
69.23772640520178;49.9873938112284;92.24873521718622;28.346680116361348;69.23772640520178;49.9873938112284;92.24873521718622;28.346680116361348;69.23772640520178;49.9873938112284;296.9134981125866;662.031626393634;0.7622735947982164;0.0126061887716062;69.17030596733093;49.86453008651733;92.40018010139464;28.23668405413628;False;False;False;False;0.15180947502787978;0.15420708573582714;0.23742788107292043;0.2472905437214446
69.11278293425512;49.86701369808673;92.237833765597;28.520357539370604;69.11278293425512;49.86701369808673;92.237833765597;28.520357539370604;69.11278293425512;49.86701369808673;297.15593916403947;662.3831498148338;0.8872170657448777;0.1329863019132702;69.26327693462372;49.9665447473526;92.32596695423126;28.304807022213936;False;False;False;False;0.15208201732885404;0.1536953757894876;0.23747539136766788;0.24814208774036453
69.08112731383672;49.9138767658542;92.22273593544892;28.46575954655896;69.08112731383672;49.9138767658542;92.22273593544892;28.46575954655896;69.08112731383672;49.9138767658542;297.0799445354263;662.5647566644366;0.918872686163283;0.086123234145802;69.13367486000061;49.87664020061493;92.3089200258255;28.251472264528275;False;False;False;False;0.15197753880175197;0.15368352581105735;0.23683585605605148;0.24866046029543512
69.12969524452365;49.97672254465822;92.17039210377824;28.31550494820365;69.12969524452365;49.97672254465822;92.17039210377824;28.31550494820365;69.12969524452365;49.97672254465822;296.96573607570434;662.5901371612179;0.8703047554763543;0.0232774553417769;69.1029691696167;49.90046632289887;92.3585593700409;28.27194906771183;False;False;False;False;0.15072274099982788;0.15255571035877324;0.23731072231731987;0.24869032549647066
69.0690017054519;50.13050030397391;92.07486740905802;28.42039865300465;69.0690017054519;50.13050030397391;92.07486740905802;28.42039865300465;69.0690017054519;50.13050030397391;296.6612842177852;662.8275648734249;0.930998294548104;-0.1305003039739105;69.15018236637115;49.943735003471375;92.3778748512268;28.299507722258568;False;False;False;False;0.1487922026936661;0.1535904348856457;0.23867995613197254;0.2489558155839923
69.26061098190891;50.12765766714914;92.1760224884374;28.531828730284715;69.26061098190891;50.12765766714914;92.1760224884374;28.531828730284715;69.26061098190891;50.12765766714914;296.64956945090483;662.5684794264506;0.7393890180910887;-0.127657667149144;69.08875024318695;50.109888672828674;92.3441743850708;28.24877180159092;False;False;False;False;0.14967786058943305;0.15339418781161385;0.2357104072278285;0.2503352843565655
69.40122712325596;50.23630985538781;92.39728054578944;28.47112385413894;69.40122712325596;50.23630985538781;92.39728054578944;28.47112385413894;69.40122712325596;50.23630985538781;296.41524405214096;662.3858323461686;0.5987728767440359;-0.2363098553878089;69.24599850177765;50.1106595993042;92.32984840869904;28.238112553954124;False;False;False;False;0.14879509065810245;0.1519199856888516;0.23548926158047093;0.251318310609104
69.43468653584357;50.43149358635657;92.28623119783316;28.535987099734413;69.43468653584357;50.43149358635657;92.28623119783316;28.535987099734413;69.43468653584357;50.43149358635657;295.99336860948506;662.3987499045593;0.5653134641564321;-0.4314935863565665;69.3929135799408;50.21197593212128;92.37687826156616;28.292234912514687;False;False;False;False;0.14663464760678843;0.15047027382296546;0.2351610569593447;0.25236161538116614
69.28354043556723;50.58588467957223;92.20996528306006;28.37227310469827;69.28354043556723;50.58588467957223;92.20996528306006;28.37227310469827;69.28354043556723;50.58588467957223;295.62705394487284;662.7764172336662;0.7164595644327676;-0.5858846795722314;69.43529379367828;50.3967182636261;92.4044942855835;28.320541828870773;False;False;False;False;0.1453946669778853;0.1507127363444373;0.23460627634109577;0.25236180614674036
69.0443214597349;50.59799326300482;91.97859310497483;28.644877392895552;69.0443214597349;50.59799326300482;91.97859310497483;28.644877392895552;69.0443214597349;50.59799326300482;295.5247188207314;663.3503831272552;0.9556785402650974;-0.5979932630048168;69.26526474952698;50.52418041229248;92.4218624830246;28.28208215534687;False;False;False;False;0.14617711316153362;0.1504567088399217;0.2382678827955857;0.25352616382449716
69.00465000562195;50.5856014247019;92.25671037563646;28.337465781642507;69.00465000562195;50.5856014247019;92.25671037563646;28.337465781642507;69.00465000562195;50.5856014247019;295.4697700622699;663.5571498408498;0.9953499943780456;-0.585601424701899;69.02822732925415;50.54380965232849;92.3692923784256;28.29784318804741;False;False;False;False;0.14615137161870254;0.1488596666577483;0.2383084534056986;0.2529232900029515
69.11642803823045;50.4111089819356;92.63898004119667;28.27806319918401;69.11642803823045;50.4111089819356;92.63898004119667;28.27806319918401;69.11642803823045;50.4111089819356;295.74067475784227;663.4663071082165;0.8835719617695474;-0.4111089819355982;69.01923549175262;50.53027522563934;92.34376788139345;28.25934581458569;False;False;False;False;0.14635199781685554;0.14579398898210247;0.23960208351450082;0.2529293929004016
68.96526068150487;50.52266226169785;92.638937184251;28.0999560461628;68.96526068150487;50.52266226169785;92.638937184251;28.0999560461628;68.96526068150487;50.52266226169785;295.46275366739303;663.8864514165703;1.0347393184951272;-0.5226622616978531;69.13646125793457;50.37157499790192;92.44233191013336;28.25608640909195;False;False;False;False;0.14721299908528704;0.14510744816242307;0.23954441275066252;0.2512356422735314
68.91699939820892;50.34074274677398;92.5204972939938;28.270027893535342;68.91699939820892;50.34074274677398;92.5204972939938;28.270027893535342;68.91699939820892;50.34074274677398;295.7569043956811;664.1209392256281;1.0830006017910847;-0.3407427467739765;68.98845720291138;50.47223103046417;92.55936563014984;28.09157945215702;False;False;False;False;0.1469776761846371;0.14560614227120175;0.23728931087851296;0.2515090066389507
68.80260747244706;50.33169409953881;92.51521427911769;28.454702063817223;68.80260747244706;50.33169409953881;92.51521427911769;28.454702063817223;68.80260747244706;50.33169409953881;295.7295693239149;664.4941231573906;1.1973925275529351;-0.331694099538808;68.92498886585236;50.29808461666107;92.67274737358092;28.05111676454544;False;False;False;False;0.14712377430605958;0.14243123313647485;0.23681379293381946;0.2530904450576727
69.05045672907012;50.22283365128455;92.91865104261636;28.25306788617644;69.05045672907012;50.22283365128455;92.91865104261636;28.25306788617644;69.05045672907012;50.22283365128455;295.90306434048495;664.1580769811516;0.9495432709298796;-0.2228336512845459;68.83566164970398;50.31288433074951;92.7262943983078;28.0622947961092;False;False;False;False;0.14740556879247696;0.14147963855670181;0.23611064891954378;0.2496187608766458
69.1419744189506;50.01376197507831;92.73639080966136;28.249285895492683;69.1419744189506;50.01376197507831;92.73639080966136;28.249285895492683;69.1419744189506;50.01376197507831;296.2914965393928;664.1016473708479;0.8580255810494037;-0.0137619750783102;69.08878135681152;50.19348061084747;92.8141975402832;28.15578654408455;False;False;False;False;0.14719418978556478;0.14191273893387038;0.23437598572440804;0.24706307215107287
69.01793758170501;50.03034292744851;92.87153922068444;28.280567267379983;69.01793758170501;50.03034292744851;92.87153922068444;28.280567267379983;69.01793758170501;50.03034292744851;296.256499704642;664.4641244561457;0.9820624182949872;-0.0303429274485083;69.16095805168152;50.00733125209808;92.83875823020936;28.166376128792763;False;False;False;False;0.14771310843989138;0.14176419898792345;0.23415756536391968;0.24599822580047428
69.12344243572288;49.89894927269141;93.09491202168904;28.51772476981456;69.12344243572288;49.89894927269141;93.09491202168904;28.51772476981456;69.12344243572288;49.89894927269141;296.5152412904964;664.3840564038826;0.8765575642771211;0.1010507273085963;69.07584846019745;50.01531362533569;92.92771697044373;28.098747357726097;False;False;False;False;0.14739746030890594;0.1415553134351537;0.23446995956184083;0.2468544294835511
69.20222885842001;49.87067096437683;93.18915774090829;28.368212471135948;69.20222885842001;49.87067096437683;93.18915774090829;28.368212471135948;69.20222885842001;49.87067096437683;296.58527133743337;664.343357900392;0.797771141579986;0.1293290356231722;69.19473361968994;49.92330372333527;93.05988311767578;28.152598440647125;False;False;False;False;0.14595247974505654;0.14101423894927528;0.2345507647932431;0.24565839991713137
69.36462595577947;50.07872595198136;93.1570550111762;28.232144160724747;69.36462595577947;50.07872595198136;93.1570550111762;28.232144160724747;69.36462595577947;50.07872595198136;296.1864052336407;664.1249331912171;0.6353740442205265;-0.0787259519813616;69.23352193832397;49.88931727409363;93.13954472541808;28.21256510913372;False;False;False;False;0.14635257760685702;0.14216592579177245;0.23454217351217635;0.2428229381536819
69.21905655699678;50.16649361246368;93.15830604065218;28.306349623267977;69.21905655699678;50.16649361246368;93.15830604065218;28.306349623267977;69.21905655699678;50.16649361246368;296.0003731190785;664.5007885280119;0.780943443003224;-0.1664936124636824;69.3844610452652;50.05906629562378;93.2235598564148;28.24031144380569;False;False;False;False;0.14476712465095665;0.14200394869777383;0.2341084373771489;0.23846240760434156
69.49315742046417;50.13850097895483;93.32587127221198;28.163440947927093;69.49315742046417;50.13850097895483;93.32587127221198;28.163440947927093;69.49315742046417;50.13850097895483;296.0341592377677;664.0567125934775;0.506842579535828;-0.1385009789548306;69.25916302204132;50.14711093902588;93.27728390693665;28.14712129533291;False;False;False;False;0.14605035706074354;0.14200194604775682;0.2341510777820459;0.23465990791856303
69.46574997688346;50.358495043926354;93.14555793919764;28.180182382243547;69.46574997688346;50.358495043926354;93.14555793919764;28.180182382243547;69.46574997688346;50.358495043926354;295.57570431063067;664.1791064912437;0.5342500231165417;-0.3584950439263537;69.54701936244965;50.107112646102905;93.32731008529665;28.086962029337883;False;False;False;False;0.14601216591593333;0.14294746282519652;0.23309578951460153;0.2319064133552917
69.78175043285385;50.35333399408648;93.1255583078585;27.94284829000935;69.78175043285385;50.35333399408648;93.1255583078585;27.94284829000935;69.78175043285385;50.35333399408648;295.5382270711202;663.6183389157185;0.2182495671461453;-0.3533339940864834;69.50759840011597;50.31641745567322;93.31219732761384;28.06655570864677;False;False;False;False;0.14800604398269973;0.14200038009700058;0.2288021226238431;0.2282913816880946
69.70644184446141;50.454253662496576;93.25386010849424;28.072563170541237;69.70644184446141;50.454253662496576;93.25386010849424;28.072563170541237;69.70644184446141;50.454253662496576;295.2892765350885;663.7980560347895;0.2935581555385909;-0.4542536624965763;69.78503513336182;50.295547127723694;93.2873022556305;27.977010160684586;False;False;False;False;0.14724558517821107;0.14252437061802092;0.2248459246843302;0.22421250623105962
69.79059669588717;50.55142817803056;93.17431132816348;28.301693898751523;69.79059669588717;50.55142817803056;93.17431132816348;28.301693898751523;69.79059669588717;50.55142817803056;295.03436034902103;663.6688874193432;0.2094033041128256;-0.5514281780305552;69.70536005496979;50.38696587085724;93.31075489521028;27.925253063440323;False;False;False;False;0.145102750663136;0.14332471109744738;0.22471935268977136;0.22527828798589689
69.71158517678373;50.730170707504655;93.41759015818148;28.316499979406945;69.71158517678373;50.730170707504655;93.41759015818148;28.316499979406945;69.71158517678373;50.730170707504655;294.60335153300207;663.8548308980984;0.2884148232162715;-0.7301707075046551;69.79251277446747;50.49769926071167;93.27455639839172;27.90520161390305;False;False;False;False;0.1452771161296457;0.14501964548501797;0.22473943600215712;0.22816483311365002
69.5585115158473;50.50465899293829;93.44661013498538;28.289471653603137;69.5585115158473;50.50465899293829;93.44661013498538;28.289471653603137;69.5585115158473;50.50465899293829;294.95701886780085;664.1994335297334;0.4414884841526998;-0.504658992938289;69.70470321178436;50.663130402565;93.346586227417;28.01645822823048;False;False;False;False;0.14481465005265043;0.14577875135949728;0.22337863440878047;0.22952806964775455
69.77270354246834;50.61835768541961;93.3536488387956;28.487123463334125;69.77270354246834;50.61835768541961;93.3536488387956;28.487123463334125;69.77270354246834;50.61835768541961;294.6623336171131;663.8299146077117;0.2272964575316649;-0.6183576854196104;69.58240592479706;50.45389127731323;93.42114686965942;28.107028231024746;False;False;False;False;0.1449535662746488;0.1459122869378401;0.22211289456217467;0.23125731766170443
69.8996218611717;50.66915786490647;93.47308372132548;28.80216001281792;69.8996218611717;50.66915786490647;93.47308372132548;28.80216001281792;69.8996218611717;50.66915786490647;294.4782855667501;663.6063841646425;0.1003781388283044;-0.6691578649064667;69.76869010925293;50.56568253040314;93.44937920570374;28.136145696043968;False;False;False;False;0.14533289893895004;0.14615264157134136;0.2218406424406716;0.23877021080700286
70.17830447749276;50.60585271143415;93.44115491283137;28.64078570726507;70.17830447749276;50.60585271143415;93.44115491283137;28.64078570726507;70.17830447749276;50.60585271143415;294.5156748250405;663.0624026838441;-0.1783044774927589;-0.605852711434153;69.90672397613525;50.6296728849411;93.51340353488922;28.23659062385559;False;False;False;False;0.14743690653685976;0.1441943637630871;0.22010578359623165;0.24171027381853064
70.16234192140513;50.60637627997887;93.42841640939191;28.6782508196321;70.16234192140513;50.60637627997887;93.42841640939191;28.6782508196321;70.16234192140513;50.60637627997887;294.4338473264266;663.070553865687;-0.1623419214051296;-0.6063762799788677;70.16949236392975;50.56061792373657;93.50188374519348;28.370577841997147;False;False;False;False;0.1472820284789309;0.14336073457956916;0.22017910192437398;0.24243257324140435
69.99134073089486;50.37959156501143;93.456210350857;28.554882880533167;69.99134073089486;50.37959156501143;93.456210350857;28.554882880533167;69.99134073089486;50.37959156501143;294.8065665856976;663.3909106571869;0.0086592691051379;-0.379591565011431;70.14692807197571;50.56312775611877;93.49739909172058;28.45163270831108;False;False;False;False;0.14797288978633222;0.14440825640652047;0.21903075941247196;0.2423566085992734
70.02346458253275;50.65252313245093;93.42012401601728;28.826871442980377;70.02346458253275;50.65252313245093;93.42012401601728;28.826871442980377;70.02346458253275;50.65252313245093;294.21009124215044;663.3278175231251;-0.0234645825327532;-0.6525231324509306;69.98815524578094;50.35312461853027;93.52229416370392;28.383139297366142;False;False;False;False;0.14654093574480465;0.14509172005722473;0.2168569937376561;0.24544577687092328
70.1653721514758;50.58336225885345;93.25478415483384;28.657969454079836;70.1653721514758;50.58336225885345;93.25478415483384;28.657969454079836;70.1653721514758;50.58336225885345;294.26140990501864;663.0408737742347;-0.1653721514757933;-0.5833622588534482;70.00114345550537;50.60254180431366;93.51473450660706;28.405594527721405;False;False;False;False;0.14650080870237317;0.14509958490447095;0.21461976591168322;0.24565624709086656
70.28008433186393;50.81374984226977;93.31523080974284;28.44162294788152;70.28008433186393;50.81374984226977;93.31523080974284;28.44162294788152;70.28008433186393;50.81374984226977;293.7228531036722;662.7893997932616;-0.2800843318639323;-0.8137498422697718;70.13719987869263;50.53423357009888;93.4675407409668;28.40909242630005;False;False;False;False;0.14678608211269342;0.14667720576594684;0.2149101134255057;0.24525010234720018
70.08832593712984;50.87474417995864;93.061921243267;28.298675421433195;70.08832593712984;50.87474417995864;93.061921243267;28.298675421433195;70.08832593712984;50.87474417995864;293.4923644493252;663.135572005148;-0.0883259371298379;-0.8747441799586397;70.23169195652008;50.73097538948059;93.43523025512695;28.418939486145973;False;False;False;False;0.1467340755797834;0.14701968932773113;0.21779045964581362;0.24422845232663568
70.10360443055934;50.727141162337126;93.23595219985874;28.1379762768173;70.10360443055934;50.727141162337126;93.23595219985874;28.1379762768173;70.10360443055934;50.727141162337126;293.6709379272404;663.0932382266717;-0.1036044305593435;-0.7271411623371264;70.05082154273987;50.7759553194046;93.33415508270264;28.255153745412827;False;False;False;False;0.14678825431063539;0.14703877244746097;0.2178759868356161;0.24207750132338582
70.12076338107383;50.37774970348588;93.28798981256531;28.013109332655045;70.12076338107383;50.37774970348588;93.28798981256531;28.013109332655045;70.12076338107383;50.37774970348588;294.2727686899646;663.0451064015682;-0.1207633810738286;-0.3777497034858754;70.08788132667542;50.63795256614685;93.29814672470091;28.097054958343502;False;False;False;False;0.14669098289244423;0.14707339975304176;0.2166359886286237;0.23893903208469977
70.14988437379318;50.40025484109049;93.63590231019263;28.0640359579236;70.14988437379318;50.40025484109049;93.63590231019263;28.0640359579236;70.14988437379318;50.40025484109049;294.17739178762395;662.9707626319863;-0.1498843737931849;-0.4002548410904865;70.09399342536926;50.31694638729096;93.30422461032867;27.976338118314743;False;False;False;False;0.14419351012326648;0.14483414865327052;0.21797059027965857;0.23466341103390945
70.26126110441133;50.52702841193127;93.7049573233895;28.25741870295787;70.26126110441133;50.52702841193127;93.7049573233895;28.25741870295787;70.26126110441133;50.52702841193127;293.870477333797;662.7280245875776;-0.2612611044113322;-0.5270284119312691;70.15084493160248;50.32210087776184;93.396435379982;27.89096169173717;False;False;False;False;0.1445772855824028;0.1459019785998384;0.219946145007738;0.2338803018370612
70.08151708835209;50.252700956802286;93.87924353920543;28.26685672119017;70.08151708835209;50.252700956802286;93.87924353920543;28.26685672119017;70.08151708835209;50.252700956802286;294.3488617891308;663.0526778057746;-0.0815170883520863;-0.2527009568022862;70.251189827919;50.461939334869385;93.5454648733139;27.89306305348873;False;False;False;False;0.14267039079547691;0.14702928065257573;0.22073943455507022;0.23268217373569686
69.85369844780756;50.050055719779344;93.88161845364624;28.284597908288088;69.85369844780756;50.050055719779344;93.88161845364624;28.284597908288088;69.85369844780756;50.050055719779344;294.7204588022697;663.4974461417501;0.1463015521924404;-0.050055719779344;70.0851502418518;50.204325437545776;93.6834990978241;27.96826623380184;False;False;False;False;0.1443670262230048;0.14735480115242883;0.22064588374112049;0.23389953380203973
69.81269150083843;49.9341110665796;93.88075718110356;28.21608818679188;69.81269150083843;49.9341110665796;93.88075718110356;28.21608818679188;69.81269150083843;49.9341110665796;294.94567401269865;663.598966909314;0.1873084991615741;0.0658889334204033;69.88038456439972;50.029380440711975;93.82727026939392;28.058424815535545;False;False;False;False;0.14235676051071128;0.14506101763622892;0.22065771212363863;0.23405811591901937
69.8558530409034;50.13628679772222;93.81034153204068;28.163102379767054;69.8558530409034;50.13628679772222;93.81034153204068;28.163102379767054;69.8558530409034;50.13628679772222;294.5501077415361;663.5376182957389;0.1441469590966022;-0.1362867977222208;69.86050641536713;49.92149567604065;93.89136672019958;28.06188747286797;False;False;False;False;0.14147171254113355;0.14623953287568037;0.22077753442770454;0.23377461531951432
69.49105207076306;50.14037375582232;93.7982995947491;28.1119506501954;69.49105207076306;50.14037375582232;93.7982995947491;28.1119506501954;69.49105207076306;50.14037375582232;294.5237622523063;664.2864398305658;0.508947929236939;-0.1403737558223241;69.8683090209961;50.10069978237152;93.907653093338;28.040466532111168;False;False;False;False;0.14591579136925367;0.1462283736366672;0.2198912505177512;0.23370158904750887
69.41102699144035;49.81849169562093;93.66947130752575;28.01113101149125;69.41102699144035;49.81849169562093;93.66947130752575;28.01113101149125;69.41102699144035;49.81849169562093;295.1488098719328;664.5143497131095;0.5889730085596483;0.1815083043790721;69.53731191158295;50.11001658439636;93.9047747850418;27.991845905780792;False;False;False;False;0.14421195613450866;0.14877526349246206;0.2189492227364318;0.23370311509993655
69.59101730623676;49.555910206313655;93.75987525843642;28.28069980882901;69.59101730623676;49.555910206313655;93.75987525843642;28.28069980882901;69.59101730623676;49.555910206313655;375.69817395779785;664.2328988179913;0.4089826937632352;40.444089793686345;69.46442651748657;49.81704378128052;93.86186242103577;27.938351333141327;False;False;False;False;0.144648822412367;0.15084270238589578;0.21865523428958827;0.2354490265640066
70.0316100643026;49.38165770664998;93.79296925342068;29.15326873004921;70.0316100643026;49.38165770664998;93.79296925342068;29.15326873004921;70.0316100643026;49.38165770664998;381.43922426295006;663.4062443276947;-0.0316100643025976;40.61834229335002;69.9805566072464;49.67375862598419;93.8368558883667;28.568305000662804;False;False;False;False;0.14387069374626285;0.15333665163073304;0.21869065863903842;0.24115125682125813
70.53697894501676;49.26551573938207;93.92852733778216;30.252003899182487;70.53697894501676;49.26551573938207;93.92852733778216;30.252003899182487;70.53697894501676;49.26551573938207;387.08728716993255;662.3912918910261;-0.5369789450167559;40.73448426061793;70.43520617485046;49.53015196323395;93.83981943130492;29.606035128235817;False;False;False;False;0.14165178675412382;0.15337334117134596;0.2184352444840337;0.246266506466019
71.06232716220673;49.38106213007073;93.66204814810958;31.314595800361;71.06232716220673;49.38106213007073;93.66204814810958;31.314595800361;71.06232716220673;49.38106213007073;392.2874589566376;661.2689982639772;-1.0623271622067278;40.61893786992927;70.93118500709534;49.47254681587219;93.86733055114746;30.997681617736816;False;False;False;False;0.14215901058016697;0.15359316402506987;0.21903222992252508;0.2450894268025471
71.51617060857018;49.54021008682695;93.77216103438988;32.39780271553647;71.51617060857018;49.54021008682695;93.77216103438988;32.39780271553647;71.51617060857018;49.54021008682695;397.3850214257824;660.2196677496228;-1.516170608570178;40.45978991317305;71.44301104545593;49.61846625804901;93.81973683834076;32.001905515789986;False;False;False;False;0.1422463685703312;0.15376838560109846;0.219065461559066;0.24581171415465797
71.97610223420628;49.76963329457043;93.91108858064752;33.43649745836473;71.97610223420628;49.76963329457043;93.91108858064752;33.43649745836473;71.97610223420628;49.76963329457043;402.3208136653852;659.0976484172079;-1.97610223420628;40.23036670542957;71.935577750206;49.8216347694397;93.8047093153;33.08149814605713;False;False;False;False;0.14124998613384415;0.15323466684934123;0.2192035235764249;0.24807196203836748
72.47566373994626;50.26057181813184;93.9319886785914;34.66663413089808;72.47566373994626;50.26057181813184;93.9319886785914;34.66663413089808;72.47566373994626;50.26057181813184;406.7029855123197;657.8350451078338;-2.475663739946256;39.73942818186816;72.38576078414917;50.073803782463074;93.80770564079285;34.1426382958889;False;False;False;False;0.14139157367330063;0.15418868733021304;0.21951138684046576;0.2529702925187057
72.74185019332876;50.461934830978606;94.05292481591262;35.51556213110549;72.74185019332876;50.461934830978606;94.05292481591262;35.51556213110549;72.74185019332876;50.461934830978606;411.5988499108752;656.9725837024093;-2.7418501933287587;39.538065169021394;72.89455497264862;50.59585237503052;93.79395663738252;35.2225923538208;False;False;False;False;0.14199967755911408;0.1542323101465766;0.2206690525430547;0.25393169029472684
73.32517893136888;50.74948986001734;93.96026801295598;36.27315151148444;73.32517893136888;50.74948986001734;93.96026801295598;36.27315151148444;73.32517893136888;50.74948986001734;416.295481875334;655.440346200552;-3.3251789313688818;39.25051013998266;73.1695613861084;50.814674496650696;93.86481285095216;36.28927111625672;False;False;False;False;0.14004704650685587;0.15310507531465803;0.22055065354894185;0.2536060731741322
73.52551485695254;51.03856804997227;93.86945882290972;37.1273665609868;73.52551485695254;51.03856804997227;93.86945882290972;37.1273665609868;73.52551485695254;51.03856804997227;420.9507268474218;654.5963171585355;-3.5255148569525403;38.96143195002773;73.74518764019012;51.09800207614899;93.86784195899963;37.28630006313324;False;False;False;False;0.14059816882537265;0.15318209603741625;0.22013810479347254;0.2528914424574384
73.9789155314859;51.38774077354708;93.7591156903118;38.30658602017562;73.9789155314859;51.38774077354708;93.7591156903118;38.30658602017562;73.9789155314859;51.38774077354708;425.4472389936092;653.2194471618751;-3.978915531485896;38.61225922645292;73.95851647853851;51.39849054813385;93.82527709007265;38.13318654894829;False;False;False;False;0.1393922876368363;0.15176489856225353;0.21999152060269095;0.2528967892431045
74.49617156204178;51.66405282749835;93.73470201025393;39.34445092843874;74.49617156204178;51.66405282749835;93.73470201025393;39.34445092843874;74.49617156204178;51.66405282749835;430.0429161159004;651.6544130298986;-4.496171562041781;38.33594717250165;74.40321660041809;51.755332708358765;93.74812006950378;39.03064832091332;False;False;False;False;0.13857597986900724;0.1520048512828307;0.2192309138046197;0.2540929888246527
75.07061406580824;52.19180475955012;93.78130077422408;40.27510342699708;75.07061406580824;52.19180475955012;93.78130077422408;40.27510342699708;75.07061406580824;52.19180475955012;434.09887187479706;649.9060384807601;-5.070614065808243;37.80819524044989;74.89659917354584;52.05334937572479;93.6461728811264;40.03199636936188;False;False;False;False;0.1391529290662455;0.15250061526857714;0.21918546525954724;0.25514778985826736
75.29086241172038;52.58080221920533;93.6572690785442;41.33055377553522;75.29086241172038;52.58080221920533;93.6572690785442;41.33055377553522;75.29086241172038;52.58080221920533;438.3619696542133;648.7894599134947;-5.290862411720383;37.41919778079467;75.49423313140869;52.58085322380066;93.57742130756378;41.09982907772064;False;False;False;False;0.14036359691508266;0.1512376954990107;0.21857264101595325;0.25608649120565585
76.0263594436198;53.10049440962409;93.37115555344111;42.36134567577784;76.0263594436198;53.10049440962409;93.37115555344111;42.36134567577784;76.0263594436198;53.10049440962409;442.3118116441484;646.6130175281332;-6.026359443619796;36.89950559037591;75.71762895584106;52.964746952056885;93.49623203277588;42.11095780134201;False;False;False;False;0.1432767863445972;0.15100225090066366;0.21871423855243854;0.25699202823944
76.47189409889928;53.296907523414426;93.07800150094307;43.308840333148005;76.47189409889928;53.296907523414426;93.07800150094307;43.308840333148005;76.47189409889928;53.296907523414426;446.8389194952845;644.9184336250917;-6.471894098899284;36.70309247658557;76.4276591539383;53.48906683921814;93.35998117923737;43.10069262981415;False;False;False;False;0.1431128186121043;0.15181312362256424;0.22029814919794508;0.257549542012612
76.8862031886442;53.653546432340654;93.07869073058812;44.340618757710615;76.8862031886442;53.653546432340654;93.07869073058812;44.340618757710615;76.8862031886442;53.653546432340654;451.0193873409768;643.2268962324152;-6.8862031886442026;36.34645356765935;76.85744893550873;53.70193588733673;93.1584930419922;44.11829754710197;False;False;False;False;0.14291226186771033;0.15188315337176259;0.21807427134499358;0.25822232217812857
77.33256064129452;54.062267794553286;92.82464014144328;45.44822688623464;77.33256064129452;54.062267794553286;92.82464014144328;45.44822688623464;77.33256064129452;54.062267794553286;455.0481384255728;641.416020901962;-7.332560641294521;35.937732205446714;77.287193775177;54.05169451236725;92.96177804470062;45.1174983382225;False;False;False;False;0.14285602264486605;0.1518756215115041;0.21678480390314525;0.26012309386245447
77.76656603199969;54.4211936614937;92.86179733475711;46.48851818312268;77.76656603199969;54.4211936614937;92.86179733475711;46.48851818312268;77.76656603199969;54.4211936614937;459.1219843190849;639.5703353683791;-7.766566031999687;35.5788063385063;77.69039869308472;54.478366017341614;92.7358341217041;46.13186597824097;False;False;False;False;0.14233175970545733;0.1513508944032226;0.21324661147908933;0.2623351932805371
78.17332899850695;55.15090545580703;92.44807815327506;47.34018380596461;78.17332899850695;55.15090545580703;92.44807815327506;47.34018380596461;78.17332899850695;55.15090545580703;462.4064015755924;637.7212672977646;-8.173328998506946;34.84909454419297;78.1257266998291;54.82811081409454;92.59132862091064;47.18680039048195;False;False;False;False;0.14240297809052302;0.15404182190255922;0.21152167127404672;0.2617365822120548
78.66103220268862;55.8453221906653;92.0512751400632;48.31428603897187;78.66103220268862;55.8453221906653;92.0512751400632;48.31428603897187;78.66103220268862;55.8453221906653;465.6641140451016;635.6560836896003;-8.661032202688617;34.1546778093347;78.51779294013977;55.53516101837158;92.39291548728944;48.214030265808105;False;False;False;False;0.14251144341866812;0.15683610774270762;0.21398208901146312;0.26182683122068634
78.93305634638544;56.42957330397375;91.73055675425908;49.20113752324525;78.93305634638544;56.42957330397375;91.73055675425908;49.20113752324525;78.93305634638544;56.42957330397375;469.0495688597293;633.9572311085149;-8.933056346385442;33.57042669602625;78.99597477912903;56.21632468700409;92.0922076702118;49.16610777378082;False;False;False;False;0.14119222952926896;0.15680374577048625;0.21594140666858663;0.2618372590487143
79.34174151424523;56.881985243720656;91.59049800347708;50.2209364510619;79.34174151424523;56.881985243720656;91.59049800347708;50.2209364510619;79.34174151424523;56.881985243720656;472.6208018730389;631.9487865932772;-9.341741514245228;33.118014756279344;79.21134328842163;56.770026206970215;91.7767608165741;50.05697697401047;False;False;False;False;0.14080008872355512;0.15700547978759405;0.2134763019950183;0.26205491967183503
79.66106255132779;57.28639675138007;91.12116053377449;51.16390954699761;79.66106255132779;57.28639675138007;91.12116053377449;51.16390954699761;79.66106255132779;57.28639675138007;476.2277141585574;630.0645789838794;-9.661062551327788;32.71360324861993;79.65223026275635;57.219075322151184;91.44312620162964;50.99983274936676;False;False;False;False;0.13951400653706347;0.15698329152159607;0.21146394674786773;0.2593148964778744
80.05419868806928;57.8067319393723;90.94298316064278;52.251544223357065;80.05419868806928;57.8067319393723;90.94298316064278;52.251544223357065;80.05419868806928;57.8067319393723;479.5488575490556;627.9901650368861;-10.054198688069278;32.1932680606277;79.9416561126709;57.63813781738281;91.09094977378844;51.93840712308884;False;False;False;False;0.138437220441039;0.15780416001014347;0.210182969176538;0.2596550989429078
80.37907770571728;58.19314975118753;90.51855168514444;52.69938215709277;80.37907770571728;58.19314975118753;90.51855168514444;52.69938215709277;80.37907770571728;58.19314975118753;483.06845766684216;625.9998471765142;-10.37907770571728;31.806850248812463;80.31231617927551;58.14733302593231;90.79787373542786;52.9373636841774;False;False;False;False;0.13854232368062805;0.15772944913292475;0.21151475620740107;0.25862779617882603
80.47986794373571;58.24254521203034;89.98726382663145;53.5535550217832;80.47986794373571;58.24254521203034;89.98726382663145;53.5535550217832;80.47986794373571;58.24254521203034;487.21058011166485;624.4143896730484;-10.479867943735712;31.757454787969657;80.63165950775146;58.51683497428894;90.47412633895874;53.83475333452225;False;False;False;False;0.13925602592972522;0.15772586667493493;0.21632287007588005;0.2590201466944811
80.83989855898163;58.48231581492058;90.11585724271336;54.63429947676604;80.83989855898163;58.48231581492058;90.11585724271336;54.63429947676604;80.83989855898163;58.48231581492058;490.96536621094697;622.2970127167251;-10.83989855898163;31.517684185079418;80.7515299320221;58.56696593761444;90.05558490753174;54.67216074466705;False;False;False;False;0.13949200086310914;0.15779322361092457;0.2153048144573394;0.2583878699267846
80.97435561920288;58.76561713621252;90.0240400597071;55.458709786450775;80.97435561920288;58.76561713621252;90.0240400597071;55.458709786450775;80.97435561920288;58.76561713621252;494.60112145970703;620.5827787884184;-10.974355619202882;31.23438286378748;81.10031366348267;58.837225794792175;89.77997541427612;55.42017012834549;False;False;False;False;0.13986870748173597;0.15731708206178147;0.20990351570748192;0.2579133242489071
81.14545284978713;59.07504283260295;89.59509094913433;56.366961417260185;81.14545284978713;59.07504283260295;89.59509094913433;56.366961417260185;81.14545284978713;59.07504283260295;498.1468544487645;618.7773369113562;-11.145452849787134;30.924957167397054;81.2695095539093;59.12488508224487;89.54382300376892;56.352004408836365;False;False;False;False;0.13571310980021892;0.15729739207124172;0.20738057408452185;0.2579155639582377
81.28260159782401;59.58330892700586;89.21947532825504;57.251434999472046;81.28260159782401;59.58330892700586;89.21947532825504;57.251434999472046;81.28260159782401;59.58330892700586;501.2536498822783;617.0169790353108;-11.282601597824012;30.41669107299414;81.43020796775818;59.44160449504852;89.29746866226196;57.31433629989624;False;False;False;False;0.13631593419106228;0.1573309917582815;0.2069071564792606;0.25797376542809347
81.55213268157412;59.98656462666266;88.69504881902203;58.27774992758752;81.55213268157412;59.98656462666266;88.69504881902203;58.27774992758752;81.55213268157412;59.98656462666266;504.5026972926972;614.9735699881007;-11.552132681574122;30.013435373337337;81.57204461097717;59.93931186199188;89.06143426895142;58.18087428808212;False;False;False;False;0.13618310126410235;0.1561170919679476;0.20983545831121997;0.25782199644493464
81.82193914089534;60.381191939285706;88.59841399596866;59.18880704507233;81.82193914089534;60.381191939285706;88.59841399596866;59.18880704507233;81.82193914089534;60.381191939285706;507.7152340505628;612.8936727119151;-11.821939140895338;29.618808060714294;81.81758642196655;60.33768033981323;88.68232369422913;59.100329875946045;False;False;False;False;0.13615331905780248;0.1561095450860488;0.20997041629057972;0.25695331000905614
81.86436136175473;61.00300358061468;88.55329216611541;60.13154085077291;81.86436136175473;61.00300358061468;88.55329216611541;60.13154085077291;81.86436136175473;61.00300358061468;510.4207851760001;611.2325697180769;-11.864361361754732;28.99699641938532;82.04927921295166;60.730804443359375;88.3086746931076;60.04029422998428;False;False;False;False;0.13727901750657825;0.1581145982669565;0.21096366031656275;0.2567088024251084
81.99950336402023;61.63508982437949;87.89859980930825;61.02590315374751;81.99950336402023;61.63508982437949;87.89859980930825;61.02590315374751;81.99950336402023;61.63508982437949;513.0228788777218;609.380370865312;-11.999503364020228;28.36491017562051;82.10448169708252;61.34226322174072;88.03122937679291;60.99588930606842;False;False;False;False;0.13750395174727145;0.16010888601616657;0.21036069673013655;0.2564977301893472
82.146486427188;62.12454758878914;87.82633543445684;62.032112740848426;82.146486427188;62.12454758878914;87.82633543445684;62.032112740848426;82.146486427188;62.12454758878914;515.8259513723186;607.4864709571071;-12.146486427187996;27.87545241121086;82.25407600402832;61.94417011737824;87.67784655094147;61.9023334980011;False;False;False;False;0.1378771730904764;0.15626119070775132;0.2105583299287585;0.256783518227992
82.53730162930258;62.62606147951411;87.53247003476554;63.027262102280176;82.53730162930258;62.62606147951411;87.53247003476554;63.027262102280176;82.53730162930258;62.62606147951411;518.5396505790302;605.0853090292529;-12.537301629302576;27.373938520485893;82.35865926742554;62.425089955329895;87.4302464723587;62.82938152551651;False;False;False;False;0.13811210849401087;0.15743045393281796;0.21038479495694223;0.2559438553280035
82.85692096303579;63.10954602487366;87.11733161924074;63.94619945251762;82.85692096303579;63.10954602487366;87.11733161924074;63.94619945251762;82.85692096303579;63.10954602487366;521.2225399577092;602.7744301445462;-12.85692096303579;26.89045397512634;82.76671099662781;62.920363545417786;87.12803721427917;63.773876428604126;False;False;False;False;0.138257485671297;0.15832007114270158;0.21035919904607148;0.2540290429237159
82.76395849062243;63.58698535004757;86.84598541522543;64.69288941255404;82.76395849062243;63.58698535004757;86.84598541522543;64.69288941255404;82.76395849062243;63.58698535004757;523.8530551707115;601.2460989609681;-12.763958490622429;26.41301464995243;83.0808756351471;63.38932538032532;86.7610627412796;64.73131060600281;False;False;False;False;0.14151085425871868;0.15778277105768307;0.2083307899111108;0.25001865051912237
82.98643295676048;63.81801265460215;86.47691128368683;65.51875721163057;82.98643295676048;63.81801265460215;86.47691128368683;65.51875721163057;82.98643295676048;63.81801265460215;526.9127358482626;599.099288896609;-12.98643295676048;26.18198734539785;82.95989894866943;63.86095607280731;86.47058963775635;65.63507974147797;False;False;False;False;0.14135997680842022;0.1577991534971081;0.20666929103126416;0.24854567898372315
83.57542290993491;64.28621698112522;86.20863495960732;66.41119862696412;83.57542290993491;64.28621698112522;86.20863495960732;66.41119862696412;83.57542290993491;64.28621698112522;529.4672588412695;596.1897845960253;-13.575422909934916;25.71378301887478;83.20334577560425;64.08974492549896;86.11333847045898;66.47350996732712;False;False;False;False;0.14554887942665354;0.15890138622149066;0.2065571805958049;0.24624289810889577
83.77179770043399;64.47759090317987;85.64754269455983;67.45926923660554;83.77179770043399;64.47759090317987;85.64754269455983;67.45926923660554;83.77179770043399;64.47759090317987;532.5130153996769;593.9869786270359;-13.771797700433993;25.522409096820127;83.74717736244202;64.55178570747375;85.7646894454956;67.2798952460289;False;False;False;False;0.14538423262351766;0.15903771456804028;0.205409264468959;0.24506029350283956
83.83820878953051;65.02819220190352;85.1194340472598;68.15896721382953;83.83820878953051;65.02819220190352;85.1194340472598;68.15896721382953;83.83820878953051;65.02819220190352;534.8148006818055;592.0179167554517;-13.838208789530512;24.97180779809648;83.96226930618286;64.76222443580627;85.35725474357605;68.17101031541824;False;False;False;False;0.14586453719799508;0.16100893619013898;0.2046356563112577;0.24243921090261256
84.06396470464225;65.44919213532417;84.6058909979225;69.14355599732366;84.06396470464225;65.44919213532417;84.6058909979225;69.14355599732366;84.06396470464225;65.44919213532417;537.3023751880438;589.7213104199575;-14.063964704642244;24.550807864675832;84.00642991065979;65.27661216259003;84.88868057727814;69.06686246395111;False;False;False;False;0.14311107757851624;0.16122772304211888;0.20472699623796567;0.24246558420305633
84.42786916354618;65.88251688094437;84.16325699366587;69.74697902005059;84.42786916354618;65.88251688094437;84.16325699366587;69.74697902005059;84.42786916354618;65.88251688094437;539.7091667454268;587.1183062081973;-14.427869163546177;24.117483119055635;84.19298028945923;65.69678092002869;84.39529657363892;69.96700257062912;False;False;False;False;0.1441043681036629;0.16150311655560615;0.2053063397008475;0.24326354532413505
84.5443484697492;66.25745751927457;83.83028070536537;70.6286069989031;84.5443484697492;66.25745751927457;83.83028070536537;70.6286069989031;84.5443484697492;66.25745751927457;542.1749498846406;584.9616317073185;-14.544348469749195;23.742542480725437;84.5006594657898;66.09421253204346;83.87853860855103;70.74235588312149;False;False;False;False;0.14398836450037433;0.1621300688164702;0.20495087861215192;0.243480498439256
84.68139732560564;66.4927705814433;83.63666936345349;71.45284195906534;84.68139732560564;66.4927705814433;83.63666936345349;71.45284195906534;84.68139732560564;66.4927705814433;544.8699960910665;582.7482875329723;-14.681397325605644;23.507229418556705;84.6733124256134;66.45802068710327;83.40915143489838;71.57120048999786;False;False;False;False;0.1431885393604925;0.16140798874648357;0.20391105942658164;0.24318647049300957
85.00557718417879;66.91536667509797;83.3147644253186;72.21508184122804;85.00557718417879;66.91536667509797;83.3147644253186;72.21508184122804;85.00557718417879;66.91536667509797;547.1591011595647;580.1424081724119;-15.00557718417879;23.08463332490203;84.79637718200684;66.71560347080231;83.03203403949738;72.30752617120743;False;False;False;False;0.1416041975835308;0.15927937131105135;0.2040324982373989;0.24250898648556027
84.90152846234308;67.26452985164384;82.93065648572319;73.31424835001806;84.90152846234308;67.26452985164384;82.93065648572319;73.31424835001806;84.90152846234308;67.26452985164384;549.5387259164598;578.3497619915262;-14.90152846234308;22.73547014835616;85.10196828842163;67.1210036277771;82.68470287322998;73.13099443912506;False;False;False;False;0.1427402072112043;0.1598385104629432;0.20136444089174402;0.2427527327154884
85.11802061956135;67.49143319812846;82.62553798280867;74.32722606654401;85.11802061956135;67.49143319812846;82.62553798280867;74.32722606654401;85.11802061956135;67.49143319812846;552.1163152432714;575.9299072154439;-15.11802061956135;22.508566801871535;85.01765727996826;67.47425043582916;82.34877347946167;73.99179220199585;False;False;False;False;0.1430596172501934;0.15922854606980782;0.19982094726329058;0.24441545170750184
85.26117159642894;67.68728084224372;81.94669609872477;75.40869167017865;85.26117159642894;67.68728084224372;81.94669609872477;75.40869167017865;85.26117159642894;67.68728084224372;554.7257621952904;573.6278691791006;-15.261171596428936;22.31271915775628;85.22777795791626;67.71085917949677;82.02100038528442;74.91328686475754;False;False;False;False;0.14306199132497885;0.1562497132432127;0.19964703652091997;0.24893721445548894
85.4110634263892;67.87639537982268;81.88694057233405;76.38540925715782;85.4110634263892;67.87639537982268;81.88694057233405;76.38540925715782;85.4110634263892;67.87639537982268;557.3225623411666;571.2932626396562;-15.411063426389203;22.12360462017732;85.3458161354065;67.9200257062912;81.56174957752228;75.95659494400024;False;False;False;False;0.1431370621743382;0.15612297568311986;0.20146938502074016;0.2517847218966149
85.24383408507474;68.40374305437076;81.83599810177122;76.99132261199942;85.24383408507474;68.40374305437076;81.83599810177122;76.99132261199942;85.24383408507474;68.40374305437076;559.2176809414275;569.5729128654332;-15.243834085074738;21.59625694562924;85.52230644226074;68.13031232357025;81.17854118347168;76.98125958442688;False;False;False;False;0.14555633646386323;0.15807381117888863;0.20985769937092372;0.24900828707446038
85.37820777489303;68.61934017564978;81.52297871871293;77.84451971543774;85.37820777489303;68.61934017564978;81.52297871871293;77.84451971543774;85.37820777489303;68.61934017564978;561.6659876249533;567.2716542744533;-15.378207774893028;21.380659824350214;85.36451888084412;68.62219452857971;80.88364243507385;77.90849447250366;False;False;False;False;0.14410889820145512;0.15797144199627994;0.21827070374406524;0.24874079056856607
85.22533699012489;68.75744704201713;81.2642979657987;78.59381094009564;85.22533699012489;68.75744704201713;81.2642979657987;78.59381094009564;85.22533699012489;68.75744704201713;564.2405285354654;565.5269681406705;-15.225336990124887;21.242552957982863;85.46718692779541;68.85290551185608;80.58907151222229;78.71530592441559;False;False;False;False;0.14481364936799146;0.15816741288271932;0.22735116696190746;0.24876884130286667
85.08333141973155;69.24021714510832;80.46818143595151;79.52595606956987;85.08333141973155;69.24021714510832;80.46818143595151;79.52595606956987;85.08333141973155;69.24021714510832;566.1073287236808;563.7809343494406;-15.08333141973155;20.75978285489168;85.38728713989258;69.00261735916138;80.38526237010956;79.43041801452637;False;False;False;False;0.14685387830197108;0.15976970085316045;0.22718368231916675;0.24888472526466582
84.92070802393194;69.62028358419062;79.85769757077871;80.31264991462032;84.92070802393194;69.62028358419062;79.85769757077871;80.31264991462032;84.92070802393194;69.62028358419062;568.1151668928351;562.0950702850756;-14.920708023931937;20.379716415809384;85.18834662437439;69.47697913646698;79.99901831150055;80.25840044021606;False;False;False;False;0.14776349472698647;0.15929953993729246;0.22741256435087215;0.24891411135919642
84.70062186297424;69.88893726432384;79.11638621518293;81.14911897120213;84.70062186297424;69.88893726432384;79.11638621518293;81.14911897120213;84.70062186297424;69.88893726432384;570.2951550546766;560.5458148704668;-14.700621862974243;20.11106273567616;85.0040295124054;69.84151673316956;79.48686957359314;81.07180774211884;False;False;False;False;0.15024177999440583;0.1591727945388081;0.22960474099840222;0.24771091103125717
84.42594036256581;70.0290425243982;78.81873357532794;81.86731245229802;84.42594036256581;70.0290425243982;78.81873357532794;81.86731245229802;84.42594036256581;70.0290425243982;572.6964195659514;559.1350949562204;-14.425940362565813;19.970957475601796;84.806471824646;70.12687706947327;78.89216780662537;81.91412925720215;False;False;False;False;0.15368484384782866;0.15914334113219145;0.2291031748898384;0.2471627742642503
84.62254758424446;70.52630535911149;78.22803502792429;82.50782194457585;84.62254758424446;70.52630535911149;78.22803502792429;82.50782194457585;84.62254758424446;70.52630535911149;574.364688226605;556.8184217978544;-14.622547584244458;19.47369464088851;84.50746989250183;70.2840803861618;78.30618619918823;82.69997954368591;False;False;False;False;0.15406770958235355;0.15942907450632038;0.22659406966755366;0.24744736795951192
84.52694601684169;70.8367638699221;77.54457921693142;83.33119285863734;84.52694601684169;70.8367638699221;77.54457921693142;83.33119285863734;84.52694601684169;70.8367638699221;576.340263823769;555.0599519214273;-14.526946016841691;19.163236130077905;84.71315860748291;70.73665225505829;77.75191187858582;83.45215559005737;False;False;False;False;0.15437108394272292;0.15840403520787238;0.21866284448825163;0.24374347475671154
84.46965007658919;70.95855464607006;77.05883767260813;84.20417435514113;84.46965007658919;70.95855464607006;77.05883767260813;84.20417435514113;84.46965007658919;70.95855464607006;578.6517804221501;553.2376176663535;-14.46965007658919;19.041445353929944;84.57139110565186;71.04704868793488;77.17838108539581;84.16470408439636;False;False;False;False;0.15373020949630403;0.15806847990014572;0.21430236051846346;0.24269090375315688
84.32922145254035;71.23088762038402;76.56347702600763;85.00567043540937;84.32922145254035;71.23088762038402;76.56347702600763;85.00567043540937;84.32922145254035;71.23088762038402;580.6459738540461;551.5891882375726;-14.329221452540352;18.769112379615976;84.51408672332764;71.17474246025085;76.65189981460571;84.89996433258057;False;False;False;False;0.1546038091144319;0.15772466404610413;0.21398148233830813;0.2426735718196524
84.26251511066604;71.38769765275461;76.01387214886462;85.5194632612892;84.26251511066604;71.38769765275461;76.01387214886462;85.5194632612892;84.26251511066604;71.38769765275461;582.834902106587;549.8120380609824;-14.262515110666044;18.61230234724539;84.4078164100647;71.45993340015411;76.10069394111633;85.71832180023193;False;False;False;False;0.15455864378804807;0.15758949073072462;0.21397660855332087;0.24254397096443825
84.15193536576412;71.5776252080456;75.5703270196357;86.19427825686954;84.15193536576412;71.5776252080456;75.5703270196357;86.19427825686954;84.15193536576412;71.5776252080456;584.9366873089712;548.1315288693642;-14.151935365764118;18.4223747919544;84.34970998764038;71.62485980987549;75.56095540523529;86.49497330188751;False;False;False;False;0.15562410239555768;0.15761384862389052;0.2138206325744751;0.24337647668674803
84.14805839889048;71.93333872583283;75.10480988558366;86.82840389844587;84.14805839889048;71.93333872583283;75.10480988558366;86.82840389844587;84.14805839889048;71.93333872583283;586.681576912324;546.2523580876762;-14.148058398890484;18.06666127416717;84.2289891242981;71.79726731777191;75.07962882518768;87.16832041740417;False;False;False;False;0.1557944518892413;0.15797969366974418;0.2130801404147843;0.24548982870293104
84.40425845633163;72.18901499884547;74.6840528315084;87.50749050126126;84.40425845633163;72.18901499884547;74.6840528315084;87.50749050126126;84.40425845633163;72.18901499884547;588.5791125361876;543.8535501862751;-14.404258456331632;17.810985001154535;84.22100329399109;72.15168607234955;74.5967909693718;87.77840375900269;False;False;False;False;0.15657999382130455;0.15701321220029452;0.21127636379620574;0.24657577732005456
84.37481515384994;72.41539190227668;74.55504393393113;88.44233487139567;84.37481515384994;72.41539190227668;74.55504393393113;88.44233487139567;84.37481515384994;72.41539190227668;590.5011567294791;541.9918689970609;-14.374815153849935;17.58460809772332;84.42537140846252;72.39729011058807;74.12082761526108;88.43388438224792;False;False;False;False;0.15579480130564427;0.15701355779049478;0.21469674088101137;0.24509567188779152
84.05882165310945;72.57906747073481;74.18992846550985;89.06585431830804;84.05882165310945;72.57906747073481;74.18992846550985;89.06585431830804;84.05882165310945;72.57906747073481;592.5184200055927;540.7072139780286;-14.058821653109447;17.420932529265187;84.45076704025269;72.63333189487457;73.74296605587006;89.14868175983429;False;False;False;False;0.15952906472438222;0.15664130847189292;0.21879098083580983;0.24421439613306326
84.11997783345181;72.9719115810169;73.93955324472934;89.84986118080165;84.11997783345181;72.9719115810169;73.93955324472934;89.84986118080165;84.11997783345181;72.9719115810169;594.0555227889306;538.7103920635959;-14.119977833451811;17.028088418983103;84.12581634521484;72.80991899967194;73.38815718889236;89.89128530025482;False;False;False;False;0.159480308914946;0.15600316264470054;0.224852779769133;0.2431380952453323
84.33473985200979;73.26076327397509;73.32526463224282;90.6152142887016;84.33473985200979;73.26076327397509;73.32526463224282;90.6152142887016;84.33473985200979;73.26076327397509;595.748231192212;536.398204315353;-14.33473985200979;16.739236726024913;84.16174912452698;73.1696685552597;73.08653473854065;90.66414058208466;False;False;False;False;0.15967675565380596;0.15520024771308452;0.22523957774322254;0.24313281680509105
84.04345446354345;73.52930319020169;72.86424967530475;91.6384844659887;84.04345446354345;73.52930319020169;72.86424967530475;91.6384844659887;84.04345446354345;73.52930319020169;597.4430495898954;535.069476445351;-14.043454463543457;16.470696809798312;84.35201930999756;73.47305405139923;72.7219894528389;91.38166546821594;False;False;False;False;0.16099208393122028;0.155133329359796;0.22165422788645342;0.24190208274616506
84.13474292627524;73.8079122086224;72.19749846186552;92.3284291105072;84.13474292627524;73.8079122086224;72.19749846186552;92.3284291105072;84.13474292627524;73.8079122086224;599.081924461027;533.0144389247483;-14.134742926275235;16.192087791377602;84.09083080291748;73.74311685562134;72.28884011507034;92.1964955329895;False;False;False;False;0.1610308272046919;0.15520515373766267;0.22156538603252413;0.24219947562093205
83.80592329912584;74.1038489900221;71.65908556439682;92.90327341729522;83.80592329912584;74.1038489900221;71.65908556439682;92.90327341729522;83.80592329912584;74.1038489900221;600.648995937078;531.7874457888771;-13.805923299125835;15.8961510099779;84.12583708763123;74.01648461818695;71.78030401468277;93.02327156066896;False;False;False;False;0.16363208301524917;0.155012677251899;0.22007391165543366;0.24246299948170036
83.6618677043099;74.48977205793811;71.4368254618997;93.6174535684278;83.6618677043099;74.48977205793811;71.4368254618997;93.6174535684278;83.6618677043099;74.48977205793811;601.9966366025764;530.2347672052922;-13.661867704309898;15.510227942061888;83.84898114204407;74.29413914680481;71.22589200735092;93.8069188594818;False;False;False;False;0.16379039394412467;0.1554649094170392;0.220194484562307;0.24267887646826092
83.45217160601977;74.54996542007517;70.92772963606937;94.24577949958676;83.45217160601977;74.54996542007517;70.92772963606937;94.24577949958676;83.45217160601977;74.54996542007517;603.9442802705771;528.8325770412978;-13.452171606019776;15.450034579924832;83.68776416778564;74.68416571617126;70.7608288526535;94.4518107175827;False;False;False;False;0.1651830908038763;0.1554859753198979;0.220737654600369;0.24287743066274953
83.27265920491271;74.52793087095074;70.19325916163787;94.675921425088;83.27265920491271;74.52793087095074;70.19325916163787;94.675921425088;83.27265920491271;74.52793087095074;606.0483539794826;527.3979789627093;-13.272659204912712;15.47206912904926;83.48081707954407;74.7495665550232;70.29457896947861;95.08621215820312;False;False;False;False;0.16596145168372417;0.1568827157883686;0.2204378157015884;0.24297954436310262
83.02195557226932;74.79386349189872;69.80596142539592;95.39380223783778;83.02195557226932;74.79386349189872;69.80596142539592;95.39380223783778;83.02195557226932;74.79386349189872;607.5794312881266;526.1296983340078;-13.02195557226932;15.20613650810128;83.28656435012817;74.72517693042755;69.7949892282486;95.70752680301666;False;False;False;False;0.16661423212555326;0.15678442742995805;0.21967601506727646;0.24413716745420697
83.00196230571957;75.04306115276846;69.22952053182877;96.30937117833771;83.00196230571957;75.04306115276846;69.22952053182877;96.30937117833771;83.00196230571957;75.04306115276846;609.108520834134;524.433424124138;-13.001962305719571;14.95693884723154;83.05503058433533;75.01192355155945;69.33593183755875;96.28567337989809;False;False;False;False;0.16661387038414083;0.15587349175374995;0.219785022117674;0.2439848109191734
82.9371187851867;75.0425492269894;68.71387368972077;96.9665335505764;82.9371187851867;75.0425492269894;68.71387368972077;96.9665335505764;82.9371187851867;75.0425492269894;611.1038031986564;522.8295161911078;-12.937118785186698;14.957450773010606;82.96949577331543;75.27019429206848;68.79816353321075;96.9261199235916;False;False;False;False;0.1660835882924386;0.15736213983611547;0.21990969920687378;0.24377221708787802
82.7113485249957;75.40894139841815;68.18543320459138;97.4704103383404;82.7113485249957;75.40894139841815;68.18543320459138;97.4704103383404;82.7113485249957;75.40894139841815;612.3653456255336;521.5561075401316;-12.7113485249957;14.59105860158185;82.94194984436035;75.28339684009552;68.26845318078995;97.69353330135344;False;False;False;False;0.16747116970328602;0.157426274504383;0.2194739261769014;0.24141590113737368
82.68352630938935;75.8507361146475;67.80991405785457;98.22596765581515;82.68352630938935;75.8507361146475;67.80991405785457;98.22596765581515;82.68352630938935;75.8507361146475;613.4272306732857;519.9169055013449;-12.68352630938935;14.149263885352497;82.70534110069275;75.6351398229599;67.77354806661606;98.42962622642516;False;False;False;False;0.16748256086998597;0.158683362911809;0.21915496856152414;0.24132150393304996
82.71391054956116;76.21565492179076;67.32478525890997;98.62114633011312;82.71391054956116;76.21565492179076;67.32478525890997;98.62114633011312;82.71391054956116;76.21565492179076;614.5839615770462;518.1650001797493;-12.713910549561165;13.784345078209242;82.67829298973083;76.04858458042145;67.28693038225174;99.02722597122192;False;False;False;False;0.16704994486374525;0.15845509587193282;0.219178329398103;0.24440065548784748
82.68726813151572;76.45723660692049;66.75043210200467;98.98875195852848;82.68726813151572;76.45723660692049;66.75043210200467;98.98875195852848;82.68726813151572;76.45723660692049;615.9387108838813;516.5230969425654;-12.687268131515722;13.542763393079513;82.67675805091858;76.39295363426208;66.81871026754379;99.57535028457642;False;False;False;False;0.16630686493627747;0.15824243733262167;0.21918670447339003;0.25063957097599504
82.45031292025416;76.46350091759341;66.3224630904833;99.8633229028082;82.45031292025416;76.46350091759341;66.3224630904833;99.8633229028082;82.45031292025416;76.46350091759341;617.7318840482794;515.3053716142198;-12.450312920254165;13.536499082406593;82.64488387107849;76.63039207458496;66.33250564336777;100.12328445911407;False;False;False;False;0.16584443812183172;0.15903836340776142;0.21913983449290614;0.2518573744835027
82.30068032413322;76.86600280488112;66.03636957925708;100.50665915429508;82.30068032413322;76.86600280488112;66.03636957925708;100.50665915429508;82.30068032413322;76.86600280488112;618.7317468180249;513.9445950837611;-12.300680324133223;13.13399719511888;82.4095196723938;76.65588450431824;65.87558895349503;100.64574658870696;False;False;False;False;0.16598802894550582;0.15849315167861006;0.21899078319713614;0.2520496047715606
81.92898545436529;77.30103611062867;65.5267018809328;101.35313505581033;81.92898545436529;77.30103611062867;65.5267018809328;101.35313505581033;81.92898545436529;77.30103611062867;619.6128798325457;513.0478941134126;-11.92898545436529;12.698963889371328;82.26086568832397;77.04193544387817;65.44812738895416;101.225768327713;False;False;False;False;0.1669433215057707;0.1603682985248817;0.2183950917463145;0.25206617307952495
81.74302824067972;77.50000477131901;65.43996942305445;102.25185978953782;81.74302824067972;77.50000477131901;65.43996942305445;102.25185978953782;81.74302824067972;77.50000477131901;620.9081376964145;511.8292771468683;-11.74302824067972;12.499995228680987;81.85648536682129;77.46495628356934;65.01533538103104;101.98916256427763;False;False;False;False;0.16712552712649106;0.15968775387692;0.22209337641707422;0.25314366333749566
81.59511972959892;77.89164303554782;64.82481824609141;102.995596707809;81.59511972959892;77.89164303554782;64.82481824609141;102.995596707809;81.59511972959892;77.89164303554782;621.7915271984477;510.5593570702727;-11.59511972959892;12.108356964452184;81.72976994514465;77.67754530906677;64.69704627990723;102.72678315639496;False;False;False;False;0.1674207816875426;0.1602217113653258;0.22204647940283095;0.25189358493773156
81.49036081151053;77.91495246851518;64.5093493668282;103.64403790533812;81.49036081151053;77.91495246851518;64.5093493668282;103.64403790533812;81.49036081151053;77.91495246851518;623.3593559277733;509.2228589425029;-11.490360811510527;12.085047531484818;81.52220058441162;78.06500673294067;64.32384639978409;103.5305655002594;False;False;False;False;0.16727042586419996;0.15932479564798574;0.2223319178413964;0.2490573361488952
81.48602729442473;78.14024897126582;64.3278389268534;103.9670014106295;81.48602729442473;78.14024897126582;64.3278389268534;103.9670014106295;81.48602729442473;78.14024897126582;624.5201025931367;507.6994778684731;-11.48602729442473;11.85975102873418;81.47019243240356;78.10524702072144;63.94888609647751;104.28840637207033;False;False;False;False;0.16669548233670295;0.15864181796460972;0.2250467315425506;0.2495817602357133
81.31499136775606;78.1955936702061;63.992532949821104;104.35148694843814;81.31499136775606;78.1955936702061;63.992532949821104;104.35148694843814;81.31499136775606;78.1955936702061;625.9907133324207;506.5100794158871;-11.314991367756065;11.804406329793906;81.46267676353455;78.29266858100891;63.648217618465424;104.90037143230438;False;False;False;False;0.16630229906835178;0.15813599566353587;0.22733756468409408;0.25242132609918955
81.2159514489058;78.21508501417198;63.669156742088006;105.08476459539013;81.2159514489058;78.21508501417198;63.669156742088006;105.08476459539013;81.2159514489058;78.21508501417198;627.5256514884614;505.1994937378868;-11.215951448905798;11.784914985828024;81.28280544281006;78.3490948677063;63.29887688159943;105.3769314289093;False;False;False;False;0.1659555347658627;0.15834429517778587;0.2300514919798488;0.245886230789859
80.96364897126544;78.31123957916695;63.16772440114602;105.73512091331038;80.96364897126544;78.31123957916695;63.16772440114602;105.73512091331038;80.96364897126544;78.31123957916695;628.9046643565819;504.2086384999801;-10.963648971265442;11.688760420833049;81.17863011360168;78.42244696617126;63.00578773021698;105.81779778003693;False;False;False;False;0.1651995286692369;0.15868265706769202;0.2304661167728509;0.24297523317416045
80.96704430588422;78.58825315696384;62.76442885020826;106.08374290034833;80.96704430588422;78.58825315696384;62.76442885020826;106.08374290034833;80.96704430588422;78.58825315696384;629.9091385904325;502.7400279679072;-10.967044305884215;11.411746843036155;80.90629601478577;78.49125647544861;62.66938626766205;106.38917803764345;False;False;False;False;0.16529963141415946;0.15889204313866906;0.23053781095726775;0.24294956444219726
80.6908887856638;79.01727256285157;62.492137957911176;106.58795505042592;80.6908887856638;79.01727256285157;62.492137957911176;106.58795505042592;80.6908887856638;79.01727256285157;630.5726660243952;501.8300664342301;-10.690888785663802;10.982727437148426;80.89992117881775;78.75577068328857;62.27566123008728;107.01071560382844;False;False;False;False;0.16583462783215763;0.15988156555783484;0.2314266173153342;0.24607389655698567
80.7512305140936;78.982107207708;62.08852069325655;107.18278954383156;80.7512305140936;78.982107207708;62.08852069325655;107.18278954383156;80.7512305140936;78.982107207708;632.1073603929688;500.283931139282;-10.751230514093606;11.017892792292002;80.64998197555542;79.1916241645813;61.91128641366959;107.51702904701231;False;False;False;False;0.1660812543195647;0.15857577872063727;0.23183818735967932;0.2444953561703686
80.62929931586204;78.99307105540407;61.800240864100815;107.68559723104308;80.62929931586204;78.99307105540407;61.800240864100815;107.68559723104308;80.62929931586204;78.99307105540407;633.5544850698822;499.094296133866;-10.629299315862042;11.006928944595929;80.71738791465759;79.14693117141724;61.525632441043854;107.97845661640169;False;False;False;False;0.16555462352230155;0.15924240001815815;0.2319917624640858;0.24490538482729302
80.35263417862433;79.37810952876606;61.443797873681646;108.50089492502472;80.35263417862433;79.37810952876606;61.443797873681646;108.50089492502472;80.35263417862433;79.37810952876606;634.2519986491043;498.2303864995598;-10.352634178624328;10.62189047123394;80.53018069267273;79.21199321746826;61.18944078683853;108.51752638816832;False;False;False;False;0.16585929053787202;0.15779333141977528;0.23280344374423123;0.24489087732454573
80.11233096191162;79.85450164139768;61.37235290832224;109.01540005802508;80.11233096191162;79.85450164139768;61.37235290832224;109.01540005802508;80.11233096191162;79.85450164139768;634.7154664866722;497.3306417091686;-10.112330961911624;10.145498358602325;80.32156038284302;79.55424308776855;60.86724728345871;109.10439312458038;False;False;False;False;0.16649451542747776;0.15978242685182717;0.2350530085290627;0.24476938902270115
79.84809794086044;80.13149894289982;61.099730152403886;109.81735045138387;79.84809794086044;80.13149894289982;61.099730152403886;109.81735045138387;79.84809794086044;80.13149894289982;635.5142049981482;496.5107969563495;-9.84809794086044;9.868501057100175;80.03334450721741;80.0447735786438;60.60567528009415;109.71199810504912;False;False;False;False;0.16735310683803903;0.1599285379970941;0.23954383278329325;0.24472051732559755
79.91292459160604;80.40162842333406;60.94832978755501;110.3758594991175;79.91292459160604;80.40162842333406;60.94832978755501;110.3758594991175;79.91292459160604;80.40162842333406;636.2897461782264;495.0680639294102;-9.912924591606044;9.59837157666594;79.8086211681366;80.33388829231262;60.365943014621735;110.37191092967988;False;False;False;False;0.16761901701515194;0.1581244703867959;0.24589370303445504;0.24458988307220547
79.83808995464844;80.6640635158959;60.57523378756377;110.7943872504598;79.83808995464844;80.6640635158959;60.57523378756377;110.7943872504598;79.83808995464844;80.6640635158959;637.0446588699915;493.89600992444457;-9.83808995464844;9.335936484104096;79.8860456943512;80.55610871315002;60.15380054712296;110.97402811050416;False;False;False;False;0.16759666925575578;0.15825991957487215;0.24714008413854968;0.24504625030363114
80.01010103064506;80.69674242613416;60.32129498268058;111.51786506345272;80.01010103064506;80.69674242613416;60.32129498268058;111.51786506345272;80.01010103064506;80.69674242613416;638.2240925807289;492.2402424451649;-10.01010103064506;9.303257573865835;79.75559663772583;80.8249580860138;59.92543399333954;111.59758508205414;False;False;False;False;0.16901671635497484;0.15752420296001143;0.2482689975153263;0.24266152384374798
79.97312956984754;80.98019572609843;59.88017447700035;112.15476227990284;79.97312956984754;80.98019572609843;59.88017447700035;112.15476227990284;79.97312956984754;80.98019572609843;638.8976203239824;490.9795052293406;-9.973129569847544;9.01980427390157;79.89739179611206;80.89324903488159;59.65141117572784;112.12257146835329;False;False;False;False;0.16839560879165263;0.15647553469117967;0.24718504136492805;0.24004965791748573
79.66215460930542;80.94387943008121;59.41561660477494;112.6042101366828;79.66215460930542;80.94387943008121;59.41561660477494;112.6042101366828;79.66215460930542;80.94387943008121;640.1728934858704;490.27170454111183;-9.662154609305418;9.05612056991879;79.87791466712952;81.16974544525146;59.33900982141495;112.67987489700316;False;False;False;False;0.1682060799414652;0.1572641534676065;0.24657040732100907;0.2382565774531214
79.62240507392745;81.13319704635107;58.933362891538;113.1333332006157;79.62240507392745;81.13319704635107;58.933362891538;113.1333332006157;79.62240507392745;81.13319704635107;641.0017409959866;489.0629163306271;-9.622405073927451;8.866802953648929;79.55425691604614;81.12747931480408;58.96699666976929;113.30211400985718;False;False;False;False;0.16820775051834255;0.1570025470277932;0.24653852023611003;0.23832580564308053
79.39520207079957;81.29794900302127;58.58197277370853;113.7971115263143;79.39520207079957;81.29794900302127;58.58197277370853;113.7971115263143;79.39520207079957;81.29794900302127;641.8544774764661;488.23433499369247;-9.39520207079957;8.702050996978727;79.53395700454712;81.29363298416138;58.56634467840195;113.84869754314424;False;False;False;False;0.16872663432939775;0.15566167792302163;0.2464219546718027;0.2381811289305676
79.0838979882625;81.3257750277259;58.477582608937226;114.32585092301768;79.0838979882625;81.3257750277259;58.477582608937226;114.32585092301768;79.0838979882625;81.3257750277259;642.9590988933206;487.60424954932665;-9.083897988262509;8.674224972274104;79.30786466598511;81.46982598304749;58.160018026828766;114.3500280380249;False;False;False;False;0.16622527842891852;0.15622064904483499;0.24805616754030096;0.23809474953934073
78.99695845144672;81.43889844984338;58.69886053924399;114.6628596383024;78.99695845144672;81.43889844984338;58.69886053924399;114.6628596383024;78.99695845144672;81.43889844984338;643.8894153787222;486.5669422245233;-8.996958451446716;8.561101550156621;78.9812684059143;81.54057145118713;57.838060557842255;114.91004586219788;False;False;False;False;0.16579535708046425;0.15403331012554522;0.26031648097645377;0.23925131684606912
79.11479102555012;81.52937103439972;58.23717346421215;115.21386821734554;79.11479102555012;81.52937103439972;58.23717346421215;115.21386821734554;79.11479102555012;81.52937103439972;644.8499504162971;485.1316826161236;-9.11479102555012;8.470628965600284;78.9442846775055;81.6533203125;57.67275780439377;115.43465852737428;False;False;False;False;0.16615267442832565;0.15246642994658233;0.2656429145435182;0.23794722618835443
79.14165771254247;81.8298214869027;57.90619412862025;115.62935045472952;79.14165771254247;81.8298214869027;57.90619412862025;115.62935045472952;79.14165771254247;81.8298214869027;645.3784667067046;483.8626437720655;-9.141657712542468;8.170178513097298;79.04947638511658;81.71534705162048;57.49317497015;115.92238426208496;False;False;False;False;0.16631375539826088;0.15029797064889774;0.26851335117856595;0.23299947945974012
78.92064487427643;81.91207286131305;57.39018605704376;116.12310813032572;78.92064487427643;81.91207286131305;57.39018605704376;116.12310813032572;78.92064487427643;81.91207286131305;646.3033210929635;483.0857817535919;-8.920644874276434;8.08792713868695;79.04622673988342;82.03447604179382;57.29563385248184;116.3262391090393;False;False;False;False;0.16646163314535306;0.14862377778522423;0.2685314811482119;0.22554479213694748
78.89792298309875;82.09121170617581;57.14826417196855;116.51222254322522;78.89792298309875;82.09121170617581;57.14826417196855;116.51222254322522;78.89792298309875;82.09121170617581;647.0234336883963;481.9418062193771;-8.897922983098752;7.908788293824188;78.80703210830688;82.0992476940155;57.004957497119904;116.83560132980348;False;False;False;False;0.1662174143132794;0.14836956729461545;0.26816553806288007;0.22562819575316914
78.68699988822445;82.31404394078838;56.77514115660714;116.79239222984174;78.68699988822445;82.31404394078838;56.77514115660714;116.79239222984174;78.68699988822445;82.31404394078838;647.6322743250144;481.17726267804585;-8.686999888224449;7.68595605921162;78.80414891242981;82.26309895515442;56.63546532392502;117.24949419498444;False;False;False;False;0.16644618957123986;0.1482614244605535;0.26845769972558586;0.22667751849150958
78.42449458803054;82.5918257117034;56.549289151927326;117.2476198288781;78.42449458803054;82.5918257117034;56.549289151927326;117.2476198288781;78.42449458803054;82.5918257117034;648.1015049244126;480.5440066266704;-8.42449458803054;7.408174288296607;78.5356798171997;82.47673201560974;56.28358393907547;117.6501363515854;False;False;False;False;0.166738681335585;0.14858428595581347;0.26945958934092146;0.22739816406381008
78.3929903802057;82.71173539871623;56.27537115692156;117.61542131156432;78.3929903802057;82.71173539871623;56.27537115692156;117.61542131156432;78.3929903802057;82.71173539871623;648.8494421221598;479.48374909724936;-8.392990380205703;7.288264601283771;78.26705861091614;82.75531649589539;55.97353309392929;118.01093459129332;False;False;False;False;0.16695053521501024;0.1475718289362122;0.2707328719410951;0.22502425872235696
78.29836718479693;82.96417513954546;55.84102964608711;118.09989883434496;78.29836718479693;82.96417513954546;55.84102964608711;118.09989883434496;78.29836718479693;82.96417513954546;649.3163312540058;478.55393010403947;-8.29836718479693;7.03582486045454;78.2760055065155;82.86399292945862;55.70716172456741;118.35144698619844;False;False;False;False;0.16632810476918686;0.1473283742074345;0.26990651205325417;0.22456819279733575
78.09949770777305;83.20338570749699;55.80393994783697;118.6702945284108;78.09949770777305;83.20338570749699;55.80393994783697;118.6702945284108;78.09949770777305;83.20338570749699;649.7760200994967;477.8452201001143;-8.099497707773054;6.796614292503008;78.15498042106628;83.13635468482971;55.39720267057419;118.78502249717712;False;False;False;False;0.1657494203761574;0.1473359057723492;0.2725264174371633;0.22482920222305278
78.10200250454268;83.32111143027382;55.45126177142632;119.41518595684256;78.10200250454268;83.32111143027382;55.45126177142632;119.41518595684256;78.10200250454268;83.32111143027382;650.4467838929435;476.760277478872;-8.102002504542682;6.678888569726183;77.97662329673767;83.36627745628357;55.1635417342186;119.19336199760436;False;False;False;False;0.1648547446888817;0.14728985556351684;0.2739036245185979;0.22531280740209642
77.91484394043353;83.37364004838349;54.75111429694414;119.7090760630919;77.91484394043353;83.37364004838349;54.75111429694414;119.7090760630919;77.91484394043353;83.37364004838349;651.2322451326876;476.0543276064846;-7.914843940433528;6.626359951616507;77.99278855323792;83.49076652526855;54.89710479974747;119.7671353816986;False;False;False;False;0.16501071024226047;0.14770905753742025;0.2741845331453918;0.22477358785293086
77.92408477629085;83.51280570439292;54.23538180168627;120.0302795410482;77.92408477629085;83.51280570439292;54.23538180168627;120.0302795410482;77.92408477629085;83.51280570439292;651.8374284808842;474.9805334093789;-7.924084776290854;6.4871942956070825;77.76849043369293;83.54284381866455;54.52991396188736;120.3192001581192;False;False;False;False;0.1654390238940041;0.1474802450963372;0.27561594743502804;0.22447010904612366
77.8191395733192;83.614572584468;53.94601711339829;120.15509219091618;77.8191395733192;83.614572584468;53.94601711339829;120.15509219091618;77.8191395733192;83.614572584468;652.4988539601484;474.13387917848337;-7.819139573319205;6.385427415532007;77.72940826416016;83.6492109298706;54.13237303495407;120.79358994960783;False;False;False;False;0.16482713518009198;0.14692534956619474;0.27588741997188543;0.23142109651714746
77.56078937638055;83.66459806562644;53.58504859654592;120.58011349310868;77.56078937638055;83.66459806562644;53.58504859654592;120.58011349310868;77.56078937638055;83.66459806562644;653.2501933199025;473.60802762925147;-7.560789376380555;6.335401934373564;77.63414525985718;83.75270175933838;53.69932860136032;121.06265604496002;False;False;False;False;0.1638319463268962;0.14716529594026875;0.2759975261389727;0.2349224835135169
77.27892421142282;83.7978813180907;53.11246636770343;120.88258816155582;77.27892421142282;83.7978813180907;53.11246636770343;120.88258816155582;77.27892421142282;83.7978813180907;653.8283470728904;473.16365270898285;-7.278924211422819;6.2021186819092975;77.3389288187027;83.81669211387634;53.282118141651154;121.35449945926666;False;False;False;False;0.1612673040443105;0.14660600105578853;0.2762138069512037;0.23799826668314758
77.09970062094432;83.7596457737519;52.64427971010617;121.5526457308338;77.09970062094432;83.7596457737519;52.64427971010617;121.5526457308338;77.09970062094432;83.7596457737519;654.731767319156;472.5515766617501;-7.099700620944319;6.240354226248101;77.09358060359955;83.925119638443;52.90546625852585;121.63186609745026;False;False;False;False;0.16121319856766206;0.14630980664511306;0.27602788496581093;0.23728961291950576
76.63892746526267;84.06777179958517;52.42210302997204;121.8590294610624;76.63892746526267;84.06777179958517;52.42210302997204;121.8590294610624;76.63892746526267;84.06777179958517;654.9475624976559;472.5264962236542;-6.638927465262668;5.932228200414826;76.88316261768341;83.94457602500916;52.537944316864014;122.06087172031404;False;False;False;False;0.1628633140165651;0.146708034321013;0.2761439686352728;0.23712315980743934
76.50235708256503;84.30712415435357;52.02786444227137;122.10348916774502;76.50235708256503;84.30712415435357;52.02786444227137;122.10348916774502;76.50235708256503;84.30712415435357;655.2598215481744;471.9144466603478;-6.502357082565027;5.692875845646427;76.42976796627045;84.21862483024597;52.19246536493301;122.468444108963;False;False;False;False;0.1629529079501056;0.14694703878510496;0.27628033712042754;0.23757915346117764
76.05992808112025;84.5320624040432;52.09567211003655;122.65578584081103;76.05992808112025;84.5320624040432;52.09567211003655;122.65578584081103;76.05992808112025;84.5320624040432;655.568995161548;471.9323237188953;-6.059928081120248;5.467937595956798;76.27796804904938;84.43322587013245;51.843521296978;122.89925277233124;False;False;False;False;0.16411308426953827;0.1471479627947362;0.2770642199303084;0.23627601942380008
75.7960554494854;84.41462821368212;51.63474290883096;123.19013573744355;75.7960554494854;84.41462821368212;51.63474290883096;123.19013573744355;75.7960554494854;84.41462821368212;656.5329218883977;471.65207857134897;-5.796055449485394;5.585371786317879;75.8746110200882;84.66674399375916;51.62346839904785;123.1975281238556;False;False;False;False;0.1642212057496058;0.14588736348966053;0.27672944506581887;0.23582403848969666
75.63764549817947;84.4606382056678;51.56181131210244;123.6321406013122;75.63764549817947;84.4606382056678;51.56181131210244;123.6321406013122;75.63764549817947;84.4606382056678;657.185618142602;471.1960910806961;-5.637645498179467;5.539361794332194;75.6168726682663;84.57621717453003;51.39179736375809;123.6296284198761;False;False;False;False;0.1636643047130049;0.1432830021036156;0.275283276414525;0.2356303456159051
75.42492779821644;84.80817096972437;51.1077939710503;124.19170676212585;75.42492779821644;84.80817096972437;51.1077939710503;124.19170676212585;75.42492779821644;84.80817096972437;657.2291341870665;470.86984041419817;-5.424927798216444;5.191829030275628;75.47404384613037;84.64143133163452;51.19739681482315;124.11509215831757;False;False;False;False;0.1636213524372887;0.14272125376448067;0.2732487101306905;0.23571988941860164
75.20578018516653;84.95943872779951;50.82589693231207;124.56301500715996;75.20578018516653;84.95943872779951;50.82589693231207;124.56301500715996;75.20578018516653;84.95943872779951;657.6188425416196;470.5848119338691;-5.205780185166532;5.040561272200492;75.22990906238556;84.97537732124329;50.97246915102005;124.6206909418106;False;False;False;False;0.16316452022123187;0.1423295919918547;0.2730288681780345;0.23526520997588696
74.50718041287664;84.68759436302128;50.88836084357654;125.1183305584146;74.50718041287664;84.68759436302128;50.88836084357654;125.1183305584146;74.50718041287664;84.68759436302128;658.8346061074695;471.28790745376;-4.507180412876636;5.312405636978724;75.0147203207016;85.14412379264832;50.68787068128586;125.05001783370972;False;False;False;False;0.17018736790016015;0.14869845473625876;0.2719702244454774;0.23483484574920097
74.19430057367674;84.90676963812393;50.67865860982062;125.63214925874236;74.19430057367674;84.90676963812393;50.67865860982062;125.63214925874236;74.19430057367674;84.90676963812393;659.1045763088614;471.3127097437762;-4.194300573676742;5.093230361876067;74.35310983657837;84.90744590759277;50.52945226430893;125.55367588996889;False;False;False;False;0.170522351825004;0.1478270435301649;0.27197638171651345;0.23304930714390334
74.19524736498633;84.82908374675388;50.57447348198096;126.04317793860668;74.19524736498633;84.82908374675388;50.57447348198096;126.04317793860668;74.19524736498633;84.82908374675388;659.9390454731849;470.7515760846668;-4.195247364986329;5.170916253246119;74.03731000423431;85.13723039627075;50.34720093011856;126.01044833660126;False;False;False;False;0.17106758580431478;0.15065514543821235;0.27153534423101683;0.23196304116353172
74.12270304229689;85.14408614915118;50.584387326895104;126.49051309892468;74.12270304229689;85.14408614915118;50.584387326895104;126.49051309892468;74.12270304229689;85.14408614915118;659.9984961688232;470.33729841471416;-4.122703042296891;4.855913850848822;74.05283915996552;85.09317350387573;50.22894769906998;126.49517118930817;False;False;False;False;0.1705843796421554;0.14844724306022744;0.26967591612983216;0.2304087864872997
73.87560639457807;85.2586421730982;50.51758141184279;127.02598124254146;73.87560639457807;85.2586421730982;50.51758141184279;127.02598124254146;73.87560639457807;85.2586421730982;660.4168393010423;470.2817979711789;-3.875606394578071;4.741357826901805;73.96555161476135;85.37214517593384;50.16689360141754;126.94661319255827;False;False;False;False;0.1705918705292093;0.14862220332472867;0.27168012871830927;0.23050475817829105
73.9008760455431;85.25879482220591;50.41203561927565;127.1666460757774;73.9008760455431;85.25879482220591;50.41203561927565;127.1666460757774;73.9008760455431;85.25879482220591;661.0487150464137;469.71451114997177;-3.9008760455431;4.741205177794086;73.6918865442276;85.49724960327148;50.08195072412491;127.38906621932983;False;False;False;False;0.17133130252428025;0.15019606604066565;0.2725051900139786;0.2314490755833497
73.93129968865718;85.27021849432955;49.94240083110623;127.45002064308817;73.93129968865718;85.27021849432955;49.94240083110623;127.45002064308817;73.93129968865718;85.27021849432955;661.658028392539;469.1335470576712;-3.9312996886571767;4.729781505670445;73.75865638256073;85.49637150764465;50.01382201910019;127.78641045093536;False;False;False;False;0.17171332663947794;0.15166156532143452;0.2725464302091644;0.23365648047439738
73.9576728682546;85.49165605702838;49.51794230904069;127.71482732994744;73.9576728682546;85.49165605702838;49.51794230904069;127.71482732994744;73.9576728682546;85.49165605702838;661.8457908012307;468.55662740665537;-3.9576728682546047;4.508343942971621;73.76564657688141;85.50040936470032;49.85615760087967;128.1218546628952;False;False;False;False;0.17211221963245024;0.15106084920536614;0.27434679201295065;0.2367815117094734
73.54480624166922;85.53892283065385;49.27561018138661;128.18349201481243;73.54480624166922;85.53892283065385;49.27561018138661;128.18349201481243;73.54480624166922;85.53892283065385;662.3523697797093;468.85467094405885;-3.544806241669221;4.461077169346154;73.76173663139343;85.70992851257324;49.59467738866806;128.3260440826416;False;False;False;False;0.17334018275167667;0.1518714150305145;0.2738088821937355;0.23699135914684116
73.37542136851583;85.56181667176185;48.9578565330189;128.53347776357774;73.37542136851583;85.56181667176185;48.9578565330189;128.53347776357774;73.37542136851583;85.56181667176185;662.9013923867394;468.7207998581431;-3.3754213685158305;4.4381833282381535;73.35850751399994;85.78255462646484;49.31521266698837;128.63352477550507;False;False;False;False;0.17334718755132125;0.15326666964740054;0.2758047070190257;0.2370331904121976
73.26092385852809;85.828195591729;48.814178194463246;129.11361162416222;73.26092385852809;85.828195591729;48.814178194463246;129.11361162416222;73.26092385852809;85.828195591729;662.9603923239035;468.4997386956498;-3.260923858528088;4.171804408271001;73.18876886367798;85.84476804733276;48.99727761745453;128.97408962249756;False;False;False;False;0.17258539254276298;0.15106158282726953;0.2753707203046729;0.23724672835011257
73.03215577519791;86.15150268584226;49.01442072961779;129.37199326613796;73.03215577519791;86.15150268584226;49.01442072961779;129.37199326613796;73.03215577519791;86.15150268584226;662.8700187234465;468.5224850145064;-3.032155775197907;3.84849731415774;73.09626805782318;86.07305216789246;48.75342458486557;129.41494286060333;False;False;False;False;0.1724033031606213;0.14864733319457318;0.27620351655859815;0.2372648108036053
72.86816683765362;86.33542792863884;48.97359387402621;129.72382116886226;72.86816683765362;86.33542792863884;48.97359387402621;129.72382116886226;72.86816683765362;86.33542792863884;663.0153012130744;468.4461754529019;-2.868166837653618;3.664572071361164;72.86289167404175;86.4016604423523;48.64697307348251;129.7891229391098;False;False;False;False;0.1720985762389655;0.1477840555098936;0.27759280643592626;0.23702371608127024
72.87989261397303;86.41616916816503;48.95039974778205;130.17568046518014;72.87989261397303;86.41616916816503;48.95039974778205;130.17568046518014;72.87989261397303;86.41616916816503;663.3424283435369;468.0403016552426;-2.879892613973027;3.583830831834973;72.70280516147614;86.5739815235138;48.59152793884277;130.1643717288971;False;False;False;False;0.17208396645394639;0.14730701282116526;0.2795238418663116;0.23627406627210784
72.65195561445215;86.64686719789987;48.97818110133527;130.5917514083568;72.65195561445215;86.64686719789987;48.97818110133527;130.5917514083568;72.65195561445215;86.64686719789987;663.3588763949786;468.1121899724213;-2.651955614452149;3.3531328021001343;72.7111885547638;86.6946747303009;48.589115142822266;130.51313877105713;False;False;False;False;0.171961643961568;0.1462695119078492;0.2819727792986701;0.23582124403831667
72.56318019371818;86.89088444185685;48.87342283174132;130.84935129576473;72.56318019371818;86.89088444185685;48.87342283174132;130.84935129576473;72.56318019371818;86.89088444185685;663.317926280678;467.9361467319623;-2.563180193718182;3.109115558143145;72.48312568664551;86.92229509353638;48.61856371164322;130.9172165393829;False;False;False;False;0.16945798666618167;0.14508122734028497;0.282902048897476;0.23588155750023532
72.22851314001494;87.37936219995824;48.69332881728798;131.3053382543538;72.22851314001494;87.37936219995824;48.69332881728798;131.3053382543538;72.22851314001494;87.37936219995824;662.755519505561;468.2637234802063;-2.22851314001494;2.620637800041763;72.40081977844238;87.13873529434204;48.584505915641785;131.31431818008423;False;False;False;False;0.17023370409277006;0.14682701784014293;0.28309161832841834;0.23562222685471212
72.15763051231772;87.61912325122265;48.607233473801344;131.879097215635;72.15763051231772;87.61912325122265;48.607233473801344;131.879097215635;72.15763051231772;87.61912325122265;662.625415776371;468.1083536502654;-2.1576305123177235;2.3808767487773537;72.08029067516327;87.63040661811829;48.51595103740692;131.6357183456421;False;False;False;False;0.16665933128623586;0.14563107479916987;0.28307959277156114;0.23668760170121958
71.91230770445276;87.8320457764051;48.4123080537684;132.55395466064664;71.91230770445276;87.8320457764051;48.4123080537684;132.55395466064664;71.91230770445276;87.8320457764051;662.5170209591764;468.3113151976863;-1.9123077044527577;2.1679542235949043;71.99829936027527;87.86031556129456;48.435266613960266;131.9703495502472;False;False;False;False;0.16684437499313662;0.1454841261550628;0.28286761884540607;0.2425383228254348
72.04764326893924;88.18125819667624;48.219588644762894;132.87053988953264;72.04764326893924;88.18125819667624;48.219588644762894;132.87053988953264;72.04764326893924;88.18125819667624;662.1076566817801;467.78566970811966;-2.04764326893924;1.8187418033237608;71.73536503314972;88.09991812705994;48.31559389829636;132.4638843536377;False;False;False;False;0.16906700355747367;0.14346671328422775;0.28210585057497595;0.2456152918112047
71.78073162572312;88.36136515000534;48.19999977007012;132.8713023125454;71.78073162572312;88.36136515000534;48.19999977007012;132.8713023125454;71.78073162572312;88.36136515000534;661.9899416822317;468.04647389202665;-1.7807316257231207;1.6386348499946592;71.86399221420288;88.42314028739929;48.17059010267258;132.99397826194763;False;False;False;False;0.16916435685141193;0.1426416068612264;0.28082837179403347;0.24578489049214505
71.52888553170021;88.31734754258459;47.76628429841997;133.14216986023612;71.52888553170021;88.31734754258459;47.76628429841997;133.14216986023612;71.52888553170021;88.31734754258459;662.2964615437392;468.31273519664273;-1.5288855317002117;1.682652457415415;71.58060586452484;88.583340883255;48.06499093770981;133.41064453125;False;False;False;False;0.1677478077039339;0.14379226464776232;0.28140049871015177;0.24622221392903598
71.4631339920197;88.59826173590208;47.67175588932083;133.24876707224786;71.4631339920197;88.59826173590208;47.67175588932083;133.24876707224786;71.4631339920197;88.59826173590208;661.9589868180929;468.24038687177705;-1.4631339920197064;1.401738264097915;71.35835433006287;88.53617262840271;47.88430005311966;133.5636866092682;False;False;False;False;0.16799339860772625;0.1430699073368908;0.282091743144294;0.24780907525514156
71.50257286547546;88.62115306489329;47.39338635516381;133.4956200476753;71.50257286547546;88.62115306489329;47.39338635516381;133.4956200476753;71.50257286547546;88.62115306489329;662.1001025953235;467.9664245925962;-1.502572865475457;1.378846935106708;71.26655876636505;88.80171012878418;47.71614193916321;133.67026925086975;False;False;False;False;0.16949211048161172;0.14406384697439384;0.2829349335690465;0.24811142581144832
71.34444596124236;88.89552148569716;47.62849294943856;133.3968604416183;71.34444596124236;88.89552148569716;47.62849294943856;133.3968604416183;71.34444596124236;88.89552148569716;661.73521201173;468.0823353523324;-1.3444459612423572;1.1044785143028406;71.31602251529694;88.86191844940186;47.52704560756683;133.84934067726135;False;False;False;False;0.16833615065956736;0.14283515440772224;0.28181384122752673;0.2516800488264839
71.45611324676041;88.63974721937264;47.48298742951136;133.57352709801862;71.45611324676041;88.63974721937264;47.48298742951136;133.57352709801862;71.45611324676041;88.63974721937264;662.3940243462861;467.6797413197973;-1.4561132467604097;1.3602527806273628;71.16535305976868;89.07292413711548;47.41779938340187;133.9899778366089;False;False;False;False;0.1695298826042163;0.14805556119064056;0.28090520600490854;0.2541932405459557
71.427064561507;88.97209847339403;47.5156757849828;133.8452016689153;71.427064561507;88.97209847339403;47.5156757849828;133.8452016689153;71.427064561507;88.97209847339403;661.9106888756603;467.5436902574027;-1.4270645615069952;1.027901526605973;71.27852022647858;88.8607223033905;47.354083210229874;134.09876346588135;False;False;False;False;0.16985112572412261;0.14842686646863332;0.28008707077321154;0.2533294674155105
70.81518396454656;89.00523452166834;47.32948070905826;133.71808832046938;70.81518396454656;89.00523452166834;47.32948070905826;133.71808832046938;70.81518396454656;89.00523452166834;661.9814703159925;468.577176176456;-0.8151839645465628;0.994765478331658;71.22723805904388;89.18955874443054;47.32626229524613;134.15794253349304;False;False;False;False;0.17430662590471738;0.1494468071064994;0.2799976237685097;0.25239553922353364
70.88498943183556;88.95252471713057;47.773072240634754;133.84567866824676;70.88498943183556;88.95252471713057;47.773072240634754;133.84567866824676;70.88498943183556;88.95252471713057;662.2195253221789;468.3288740466051;-0.8849894318355638;1.0474752828694278;70.6208438873291;89.19181275367737;47.31225922703743;134.2813229560852;False;False;False;False;0.1760068087906522;0.1511210669395017;0.28172283405624826;0.2525018475999132
70.55928662642124;89.10766543541884;47.52396916533946;133.86855498857702;70.55928662642124;89.10766543541884;47.52396916533946;133.86855498857702;70.55928662642124;89.10766543541884;662.0489072566517;468.8622810665224;-0.5592866264212404;0.8923345645811622;70.72286200523376;89.14480352401733;47.35491916537285;134.41099762916565;False;False;False;False;0.174690211317337;0.14889741218525762;0.27513271802769956;0.2577425228323011
70.4884102223995;89.30604155814956;47.24824833418917;134.0457970369916;70.4884102223995;89.30604155814956;47.24824833418917;134.0457970369916;70.4884102223995;89.30604155814956;661.7711329531344;468.9294623243764;-0.4884102223994944;0.693958441850441;70.3975967168808;89.30522537231445;47.373024970293045;134.39586520195007;False;False;False;False;0.17489979986668877;0.14889718380418765;0.26855843622713454;0.2598231538239262
70.30922058437363;89.37304446390084;47.18430474053249;134.2124127484451;70.30922058437363;89.37304446390084;47.18430474053249;134.2124127484451;70.30922058437363;89.37304446390084;661.7296549338786;469.2227202374415;-0.3092205843736337;0.6269555360991603;70.32646751403809;89.52113318443298;47.31151834130287;134.46849822998047;False;False;False;False;0.17338080693575975;0.14928797058080367;0.2610094432317381;0.2607106822369399
70.31116626193318;89.47713505589496;47.125877917565816;134.48626082562;70.31116626193318;89.47713505589496;47.125877917565816;134.48626082562;70.31116626193318;89.47713505589496;661.6050678213702;469.1775994710725;-0.311166261933181;0.5228649441050379;70.12895476818085;89.57917737960815;47.26967468857765;134.57821488380432;False;False;False;False;0.17182209118586791;0.1478794894857294;0.26124969212768184;0.26069896625008
70.23256544124519;89.50958148202788;47.13131124744569;134.96696357149676;70.23256544124519;89.50958148202788;47.13131124744569;134.96696357149676;70.23256544124519;89.50958148202788;661.609890294985;469.2933122775241;-0.2325654412451854;0.4904185179721168;70.1530989408493;89.6962890625;47.137941271066666;134.73380088806152;False;False;False;False;0.1700854308437031;0.1483191071804908;0.26090274373106903;0.26159400260532495
70.10299348880308;89.85967065240636;46.925830890949136;135.28313956754633;70.10299348880308;89.85967065240636;46.925830890949136;135.28313956754633;70.10299348880308;89.85967065240636;660.9751010899577;469.52144745690896;-0.1029934888030794;0.1403293475936351;70.03392338752747;89.71232986450195;47.06018105149269;134.97900128364563;False;False;False;False;0.16773654650125866;0.14891431129818214;0.2588175670636674;0.26309313096126097
70.02277456196352;90.0023312712026;47.283384572501696;135.24125449974213;70.02277456196352;90.0023312712026;47.283384572501696;135.24125449974213;70.02277456196352;90.0023312712026;660.7084904320443;469.6681528454144;-0.0227745619635157;-0.0023312712026068;69.90170085430145;90.04044032096863;46.99195727705956;135.31693696975708;False;False;False;False;0.1641718900363755;0.14866627157677492;0.2602106823760251;0.26315421566650793
70.05058293837907;90.13891260239028;47.43877912619696;135.47993146074913;70.05058293837907;90.13891260239028;47.43877912619696;135.47993146074913;70.05058293837907;90.13891260239028;660.4350169335086;469.6094994843214;-0.0505829383790654;-0.1389126023902918;69.87230885028839;90.20425701141356;47.02510699629784;135.58926820755005;False;False;False;False;0.1646843763064941;0.14699349360274602;0.26307746767774726;0.26272255528047617
70.04604350977246;90.23006045019274;47.27646081861745;135.33003905424405;70.04604350977246;90.23006045019274;47.27646081861745;135.33003905424405;70.04604350977246;90.23006045019274;660.2341995575849;469.6118339497508;-0.0460435097724598;-0.2300604501927381;69.86435067653656;90.31714415550232;47.10085764527321;135.76103568077087;False;False;False;False;0.16463847376149132;0.1469180607769102;0.2628674498655661;0.2656667705215111
69.8674913833771;90.42018048941168;47.40003673254572;135.5057974957609;69.8674913833771;90.42018048941168;47.40003673254572;135.5057974957609;69.8674913833771;90.42018048941168;659.8232847524547;469.9627990679052;0.1325086166228999;-0.4201804894116918;69.85636484622955;90.417551279068;47.13324680924416;135.80340385437012;False;False;False;False;0.16435586494252552;0.14667578784425828;0.26384928234789956;0.2671513576427175
70.03705306276302;90.63320761707266;47.62967653450207;135.39334476386176;70.03705306276302;90.63320761707266;47.62967653450207;135.39334476386176;70.03705306276302;90.63320761707266;659.3412064318778;469.6413435246831;-0.0370530627630216;-0.6332076170726566;69.73197603225708;90.58488726615906;47.23415315151215;135.8754599094391;False;False;False;False;0.16597673341081418;0.14665045388383283;0.2663973275605359;0.27088985519710573
69.75290055055473;90.53566665545824;47.72870241342813;135.29911349025662;69.75290055055473;90.53566665545824;47.72870241342813;135.29911349025662;69.75290055055473;90.53566665545824;659.4518606728303;470.20470814073127;0.2470994494452725;-0.535666655458229;69.87519550323486;90.79069352149963;47.31068566441536;135.8353078365326;False;False;False;False;0.16580804760471976;0.14849303068669856;0.2692350941817968;0.2750190763602651
69.6789434397505;90.66395669283678;47.983854754748194;135.3173101748912;69.6789434397505;90.66395669283678;47.983854754748194;135.3173101748912;69.6789434397505;90.66395669283678;659.1238583773454;470.3855689555991;0.3210565602495023;-0.663956692836777;69.60327625274658;90.68803238868712;47.3931747674942;135.807363986969;False;False;False;False;0.16489017484607413;0.14844246970698288;0.2750610506362809;0.2774828313846968
69.2475499266386;90.77164943366448;48.16649514870752;135.42987087387013;69.2475499266386;90.77164943366448;48.16649514870752;135.42987087387013;69.2475499266386;90.77164943366448;658.8199453366451;471.2911635231896;0.7524500733614019;-0.7716494336644786;69.5637446641922;90.84844040870668;47.554422318935394;135.7256829738617;False;False;False;False;0.16744589366083076;0.14805557234161007;0.281173563942717;0.27702315208628286
69.11387874031517;90.92672697926848;47.88587817261852;135.47193631160184;69.11387874031517;90.92672697926848;47.88587817261852;135.47193631160184;69.11387874031517;90.92672697926848;658.4069036542818;471.65883257228455;0.8861212596848276;-0.92672697926848;69.14369344711304;90.91872954368591;47.73676544427872;135.72405695915222;False;False;False;False;0.16655603658837662;0.14801475004437134;0.2814098113201521;0.27686182597102854
69.1323579519469;90.66636390493566;48.14359342334052;135.6239062146746;69.1323579519469;90.66636390493566;48.14359342334052;135.6239062146746;69.1323579519469;90.66636390493566;658.8040662057116;471.7400236503124;0.8676420480530993;-0.6663639049356647;68.97756743431091;91.07624053955078;47.79446929693222;135.78341960906982;False;False;False;False;0.16713915365001364;0.15307726706464364;0.28033108435364235;0.27727808304408014
69.20817448953507;90.55222135827502;47.96179431205046;135.31856008123947;69.20817448953507;90.55222135827502;47.96179431205046;135.31856008123947;69.20817448953507;90.55222135827502;658.9435027783748;471.7040761815432;0.7918255104649319;-0.5522213582750197;69.03291857242584;90.8715958595276;47.88499176502228;135.89367389678955;False;False;False;True;0.16376252443683223;0.15599087707709478;0.2771696246252101;0.28253785591560787
69.08810629082306;90.70848175728928;47.81590962285528;135.5909816502083;69.08810629082306;90.70848175728928;47.81590962285528;135.5909816502083;69.08810629082306;90.70848175728928;658.5573524659095;472.0497893136958;0.9118937091769368;-0.7084817572892916;69.0963523387909;90.75650310516356;47.87843197584152;135.88667154312134;False;False;False;True;0.16376346562758043;0.15529184735030657;0.27220315815192736;0.2839135104840464
68.89717589021015;90.898918714419;47.6257954749735;135.90117767141632;68.89717589021015;90.898918714419;47.6257954749735;135.90117767141632;68.89717589021015;90.898918714419;658.0820143173448;472.5532359428119;1.10282410978985;-0.8989187144190112;68.97121334075928;90.87083530426024;47.8071790933609;135.8970046043396;False;False;False;True;0.16308357440471244;0.1550718834497001;0.2718005548649665;0.2838754622941008
69.33796698560252;90.9396408324623;47.62113270610695;135.90016026882608;69.33796698560252;90.9396408324623;47.62113270610695;135.90016026882608;69.33796698560252;90.9396408324623;657.880714252669;471.81869696666575;0.6620330143974797;-0.9396408324623025;68.7733963727951;91.09542727470398;47.75167167186737;135.94956159591675;False;False;False;True;0.16919906132466916;0.15568929559748196;0.27174707541163035;0.2828566145545246
69.38058270657453;90.90445722387632;47.61205574404888;135.96382277859848;69.38058270657453;90.90445722387632;47.61205574404888;135.96382277859848;69.38058270657453;90.90445722387632;657.8257960255127;471.82173659330806;0.6194172934254709;-0.9044572238763208;69.18729746341705;91.08975768089294;47.638112902641296;136.12650871276855;False;False;False;True;0.17014823402206636;0.15656671728053856;0.2716188456999138;0.2830021735862132
69.32169940889332;90.71962819016665;47.677059278601945;135.86156687045204;69.32169940889332;90.71962819016665;47.677059278601945;135.86156687045204;69.32169940889332;90.71962819016665;658.0748597964151;472.0220921611272;0.6783005911066766;-0.7196281901666453;69.22850918769836;91.09331154823305;47.56374567747116;136.2697160243988;False;False;False;True;0.167627453673088;0.1603533536863364;0.27158781882645744;0.28543605406229133
69.21460286731656;91.0567897231608;47.58744397707651;136.1527722923159;69.21460286731656;91.0567897231608;47.58744397707651;136.1527722923159;69.21460286731656;91.0567897231608;657.3045863050713;472.3267253230949;0.7853971326834426;-1.05678972316079;69.19601273536682;90.93403744697572;47.54128307104111;136.29503726959229;False;False;False;True;0.16668478987071184;0.15969424392257195;0.2708778938904613;0.285186601315651
69.31463418523899;91.2722995349214;47.49281804133034;136.11916184692433;69.31463418523899;91.2722995349214;47.49281804133034;136.11916184692433;69.31463418523899;91.2722995349214;656.7326613851287;472.2313823049412;0.6853658147610133;-1.2722995349213877;69.09224534034729;91.25898814201356;47.53111064434052;136.3378643989563;False;False;False;True;0.16651980642061848;0.15918585887769043;0.2704347026847194;0.2852723686739542
69.47579795611301;91.2582553536476;47.41223467491896;136.2329167753157;69.47579795611301;91.2582553536476;47.41223467491896;136.2329167753157;69.47579795611301;91.2582553536476;656.5911098096868;472.0004368718279;0.5242020438869872;-1.2582553536475984;69.13416576385498;91.4169900417328;47.499385327100754;136.356760263443;False;False;False;True;0.1685110168061751;0.15850120355368458;0.27038981386297234;0.2828239799535574
69.52399620286508;91.47536455585858;47.72034465301888;136.43684663552258;69.52399620286508;91.47536455585858;47.72034465301888;136.43684663552258;69.52399620286508;91.47536455585858;655.9891240247786;471.97393398417535;0.476003797134922;-1.475364555858576;69.3089793920517;91.41817927360536;47.45034754276276;136.4545440673828;False;False;False;True;0.1678681931529511;0.15845968173341207;0.27161051172806966;0.28124276954491717
69.60757527811543;91.50712329732126;47.70100322109307;136.30526723208257;69.60757527811543;91.50712329732126;47.70100322109307;136.30526723208257;69.60757527811543;91.50712329732126;655.7288912677387;471.870243006626;0.3924247218845664;-1.5071232973212574;69.38429856300354;91.64008855819702;47.46339663863182;136.52863264083862;False;False;False;True;0.1691370229693808;0.15893829538096269;0.2723647826482308;0.28203892407899955
69.3524495422052;91.60177184932358;47.54248301910165;136.32232006982008;69.3524495422052;91.60177184932358;47.54248301910165;136.32232006982008;69.3524495422052;91.60177184932358;655.338644390758;472.4328177746977;0.647550457794793;-1.6017718493235833;69.42639529705048;91.6363410949707;47.49035701155663;136.6019082069397;False;False;False;True;0.16925575818278632;0.1574837581332935;0.2722915478593253;0.28326972821760465
69.4236125148897;91.59253301452506;47.58644870174207;136.81014451300828;69.4236125148897;91.59253301452506;47.58644870174207;136.81014451300828;69.4236125148897;91.59253301452506;655.1435524804452;472.376831890368;0.5763874851103026;-1.5925330145250598;69.19961500167847;91.74452662467957;47.50918239355087;136.65483236312866;False;False;False;True;0.1691751164276875;0.15769548819682366;0.27227615226010526;0.28285764631972526
69.49975039012213;91.57414928472228;47.57037319987086;136.83790258817635;69.49975039012213;91.57414928472228;47.57037319987086;136.83790258817635;69.49975039012213;91.57414928472228;654.9679822047808;472.3014078045845;0.5002496098778693;-1.5741492847222815;69.23820972442627;91.7604775428772;47.54185676574707;136.68450713157654;False;False;False;True;0.17099047917962096;0.15735604759263738;0.2722676497584493;0.28256910082783104
69.32479554680627;91.67810601730748;47.4902409146749;136.87423976070667;69.32479554680627;91.67810601730748;47.4902409146749;136.87423976070667;69.32479554680627;91.67810601730748;654.5501821683141;472.7180174392;0.6752044531937287;-1.6781060173074849;69.34397876262665;91.76328468322754;47.51479804515839;136.8427550792694;False;False;False;False;0.1709665363830368;0.15675820218355;0.2722537937379826;0.27992000889756696
69.28482881027274;91.59369814748597;47.58765186003126;137.0819913555235;69.28482881027274;91.59369814748597;47.58765186003126;137.0819913555235;69.28482881027274;91.59369814748597;654.4952504389828;472.8879781726928;0.7151711897272577;-1.5936981474859522;69.14655244350433;91.81911635398863;47.47688502073288;137.04651832580566;False;False;False;False;0.1714712038830655;0.15810600017218424;0.2723807743735763;0.2742963558510569
69.05624312160106;91.6847170693718;47.56752814131998;137.2631230409087;69.05624312160106;91.6847170693718;47.56752814131998;137.2631230409087;69.05624312160106;91.6847170693718;654.1007195088796;473.44050570866654;0.9437568783989434;-1.6847170693718;69.11284601688385;91.7754259109497;47.48439222574234;137.11050987243652;False;False;False;False;0.17055010318409425;0.15754079522482034;0.2724944071971335;0.2735614400007762
68.69667658966154;91.58885497089574;47.64112798403709;136.98861688631024;68.69667658966154;91.58885497089574;47.64112798403709;136.98861688631024;68.69667658966154;91.58885497089574;654.0678147632489;474.2854730229988;1.3033234103384643;-1.5888549708957385;68.87665557861328;91.89273810386658;47.49374344944954;137.2344410419464;False;False;False;False;0.17109682477543306;0.15892526819747427;0.2724255362200174;0.2742432391006496
68.59814559592839;91.5573757283024;47.86322742573492;137.24635868347335;68.59814559592839;91.5573757283024;47.86322742573492;137.24635868347335;68.59814559592839;91.5573757283024;653.9189259189828;474.6563114651768;1.4018544040716137;-1.5573757283023897;68.51895952224731;91.78336334228516;47.526104748249054;137.32103943824768;False;False;False;False;0.16831462756825466;0.15846518809113216;0.27421295233664295;0.27406674523608654
68.2436182198769;91.67456823675252;47.95303762047033;137.31089746865095;68.2436182198769;91.67456823675252;47.95303762047033;137.31089746865095;68.2436182198769;91.67456823675252;653.4768908049756;475.5522801378227;1.7563817801231068;-1.6745682367525347;68.45837783813477;91.74269437789916;47.62688487768173;137.33044147491455;False;False;False;False;0.16921016244036433;0.1585630507417206;0.27298456994677733;0.27292616432245825
68.38074556506314;91.89610286147136;47.97596764419825;137.19348586421748;68.38074556506314;91.89610286147136;47.97596764419825;137.19348586421748;68.38074556506314;91.89610286147136;652.8105457906377;475.5122096848;1.6192544349368632;-1.8961028614713484;68.10075783729553;91.8586721420288;47.7293074131012;137.29537725448608;False;False;False;False;0.17082130868766576;0.15728404354516756;0.27372479363330077;0.2718936483072628
68.47835149769402;92.19021912976484;48.04906406092467;137.25476301790522;68.47835149769402;92.19021912976484;48.04906406092467;137.25476301790522;68.47835149769402;92.19021912976484;651.9694995391878;475.5328984108632;1.521648502305979;-2.190219129764841;68.25241601467133;92.06657338142396;47.82632410526276;137.383850812912;False;False;False;False;0.17214751117849886;0.15707501762306553;0.27397711630587857;0.27195696235362227
68.58765636064281;92.46708923422509;47.86505770008902;137.204324943581;68.58765636064281;92.46708923422509;47.86505770008902;137.204324943581;68.58765636064281;92.46708923422509;651.1237301129654;475.5171751519397;1.412343639357189;-2.467089234225085;68.33913314342499;92.38773512840272;47.91344374418259;137.38339185714722;False;False;False;False;0.1737641364605199;0.15722172141482385;0.27162334533043203;0.2707637118375019
68.47955594072585;92.76809248295166;48.06598600867039;137.0031213123985;68.47955594072585;92.76809248295166;48.06598600867039;137.0031213123985;68.47955594072585;92.76809248295166;650.1927783842823;475.9216884770212;1.5204440592741548;-2.7680924829516584;68.45858180522919;92.59297442436218;47.90990322828293;137.3428726196289;False;False;False;False;0.17320419377190469;0.15783467937420023;0.27004251141863794;0.26762567846999996
68.30914207044884;92.94586525142611;47.95513229627267;137.26565090744182;68.30914207044884;92.94586525142611;47.95513229627267;137.26565090744182;68.30914207044884;92.94586525142611;649.4681538496066;476.4652420921451;1.6908579295511572;-2.945865251426113;68.31748497486115;92.90771985054016;47.94206619262695;137.28608012199402;False;False;False;False;0.17308868848531714;0.15735867807515658;0.267727624904023;0.26617904619424626
68.32259477787933;93.18687774478528;47.96918843676703;137.53092790903082;68.32259477787933;93.18687774478528;47.96918843676703;137.53092790903082;68.32259477787933;93.18687774478528;648.5933468293647;476.6637844012243;1.6774052221206688;-3.186877744785278;68.1850688457489;93.08029675483704;47.94396758079529;137.2120177745819;False;False;False;False;0.1723701840759257;0.15732957060970348;0.267292851505045;0.2677941801115714
68.47608091329121;93.22635700553585;48.08893551240696;137.63983089299578;68.47608091329121;93.22635700553585;48.08893551240696;137.63983089299578;68.47608091329121;93.22635700553585;648.0894712752255;476.5804661600166;1.523919086708787;-3.2263570055358457;68.15657913684845;93.29968237876892;47.9365423321724;137.2430169582367;False;False;False;False;0.17494554658519618;0.15721304511107057;0.26753406104493976;0.26888118692266727
68.58878609886997;93.30592423548389;48.000737044712906;137.80293266056742;68.58878609886997;93.30592423548389;48.000737044712906;137.80293266056742;68.58878609886997;93.30592423548389;647.5001558812579;476.5582450004202;1.4112139011300258;-3.305924235483886;68.31588089466095;93.35798931121826;47.98396557569504;137.46770858764648;False;False;False;False;0.1757435264240566;0.15530266958826944;0.2667414687840066;0.26775716421034373
68.67050755948536;93.05307591237988;47.95747033827193;137.6779343292417;68.67050755948536;93.05307591237988;47.95747033827193;137.6779343292417;68.67050755948536;93.05307591237988;647.5650626294014;476.5829639326735;1.3294924405146418;-3.0530759123798816;68.40394628047943;93.41871619224548;47.9767632484436;137.61724948883057;False;False;False;False;0.1773091862385922;0.15790896597779763;0.2662120046319474;0.2659168614576805
68.545646187516;93.27562467343964;48.24078817177772;137.77326069440574;68.545646187516;93.27562467343964;48.24078817177772;137.77326069440574;68.545646187516;93.27562467343964;646.7128883189645;477.00995233534746;1.4543538124840012;-3.2756246734396512;68.49742197990417;93.19924068450928;47.97496676445007;137.6964259147644;False;False;False;False;0.17716982609573223;0.15739464434243067;0.2661309091695872;0.2645481990212965
68.47999142846706;93.43671326143117;48.45589760834929;137.55810053217934;68.47999142846706;93.43671326143117;48.45589760834929;137.55810053217934;68.47999142846706;93.43671326143117;645.9539611865229;477.33517569510985;1.5200085715329408;-3.4367132614311657;68.37332010269165;93.42123293876648;48.04693430662155;137.70581483840942;False;False;False;False;0.17665225747365063;0.15660265755771957;0.2678767719447635;0.2649180896959045
68.38426315017018;93.51000721916448;48.2962736432961;137.48405637902064;68.38426315017018;93.51000721916448;48.2962736432961;137.48405637902064;68.38426315017018;93.51000721916448;645.3491448361988;477.7293000612413;1.6157368498298157;-3.5100072191644784;68.3110271692276;93.5761787891388;48.145924508571625;137.6020646095276;False;False;False;False;0.17566105705126359;0.1540928479433115;0.26390165720437625;0.26502112340968503
68.3487535161164;93.45834763613374;48.03564383641648;137.13491165579828;68.3487535161164;93.45834763613374;48.03564383641648;137.13491165579828;68.3487535161164;93.45834763613374;644.984463039705;478.0157509093262;1.6512464838835967;-3.458347636133737;68.20336365699768;93.62941074371338;48.21690857410431;137.55344152450562;False;False;False;False;0.17531972577052987;0.1547328470320354;0.2602379331330503;0.2678203210089727
68.34774714922189;93.2676752857153;48.026628515438965;137.0229127674698;68.34774714922189;93.2676752857153;48.026628515438965;137.0229127674698;68.34774714922189;93.2676752857153;644.9046947223908;478.2379298409664;1.6522528507781118;-3.267675285715299;68.1952360868454;93.56035923957825;48.22821527719498;137.37576007843018;False;False;False;False;0.17564041538603486;0.15709647024760895;0.25497020987803576;0.2699248264313567
68.48945569194582;93.02716860011614;48.052380094190326;136.56689758313013;68.48945569194582;93.02716860011614;48.052380094190326;136.56689758313013;68.48945569194582;93.02716860011614;644.9500180554937;478.1748131356223;1.510544308054179;-3.0271686001161413;68.15473306179047;93.40041446685792;48.17947745323181;137.20481872558594;False;False;False;False;0.1784578023214797;0.1607477228361908;0.25207550518020905;0.2761621371097788
68.43727800337054;93.0285371513065;48.060229192577104;136.39000466945245;68.43727800337054;93.0285371513065;48.060229192577104;136.39000466945245;68.43727800337054;93.0285371513065;644.5436584730976;478.4805744205134;1.5627219966294632;-3.0285371513064945;68.31597423553467;93.12182307243349;48.10049116611481;136.9140374660492;False;False;False;False;0.1771782028229142;0.16052879524514746;0.24926330981031836;0.2805427037267981
68.47390521198847;93.03213538445424;48.20074847441023;136.15530053456314;68.47390521198847;93.03213538445424;48.20074847441023;136.15530053456314;68.47390521198847;93.03213538445424;644.1326570532946;478.6156829361615;1.526094788011534;-3.032135384454236;68.26346480846405;93.1161811351776;48.060266971588135;136.65963172912598;False;False;False;True;0.17816442008274933;0.16051474903672558;0.24866816410925624;0.2846173931476587
68.58416744556222;92.9695807512763;48.33928819262625;136.1705470404531;68.58416744556222;92.9695807512763;48.33928819262625;136.1705470404531;68.58416744556222;92.9695807512763;643.8534816017232;478.5986377740822;1.4158325544377846;-2.969580751276297;68.3182282447815;93.11177682876588;48.102097511291504;136.35830760002136;False;False;False;True;0.17878003041157717;0.15964029395829707;0.24958756821125297;0.2850885910923708
68.59751629173422;93.05565330478798;48.43983432885079;136.17181111875615;68.59751629173422;93.05565330478798;48.43983432885079;136.17181111875615;68.59751629173422;93.05565330478798;643.2853923945296;478.7607177556632;1.4024837082657768;-3.055653304787981;68.43067979812622;93.05945062637328;48.17074090242386;136.1979353427887;False;False;False;True;0.17936866971567722;0.15963977367405097;0.25088235206828846;0.28464493094390614
68.38489112202025;93.09476727835782;48.695655453024784;136.2457122226662;68.38489112202025;93.09476727835782;48.695655453024784;136.2457122226662;68.38489112202025;93.09476727835782;642.7997440067516;479.3729659228599;1.6151088779797504;-3.0947672783578213;68.42109334468842;93.16790580749512;48.257876932621;136.08389139175415;False;False;False;True;0.17891340804472772;0.15979148127489637;0.2543265760125399;0.2850203485959206
68.25702162186714;93.03596466681591;48.848838446884926;135.98408591965747;68.25702162186714;93.03596466681591;48.848838446884926;135.98408591965747;68.25702162186714;93.03596466681591;642.504713592721;479.8440527735634;1.742978378132861;-3.0359646668159144;68.22371888160706;93.2315227985382;48.408607840538025;136.10217094421387;False;False;False;True;0.17766282757921092;0.1602882979009004;0.25598253708627156;0.2852333246284494
68.37206282515342;92.87889932671736;48.75592693600765;135.66181831128193;68.37206282515342;92.87889932671736;48.75592693600765;135.66181831128193;68.37206282515342;92.87889932671736;642.4140489840094;479.8463674840752;1.6279371748465792;-2.8788993267173595;68.11656355857849;93.12392497062685;48.56259733438492;136.08137369155884;False;False;False;True;0.1793189776264623;0.16169155248096376;0.24316803485218466;0.28705892854764503
68.32756947695005;93.10292678977468;48.71598946967391;135.66989552915732;68.32756947695005;93.10292678977468;48.71598946967391;135.66989552915732;68.32756947695005;93.10292678977468;641.5821408143324;480.1524124704615;1.672430523049954;-3.102926789774685;68.23525512218475;93.00583148002625;48.65939110517502;135.973060131073;False;False;False;True;0.17879729651307225;0.1615245962536928;0.2371998502786166;0.287741543518951
68.36826143054212;92.67707161774904;48.61186996214119;135.6138413832148;68.36826143054212;92.67707161774904;48.61186996214119;135.6138413832148;68.36826143054212;92.67707161774904;642.0201275864138;480.294019299684;1.6317385694578803;-2.677071617749036;68.15351617336273;93.21836519241332;48.715354204177856;135.7859766483307;False;False;False;True;0.1797510951995267;0.16921787486391845;0.23411610852947276;0.2868517717088679
68.5411561454419;92.75262121591231;48.34507364885716;135.39206400611147;68.5411561454419;92.75262121591231;48.34507364885716;135.39206400611147;68.5411561454419;92.75262121591231;641.5120855077206;480.1657950124789;1.458843854558097;-2.752621215912328;68.2093893289566;92.7938232421875;48.69171142578125;135.61222910881042;False;False;False;True;0.18212005531688263;0.1688606439280643;0.23626557435978657;0.2869660062305466
68.67149449497781;93.01804006616184;48.30550663451059;135.3664621566249;68.67149449497781;93.01804006616184;48.30550663451059;135.3664621566249;68.67149449497781;93.01804006616184;640.6142316451;480.0996308273481;1.3285055050221928;-3.0180400661618307;68.34620976448059;92.83421564102171;48.57750684022904;135.52865982055664;False;False;False;True;0.18453867801340576;0.1697660882625266;0.23729160594827556;0.2857236109358801
68.65938696311923;93.14455163262647;48.21342555265338;135.25350170669512;68.65938696311923;93.14455163262647;48.21342555265338;135.25350170669512;68.65938696311923;93.14455163262647;639.9588031700157;480.3009799584016;1.340613036880768;-3.1445516326264737;68.4883782863617;93.09751987457275;48.47553998231888;135.41410446166992;False;False;False;True;0.18492056473418267;0.16975582234866793;0.23823209317213992;0.282794963332003
68.70717329035533;93.19833521982343;48.229393483249;134.7051561287816;68.70717329035533;93.19833521982343;48.229393483249;134.7051561287816;68.70717329035533;93.19833521982343;639.4319624446049;480.3841557088468;1.2928267096446715;-3.1983352198234343;68.451944231987;93.20054745674132;48.37489426136017;135.27161836624146;False;False;False;True;0.1862134014273843;0.1694008868027571;0.237287120674588;0.2853369452685406
69.09732407626761;93.2973017624644;48.310706349018425;134.63252996778672;69.09732407626761;93.2973017624644;48.310706349018425;134.63252996778672;69.09732407626761;93.2973017624644;638.8075846633465;479.7762310316416;0.9026759237323888;-3.2973017624644;68.50603353977203;93.2333550453186;48.29982221126557;135.114563703537;False;False;False;True;0.19418976388761414;0.1694596363861544;0.23553771727238995;0.286543899933951
68.88132994384762;93.38986563679153;48.381635282457175;134.55385689348248;68.88132994384762;93.38986563679153;48.381635282457175;134.55385689348248;68.88132994384762;93.38986563679153;638.182816679697;480.3285760863125;1.118670056152382;-3.3898656367915123;68.90179884433746;93.3316810131073;48.292255997657776;134.85585689544678;False;False;False;True;0.19418786627882959;0.1692811404216353;0.23534597017441367;0.28698657322591575
68.65057699252137;93.0514640137986;48.50059714422135;134.30560261711852;68.65057699252137;93.0514640137986;48.50059714422135;134.30560261711852;68.65057699252137;93.0514640137986;638.4076378407773;480.939237996452;1.3494230074786344;-3.051464013798608;68.66295337677002;93.43841457366943;48.31538081169128;134.5587420463562;False;False;False;True;0.19411938356926833;0.17313707320696065;0.23279955681049094;0.2877918963596701
68.76175221653237;92.9216979901868;48.53351706773756;134.38314210790833;68.76175221653237;92.9216979901868;48.53351706773756;134.38314210790833;68.76175221653237;92.9216979901868;638.2603080194945;480.8968106160938;1.238247783467628;-2.9216979901868;68.47676253318787;93.11968660354614;48.38537156581879;134.42825436592102;False;False;False;True;0.1956470856221242;0.17410990766462878;0.23160868196075238;0.28704590326704565
68.48042238217106;93.22132767952436;48.52999553288235;134.15388479002553;68.48042238217106;93.22132767952436;48.52999553288235;134.15388479002553;68.48042238217106;93.22132767952436;637.2714889087945;481.6245699892788;1.5195776178289435;-3.2213276795243644;68.57416200637817;92.96687030792236;48.45536231994629;134.35232996940613;False;False;False;True;0.1957100774766002;0.17543707850403759;0.23129950794115126;0.28761556047179737
68.308297511164;93.17625682004402;48.81382456024215;134.13633254132992;68.308297511164;93.17625682004402;48.81382456024215;134.13633254132992;68.308297511164;93.17625682004402;636.9321202704853;482.17143008033673;1.6917024888360004;-3.176256820044017;68.29203748703003;93.28044033050536;48.51163685321808;134.23462748527527;False;False;False;True;0.195153146756476;0.1756947366130077;0.2313892642674167;0.28644664649716994
68.2990607146917;93.0034404851996;48.98720132853299;133.92261437258466;68.2990607146917;93.0034404851996;48.98720132853299;133.92261437258466;68.2990607146917;93.0034404851996;636.8542520308349;482.4154640051261;1.7009392853082943;-3.00344048519959;68.13644516468048;93.23539471626282;48.62133383750916;134.18559789657593;False;False;False;False;0.19558106166560726;0.17705041404337743;0.23332847641143495;0.2810235494480005
68.20165864875642;93.2336244014218;49.22913479362442;133.73489779213065;68.20165864875642;93.2336244014218;49.22913479362442;133.73489779213065;68.20165864875642;93.2336244014218;635.9934254670305;482.8370600417045;1.7983413512435789;-3.2336244014218067;68.15036332607269;93.0732443332672;48.742927610874176;134.050874710083;False;False;False;False;0.19551714199517276;0.1775108935924277;0.23763947243576808;0.27886392879633926
67.92736670126452;93.17454072622937;49.40857102340021;133.71052104254056;67.92736670126452;93.17454072622937;49.40857102340021;133.71052104254056;67.92736670126452;93.17454072622937;635.6804428972258;483.6254227835208;2.0726332987354823;-3.174540726229353;68.06317949295044;93.28077220916748;48.91039729118347;133.93083810806274;False;False;False;False;0.19586194978343038;0.17779058646128346;0.2417995491690222;0.2760105288285451
68.07322920199653;93.05833761509548;49.41064805487261;133.55047912340115;68.07322920199653;93.05833761509548;49.41064805487261;133.55047912340115;68.07322920199653;93.05833761509548;635.489577022663;483.6100488885549;1.9267707980034745;-3.058337615095482;67.79931175708771;93.23578190803528;49.11592423915863;133.75625133514404;False;False;False;False;0.19759468807360195;0.17789550219078512;0.24214976830824955;0.2766038463431733
68.05148529641318;93.20823666413068;49.34937023943348;133.4070177497227;68.05148529641318;93.20823666413068;49.34937023943348;133.4070177497227;68.05148529641318;93.20823666413068;634.7820005759131;483.9104394727887;1.948514703586824;-3.2082366641306805;67.90853440761566;93.12299847602844;49.25088673830032;133.62096428871155;False;False;False;False;0.1966905005324924;0.17769323455699118;0.24207992535032233;0.2766865388063089
67.98259411980808;93.50513818740924;49.81458017100567;133.19534396410364;67.98259411980808;93.50513818740924;49.81458017100567;133.19534396410364;67.98259411980808;93.50513818740924;633.7604326408052;484.30802378647707;2.017405880191916;-3.505138187409244;67.93872499465942;93.27809643745422;49.33213502168656;133.52126598358154;False;False;False;False;0.19661319086207507;0.17880800375265346;0.24591121433074578;0.2762431658864868
68.05344094579344;93.4187943258454;49.953559293649896;133.17322068489682;68.05344094579344;93.4187943258454;49.953559293649896;133.17322068489682;68.05344094579344;93.4187943258454;633.4657686056116;484.4353175851986;1.94655905420656;-3.418794325845397;67.8475136756897;93.54264521598816;49.47466373443604;133.32834720611572;False;False;False;False;0.1964944311786466;0.17894955168260654;0.2489563070611365;0.27566316118392176
67.87479375436774;93.54135303112344;49.884178228588944;133.08628376676282;67.87479375436774;93.54135303112344;49.884178228588944;133.08628376676282;67.87479375436774;93.54135303112344;632.7648119516095;485.0521531752776;2.125206245632256;-3.541353031123436;67.96253037452698;93.43896079063416;49.60546284914017;133.1967055797577;False;False;False;False;0.19652974561138717;0.17759620771860296;0.2503683079526405;0.27586323945585495
68.01126007027759;93.69020565194296;49.95162565353383;132.8545220547583;68.01126007027759;93.69020565194296;49.95162565353383;132.8545220547583;68.01126007027759;93.69020565194296;631.9949263058207;485.06258137620887;1.988739929722413;-3.6902056519429607;67.75058782100677;93.54413175582886;49.72063452005386;133.0658769607544;False;False;False;False;0.19808519772116706;0.17780030971048563;0.25081184581442406;0.2765982078159857
67.8564379004501;93.73160956702976;50.18831084120608;132.78432170754542;67.8564379004501;93.73160956702976;50.18831084120608;132.78432170754542;67.8564379004501;93.73160956702976;631.4200910553881;485.6373910398268;2.1435620995498965;-3.731609567029764;67.88084673881531;93.69490146636964;49.84493941068649;132.96404123306274;False;False;False;False;0.1980435079933282;0.17712270765539526;0.25279526911887185;0.27703219131467455
67.62716995474496;93.81237852409566;50.187498732386416;132.76839805226132;67.62716995474496;93.81237852409566;50.187498732386416;132.76839805226132;67.62716995474496;93.81237852409566;630.7610051989857;486.3817352111771;2.372830045255043;-3.812378524095664;67.75590133666992;93.75015234947205;49.93709772825241;132.81911611557007;False;False;False;False;0.19841015787756067;0.17721553262615683;0.2535353039313434;0.2770198165083488
67.5920369538071;93.64261094115793;50.138869290256025;132.61263496533812;67.5920369538071;93.64261094115793;50.138869290256025;132.61263496533812;67.5920369538071;93.64261094115793;630.5922232283151;486.7683785524202;2.407963046192904;-3.642610941157926;67.52105224132538;93.80858373641968;50.00754088163376;132.6763415336609;False;False;False;False;0.19253729399689107;0.17251392036292396;0.2531235304439921;0.27700983835015963
67.65377675156321;93.5900925308439;50.07215566951798;132.61800507395088;67.65377675156321;93.5900925308439;50.07215566951798;132.61800507395088;67.65377675156321;93.5900925308439;630.2115785901221;486.9659606964003;2.346223248436786;-3.590092530843904;67.46687996387482;93.6464056968689;50.07177501916885;132.5735354423523;False;False;False;False;0.19276639373806984;0.17259744321333234;0.25272343839284256;0.27694123167582996
67.85125797183875;93.389568539656;49.9892427963496;132.5955825105229;67.85125797183875;93.389568539656;49.9892427963496;132.5955825105229;67.85125797183875;93.389568539656;630.1339475683855;486.8838280223075;2.1487420281612515;-3.389568539655997;67.51732897758484;93.59374070167542;50.10309219360352;132.4940049648285;False;False;False;False;0.19479689759308463;0.17118884916295202;0.2520265834980352;0.27709295796923944
67.77023885020466;93.43052231403496;50.1330195876067;132.51018817879074;67.77023885020466;93.43052231403496;50.1330195876067;132.51018817879074;67.77023885020466;93.43052231403496;629.6000975476734;487.3323652026638;2.229761149795337;-3.43052231403496;67.73775517940521;93.4350128173828;50.06348758935928;132.39850282669067;False;False;False;False;0.19470760528458078;0.1711205448512918;0.24982559801549462;0.2772971450078153
67.81636119732022;93.28218979535364;50.3070285212455;132.50678034194013;67.81636119732022;93.28218979535364;50.3070285212455;132.50678034194013;67.81636119732022;93.28218979535364;629.4393596098314;487.53742199507207;2.1836388026797806;-3.2821897953536308;67.66330027580261;93.43646478652954;50.0615730881691;132.37547636032104;False;False;False;False;0.19506533111159013;0.17141030882788877;0.2486815719652857;0.277476439253273
67.94987314775892;93.38418470656184;50.49978605061399;132.69089361067273;67.94987314775892;93.38418470656184;50.49978605061399;132.69089361067273;67.94987314775892;93.38418470656184;628.7977444813679;487.561549934552;2.0501268522410783;-3.3841847065618254;67.69030344486237;93.33349251747131;50.11301547288895;132.33163952827454;False;False;False;False;0.1956168098648217;0.16996452443735274;0.24942320930956072;0.27877723190155324
67.98983160036583;93.24276139934986;50.4792945625218;132.72951599366377;67.98983160036583;93.24276139934986;50.4792945625218;132.72951599366377;67.98983160036583;93.24276139934986;628.6293664682503;487.7549832763036;2.010168399634168;-3.24276139934986;67.82098412513733;93.45118498802184;50.2221354842186;132.31447458267212;False;False;False;False;0.19558668740570362;0.16975834587267943;0.25053293946215366;0.2797392165920809
68.13961774647376;93.10067922081043;50.35872418885353;132.5942824664813;68.13961774647376;93.10067922081043;50.35872418885353;132.5942824664813;68.13961774647376;93.10067922081043;628.4811626387492;487.7234334373723;1.8603822535262395;-3.1006792208104343;67.8620057106018;93.29326605796814;50.32757729291916;132.38506197929382;False;False;False;False;0.19651858801325162;0.1707465327407403;0.2484666331833715;0.27775144522073925
68.21037356309584;93.27336852811386;50.41354852265343;132.5481424001742;68.21037356309584;93.27336852811386;50.41354852265343;132.5481424001742;68.21037356309584;93.27336852811386;627.7223601280343;487.829972771265;1.7896264369041577;-3.273368528113864;68.00468587875366;93.1830062866211;50.36777198314667;132.44686365127563;False;False;False;False;0.19640865856037795;0.17018449935203203;0.2466358203618083;0.2775867019080232
68.41543446844956;93.37099259017832;50.372795440410144;132.0017542771659;68.41543446844956;93.37099259017832;50.372795440410144;132.0017542771659;68.41543446844956;93.37099259017832;627.0906628668235;487.6584678188114;1.5845655315504388;-3.370992590178332;68.05053007602692;93.3432068824768;50.385667979717255;132.392418384552;False;False;False;False;0.19945992681279795;0.1688988621812476;0.24427401460417067;0.279912169968031
68.4705755617075;93.36047391000974;50.41199167556043;131.94056311903438;68.4705755617075;93.36047391000974;50.41199167556043;131.94056311903438;68.4705755617075;93.36047391000974;626.6622345484702;487.7594610365022;1.5294244382924944;-3.3604739100097447;68.26647591590881;93.3740301132202;50.35530149936676;132.22386360168457;False;False;False;False;0.20028886381677638;0.1688964164923135;0.2437093227703366;0.280897640578858
68.68864092576682;93.12740112465748;50.203408504021176;131.86480777789194;68.68864092576682;93.12740112465748;50.203408504021176;131.86480777789194;68.68864092576682;93.12740112465748;626.6803169311735;487.5272535668226;1.3113590742331809;-3.127401124657481;68.31086468696594;93.37068367004396;50.340280532836914;132.01114416122437;False;False;False;True;0.20341010273495144;0.1703176673309742;0.2427864887895982;0.28121413650174937
68.68510115514009;93.03958606791802;50.2898658589132;131.80241084898762;68.68510115514009;93.03958606791802;50.2898658589132;131.80241084898762;68.68510115514009;93.03958606791802;626.4389602280314;487.70918098464045;1.3148988448599113;-3.039586067918023;68.50912070274353;93.15246653556824;50.3022101521492;131.73814415931702;False;False;False;True;0.2041003536740366;0.1705405073891727;0.24078379474868922;0.2812119687212744
68.59643459055481;93.20768777153408;50.084969025887176;131.74056733284843;68.59643459055481;93.20768777153408;50.084969025887176;131.74056733284843;68.59643459055481;93.20768777153408;625.6974786784102;488.0618339597924;1.4035654094451928;-3.207687771534083;68.50582957267761;93.1024980545044;50.27987867593765;131.64418935775757;False;False;False;True;0.2035841189581893;0.17017123060262437;0.23906356583220761;0.28136000354280416
68.6100389943458;93.50717724422884;50.21719532307284;131.29162716107578;68.6100389943458;93.50717724422884;50.21719532307284;131.29162716107578;68.6100389943458;93.50717724422884;624.6708080301495;488.2217672068031;1.3899610056542002;-3.507177244228842;68.43077659606934;93.20396995544434;50.21543800830841;131.5631115436554;False;False;False;True;0.20422226640100433;0.17254923802015698;0.23616795841493574;0.2824487644373138
68.39660470925114;93.64521168263222;50.32853205750507;131.08085405270677;68.39660470925114;93.64521168263222;50.32853205750507;131.08085405270677;68.39660470925114;93.64521168263222;623.9271155207789;488.8339639110796;1.603395290748864;-3.6452116826322234;68.42371726036072;93.50659489631651;50.184737145900726;131.4330697059631;False;False;False;True;0.20409594705924078;0.17302875047377134;0.2353142446237447;0.28436458150578464
68.34399446887912;93.63088296540305;50.30721772331994;130.72079565054435;68.34399446887912;93.63088296540305;50.30721772331994;130.72079565054435;68.34399446887912;93.63088296540305;623.4697447308863;489.1529704305901;1.6560055311208828;-3.630882965403032;68.24891746044159;93.60935974121094;50.21868020296097;131.17391705513;False;False;False;True;0.20363552950728125;0.17151321908846898;0.2352368975793128;0.2876265261801896
68.2626458554004;93.49156065506318;50.30532160939018;130.30754688662114;68.2626458554004;93.49156065506318;50.30532160939018;130.30754688662114;68.2626458554004;93.49156065506318;623.2642716228456;489.5364683950304;1.7373541445996068;-3.491560655063182;68.17910540103912;93.59929966926576;50.24101823568344;130.8534872531891;False;False;False;True;0.2036577952808449;0.1718172035053176;0.23515577465272164;0.29137619624749533
68.01163798365529;93.47874659960848;50.31875194988219;130.14107753048947;68.01163798365529;93.47874659960848;50.31875194988219;130.14107753048947;68.01163798365529;93.47874659960848;622.82435831308;490.2701313578005;1.988362016344709;-3.4787465996084705;68.11018526554108;93.48107481002808;50.294286608695984;130.56029319763184;False;False;False;True;0.20370950206667915;0.1717962031559675;0.23515715588846403;0.2887930448365427
67.9575824194091;93.39261306657272;50.44177103330264;130.0199251034493;67.9575824194091;93.39261306657272;50.44177103330264;130.0199251034493;67.9575824194091;93.39261306657272;622.5327924992037;490.6433574218055;2.042417580590893;-3.392613066572721;67.86741602420807;93.42683339118958;50.33078998327255;130.22786498069763;False;False;False;True;0.20170509566339473;0.17165207198284474;0.23521706533966386;0.28686434503456026
67.68246962534893;93.45897602758036;50.53309189049234;129.71082937688348;67.68246962534893;93.45897602758036;50.53309189049234;129.71082937688348;67.68246962534893;93.45897602758036;621.947718168312;491.46590535400463;2.3175303746510707;-3.4589760275803485;67.80654048919678;93.37414073944092;50.37457764148712;129.9500459432602;False;False;False;True;0.201895681242604;0.1717415759022859;0.23568544714535516;0.28753184719734837
67.62828285160379;93.23726536764757;50.61204051915098;129.7599382410883;67.62828285160379;93.23726536764757;50.61204051915098;129.7599382410883;67.62828285160379;93.23726536764757;621.9299426845002;491.8832829514484;2.3717171483962147;-3.237265367647552;67.57578802108765;93.42330026626588;50.44051319360733;129.771466255188;False;False;False;True;0.20189749842858148;0.17078229375161677;0.2345292241263527;0.2863922325148469
67.73789143147958;93.2471311540076;50.6903642227273;129.82363604658826;67.73789143147958;93.2471311540076;50.6903642227273;129.82363604658826;67.73789143147958;93.2471311540076;621.4785757294271;491.9802947448163;2.262108568520418;-3.2471311540075902;67.49707746505737;93.21833753585815;50.52465617656708;129.64990198612213;False;False;False;True;0.20295316465434052;0.17070173668161281;0.23418561794248283;0.2852951486363989
67.75586653594283;93.14949449385811;50.63479233869463;129.63814762632995;67.75586653594283;93.14949449385811;50.63479233869463;129.63814762632995;67.75586653594283;93.14949449385811;621.2408982291918;492.24595901169255;2.244133464057171;-3.149494493858114;67.62465715408325;93.22321891784668;50.6152868270874;129.54658448696136;False;False;False;True;0.202089355161666;0.1699768314972956;0.23216233935451186;0.2849425279566472
67.90052572056614;93.1247641023114;50.50824862380807;129.33678820723523;67.90052572056614;93.1247641023114;50.50824862380807;129.33678820723523;67.90052572056614;93.1247641023114;620.8704264131042;492.2558584376536;2.0994742794338634;-3.124764102311403;67.61913621425629;93.11166620254517;50.66174626350403;129.54295873641968;False;False;False;True;0.20384450365289064;0.16995122155742284;0.23242200376628674;0.2823427122821468
67.83805031210814;93.31920599564104;50.36719275841596;129.2271286129109;67.83805031210814;93.31920599564104;50.36719275841596;129.2271286129109;67.83805031210814;93.31920599564104;620.0649074128033;492.6607391584941;2.1619496878918625;-3.319205995641028;67.74225628376007;93.10000896453856;50.65483570098877;129.41795229911804;False;False;False;False;0.20215698205224641;0.16617572966738278;0.23395196948552788;0.2801281727939683
67.72401819050128;93.20638247243564;50.54218182775394;128.80231118757035;67.72401819050128;93.20638247243564;50.54218182775394;128.80231118757035;67.72401819050128;93.20638247243564;619.8479936597953;493.17706336009337;2.2759818094987168;-3.2063824724356493;67.68562257289886;93.25452613830566;50.6005609035492;129.19870257377625;False;False;False;True;0.201693462217792;0.16589959191336542;0.23351043580247385;0.28163047674366737
67.46312862592296;93.2115363332244;50.65110451294724;128.60533952342075;67.46312862592296;93.2115363332244;50.65110451294724;128.60533952342075;67.46312862592296;93.2115363332244;619.4101682752264;494.0023067305165;2.536871374077037;-3.211536333224388;67.57430839538574;93.13852763175964;50.57600349187851;128.97079825401306;False;False;False;False;0.19811383691522078;0.16511288306833136;0.23361999844990777;0.2806618501206594
67.52803380636908;93.01184171761982;50.7100399424944;128.03071245278042;67.52803380636908;93.01184171761982;50.7100399424944;128.03071245278042;67.52803380636908;93.01184171761982;619.3813526620056;494.2107458861679;2.4719661936309194;-3.0118417176198164;67.34752464294434;93.19006562232973;50.597626864910126;128.73940587043762;False;False;False;True;0.19725873297634117;0.16440952341473514;0.22970141628649057;0.2856774813276972
67.59280747174746;93.01805645203729;51.014827043223406;127.73736422970433;67.59280747174746;93.01805645203729;51.014827043223406;127.73736422970433;67.59280747174746;93.01805645203729;618.967344297488;494.4107940478953;2.407192528252537;-3.018056452037285;67.39582335948944;92.95995616912842;50.66241502761841;128.36481928825378;False;False;False;True;0.1975361114702341;0.16446470906577712;0.23158579398055065;0.287255578303642
67.56362384557444;92.965700434001;50.98099128844734;127.5356311530645;67.56362384557444;92.965700434001;50.98099128844734;127.5356311530645;67.56362384557444;92.965700434001;618.6696488066223;494.7901203040083;2.4363761544255595;-2.9657004340009934;67.50541937351227;92.95485353469849;50.81574887037277;128.0125904083252;False;False;False;True;0.19742426291456047;0.16446794236277998;0.23181602511297927;0.288911386389149
67.60994712562672;92.7515860486683;50.99167003760802;127.409438313384;67.60994712562672;92.7515860486683;50.99167003760802;127.409438313384;67.60994712562672;92.7515860486683;618.7024508527542;495.0223238978272;2.390052874373282;-2.751586048668301;67.43563842773438;92.89615941047668;50.924327969551086;127.6359122991562;False;False;False;True;0.1981157471642042;0.1644395062836972;0.23158751141590234;0.2886864845965943
67.61792151393466;92.7012653869294;51.27555909197838;127.30716700672428;67.61792151393466;92.7012653869294;51.27555909197838;127.30716700672428;67.61792151393466;92.7012653869294;618.4362140364095;495.3250488377944;2.382078486065339;-2.7012653869293928;67.51867377758026;92.68379855155943;51.00430101156235;127.42790043354034;False;False;False;True;0.1975792707406186;0.16415987466380347;0.23262354945386715;0.2887828456611323
67.88628028122093;92.45562517778563;51.2543908910168;127.24973997753852;67.88628028122093;92.45562517778563;51.2543908910168;127.24973997753852;67.88628028122093;92.45562517778563;618.5673257364398;495.10594176803056;2.113719718779066;-2.4556251777856346;67.51195669174194;92.68462824821472;51.13239884376526;127.27601885795592;False;False;False;True;0.20063389838343235;0.1646460052553555;0.23291330490190673;0.2879367711037966
67.93471797027777;92.58699655744051;51.33514324904767;127.09119978799669;67.93471797027777;92.58699655744051;51.33514324904767;127.09119978799669;67.93471797027777;92.58699655744051;617.9771662867586;495.2908956857541;2.0652820297222263;-2.5869965574405143;67.78119671344757;92.4175419807434;51.19070589542389;127.19302654266356;False;False;False;True;0.2010593270036389;0.16483929697252048;0.23296818002621392;0.28663728820959816
68.12522070270767;92.35061147881314;51.364487106441565;126.77975142789614;68.12522070270767;92.35061147881314;51.364487106441565;126.77975142789614;68.12522070270767;92.35061147881314;618.1050035696879;495.1852611581906;1.874779297292335;-2.350611478813136;67.86606431007385;92.57156133651732;51.2707707285881;127.08333611488342;False;False;False;True;0.20224281132124133;0.16614029834747987;0.23147770186091485;0.2880047138983278
68.2394954133756;92.01672388676636;51.62807343267063;126.56919427385805;68.2394954133756;92.01672388676636;51.62807343267063;126.56919427385805;68.2394954133756;92.01672388676636;618.4593638899397;495.20668230982704;1.760504586624407;-2.0167238867663717;68.01682364940643;92.29662752151488;51.34785562753677;126.94257438182832;False;False;False;True;0.2026424994553819;0.16815474512277753;0.22965209453605984;0.2900093549567799
68.34301845532497;91.88197136702247;51.81400547496183;126.7234619550967;68.34301845532497;91.88197136702247;51.81400547496183;126.7234619550967;68.34301845532497;91.88197136702247;618.459972411192;495.23437017081153;1.656981544675034;-1.8819713670224871;68.1172411441803;91.97566628456116;51.43237888813019;126.73090398311616;False;False;False;True;0.20304502843606162;0.16818704899999193;0.2319132219174807;0.28708399384742583
68.24513347608814;91.87509894952552;51.80166795084932;126.72167385264969;68.24513347608814;91.87509894952552;51.80166795084932;126.72167385264969;68.24513347608814;91.87509894952552;618.2227877305829;495.6510710019085;1.7548665239118575;-1.8750989495255084;68.25396478176117;91.87868165969849;51.56186670064926;126.57123982906342;False;False;False;True;0.20304400295854172;0.1681872090777789;0.23164509396602995;0.2860380616494705
67.84360354663656;91.57045244472056;51.766383948902735;126.46707030889596;67.84360354663656;91.57045244472056;51.766383948902735;126.46707030889596;67.84360354663656;91.57045244472056;618.5820675469228;496.688113064;2.156396453363442;-1.5704524447205728;68.15306675434113;91.8808526992798;51.66443020105362;126.5280783176422;False;False;False;True;0.2031043365433278;0.17070912433485438;0.2287613935890226;0.28238017510049734
67.58472984597735;91.42428225892424;51.79084812020392;126.2773254218676;67.58472984597735;91.42428225892424;51.79084812020392;126.2773254218676;67.58472984597735;91.42428225892424;618.6650142592193;497.4933799924335;2.41527015402265;-1.4242822589242508;67.76328217983246;91.61517691612244;51.7577588558197;126.5325367450714;False;False;False;False;0.20348276111865013;0.16994594413767228;0.22528471215955254;0.27877769580127887
67.70994626572184;91.21180260538075;52.24830162983914;126.05444341713266;67.70994626572184;91.21180260538075;52.24830162983914;126.05444341713266;67.70994626572184;91.21180260538075;618.9000692651164;497.5649831734808;2.2900537342781604;-1.211802605380754;67.52244889736176;91.45755529403688;51.80623114109039;126.4167422056198;False;False;False;False;0.20413911228118506;0.17153831740046163;0.22216651491187148;0.27699652242314915
67.78197894628642;90.96803340625036;52.37166852942223;126.10316384578056;67.78197894628642;90.96803340625036;52.37166852942223;126.10316384578056;67.78197894628642;90.96803340625036;619.2260339826597;497.7262583102554;2.218021053713585;-0.9680334062503704;67.69845521450043;91.24323081970216;51.92319601774216;126.21792256832124;False;False;False;False;0.2020576558050921;0.1733789894879947;0.2185878247269988;0.27577399909897815
67.83424615393324;91.11078803238432;52.56101165446938;126.01587457108188;67.83424615393324;91.11078803238432;52.56101165446938;126.01587457108188;67.83424615393324;91.11078803238432;618.8114536095584;497.9174600354569;2.165753846066764;-1.1107880323843204;67.73835670948029;91.03574442863464;52.06375449895859;126.09745979309082;False;False;False;False;0.20224441690137412;0.17352489271347263;0.22321820054561928;0.2748343992500306
67.89871576546084;91.08734710385244;52.75612227094855;125.74407962888952;67.89871576546084;91.08734710385244;52.75612227094855;125.74407962888952;67.89871576546084;91.08734710385244;618.7102303956376;498.07728799187726;2.1012842345391647;-1.0873471038524372;67.78515160083771;91.14277529716492;52.24362909793854;125.98465502262115;False;False;False;False;0.20199561591984166;0.16914950761879569;0.22606639718076774;0.2753702659115445
68.13369526564799;91.14035378368172;52.90523102438888;125.6583905332064;68.13369526564799;91.14035378368172;52.90523102438888;125.6583905332064;68.13369526564799;91.14035378368172;618.4592374221321;497.88750022277486;1.8663047343520132;-1.140353783681718;67.85227406024933;91.13460969924928;52.45448976755142;125.90894043445589;False;False;False;False;0.20308369147982985;0.16638684592076228;0.2299986324496416;0.2709106783438705
68.19876205271653;91.21581180601484;52.78712236825989;125.84796142826644;68.19876205271653;91.21581180601484;52.78712236825989;125.84796142826644;68.19876205271653;91.21581180601484;618.1562742063084;498.00620727988473;1.801237947283468;-1.2158118060148269;68.12302136421204;91.18363094329834;52.60222107172012;125.77805936336516;False;False;False;False;0.20321052868540654;0.16635213561418602;0.23059626755232018;0.26952212434717443
68.13584390309113;91.1093602473378;52.75406011967568;125.51209412473573;68.13584390309113;91.1093602473378;52.75406011967568;125.51209412473573;68.13584390309113;91.1093602473378;618.2070690828605;498.3722086387733;1.8641560969088715;-1.10936024733779;68.16840922832489;91.24359726905824;52.68929809331894;125.6751811504364;False;False;False;False;0.2031116138049591;0.16682229338289858;0.23002972831660576;0.2699700197134789
68.30930729917651;91.08510920267472;52.823415228134586;125.4564731761039;68.30930729917651;91.08510920267472;52.823415228134586;125.4564731761039;68.30930729917651;91.08510920267472;618.1076564725416;498.2738359928571;1.6906927008234902;-1.0851092026747151;68.09956514835358;91.12567663192748;52.73240715265274;125.62249958515169;False;False;False;False;0.19686700254131242;0.16620471586620206;0.22985660348566667;0.27039270342551713
68.18808484855012;91.0591020172944;52.73402031194756;125.62460893176744;68.18808484855012;91.0591020172944;52.73402031194756;125.62460893176744;68.18808484855012;91.0591020172944;618.014989616279;498.741706587553;1.811915151449881;-1.0591020172943928;68.25268912315369;91.12363004684448;52.742904126644135;125.56865751743317;False;False;False;False;0.19609928753592543;0.16537748666735394;0.22984473701938288;0.2700001244919373
68.42488396232365;90.97251838178072;52.64581457999911;125.43177811989888;68.42488396232365;90.97251838178072;52.64581457999911;125.43177811989888;68.42488396232365;90.97251838178072;618.0469432850003;498.5096970468659;1.5751160376763522;-0.9725183817807306;68.17580389976501;91.134685754776;52.71848767995834;125.440713763237;False;False;False;False;0.19733218009623402;0.16223236549001954;0.2296952081694839;0.2671822923616211
68.53913044205059;91.0617432416327;52.81114672001305;125.31262338519149;68.53913044205059;91.0617432416327;52.81114672001305;125.31262338519149;68.53913044205059;91.0617432416327;617.7388244477256;498.49121955910215;1.4608695579494082;-1.0617432416326975;68.35535025596619;91.01812028884888;52.68663614988327;125.4426610469818;False;False;False;False;0.19810071788589784;0.16186308147978767;0.2299596764057582;0.26712564252531096
68.52905148113457;90.91936758117603;52.58890327212762;125.26663848629056;68.52905148113457;90.91936758117603;52.58890327212762;125.26663848629056;68.52905148113457;90.91936758117603;617.8820100030879;498.7061600886608;1.470948518865427;-0.9193675811760328;68.47728455066681;91.12092661857604;52.70146369934082;125.44163167476654;False;False;False;False;0.19702448864216393;0.1629950121504289;0.23018102226725098;0.2668326644197772
68.46070173052188;90.8181065795797;52.543984657785664;125.2024615877615;68.46070173052188;90.8181065795797;52.543984657785664;125.2024615877615;68.46070173052188;90.8181065795797;617.9619496621237;499.0389860590682;1.539298269478124;-0.8181065795797053;68.45634162425995;90.96034574508668;52.64953285455704;125.3057610988617;False;False;False;False;0.1943136606683606;0.16285650173901411;0.23025101948220875;0.26675316079905165
68.48932519805969;90.89891817564671;52.52581422597225;124.909984358016;68.48932519805969;90.89891817564671;52.52581422597225;124.909984358016;68.48932519805969;90.89891817564671;617.6912455927124;499.1869788932564;1.5106748019403111;-0.8989181756467133;68.39601576328278;90.85435199737547;52.61132806539536;125.2257126569748;False;False;False;False;0.1934338571742359;0.162820659991096;0.22895260911320497;0.2684410977758315
68.34346472481339;90.81507618103636;52.50558152891005;125.01686375079213;68.34346472481339;90.81507618103636;52.50558152891005;125.01686375079213;68.34346472481339;90.81507618103636;617.7390738251803;499.6801231466744;1.656535275186613;-0.8150761810363463;68.41240227222443;90.94712591171265;52.5793519616127;125.1226443052292;False;False;False;False;0.1923711416430416;0.16281388638467179;0.22793754892083262;0.2677849535308738
68.5151150715847;90.91173714302091;52.56443561270599;124.88488842453152;68.5151150715847;90.91173714302091;52.56443561270599;124.88488842453152;68.5151150715847;90.91173714302091;617.4370750770729;499.5576938231566;1.4848849284152976;-0.9117371430209288;68.25927484035492;90.84974026679993;52.52322167158127;125.008043050766;False;False;False;False;0.19378334726115845;0.1628878129232576;0.22791723679609738;0.26671338860407445
68.29960010872095;91.03998612119858;52.55668696849041;124.85233357215144;68.29960010872095;93.15067922081045;52.55668696849041;124.85233357215144;68.29960010872095;93.15067922081045;612.8376259690912;500.1867084060062;1.700399891279048;-3.1506792208104315;68.4273921251297;90.95144724845886;52.52853900194168;124.89845097064972;False;True;False;False;0.19298785496088178;0.2651258289013158;0.227813950742184;0.2663382748791725
68.20682204413897;91.0187856688893;52.89169418589457;124.69226695527284;68.20682204413897;93.37336852811386;52.89169418589457;124.69226695527284;68.20682204413897;93.37336852811386;611.9721567917096;500.598984520674;1.793177955861026;-3.3733685281138577;68.18715345859528;93.00408220291138;52.53883272409439;124.84215021133424;False;True;False;False;0.19137914941309836;0.26686294978988717;0.23026880736558286;0.26632009546885843
68.27613385971954;91.12790694517996;52.96623723236378;124.39526848684024;68.27613385971954;93.52099259017834;52.96623723236378;124.39526848684024;68.27613385971954;93.52099259017834;611.2271261971655;500.6994512836277;1.7238661402804638;-3.520992590178338;68.1102647781372;93.21604204177856;52.63988494873047;124.68660354614258;False;True;False;False;0.19202277866215076;0.26831936819942054;0.23234989996256558;0.26774798342629275
68.15766932977945;91.16846054530455;53.17057897440401;124.23764222789772;68.15766932977945;93.56047391000976;53.17057897440401;124.23764222789772;68.15766932977945;93.56047391000976;610.6786978788123;501.1662291622119;1.842330670220548;-3.560473910009748;68.226975440979;93.3642258644104;52.75604337453842;124.51329529285432;False;True;False;False;0.19168357475057693;0.2681109182982716;0.23545087949902987;0.2690135915044865
68.24749636842449;90.82285586242376;52.84719035143195;123.89102021619456;68.24749636842449;93.37740112465748;52.84719035143195;123.89102021619456;68.24749636842449;93.37740112465748;610.5701135948489;501.2322191742845;1.7525036315755074;-3.377401124657481;68.08931839466095;93.41677331924438;52.90190935134888;124.31023359298706;False;True;False;False;0.19220021745416574;0.2679976792970732;0.23537524046718392;0.2715772691258897
68.51462252802878;90.63575335272364;53.230960064563504;123.94446279142475;68.51462252802878;93.33958606791802;53.230960064563504;123.94446279142475;68.51462252802878;93.33958606791802;610.1954235583735;500.9316340059527;1.4853774719712192;-3.3395860679180203;68.18393838405609;93.18810892105104;52.95947879552841;124.0579718351364;False;True;False;False;0.19401174194662463;0.26681800980965975;0.23637691971528757;0.2707803240662479
68.3232860441325;90.61925834724188;53.2535928590543;123.910570988303;68.3232860441325;93.55768777153408;53.2535928590543;123.910570988303;68.3232860441325;93.55768777153408;609.3139420087523;501.5123573033414;1.6767139558674984;-3.557687771534077;68.45356905460358;93.1926929950714;53.03012520074845;123.8907152414322;False;True;False;False;0.19426234347117455;0.2682138618314272;0.23514852934384584;0.2706933062393437
68.13538884166569;90.9147094180946;53.425171538376986;123.76708640261398;68.13538884166569;93.90717724422883;53.425171538376986;123.76708640261398;68.13538884166569;93.90717724422883;608.1406046938249;502.1117135690574;1.8646111583343128;-3.907177244228848;68.22773599624634;93.40756368637084;53.09605747461319;123.72682869434357;False;True;False;False;0.1933807053768494;0.2723338002045896;0.23518603563062931;0.2707141058151223
68.08186321960923;91.17587357159528;53.56760505002332;123.48021060373485;68.08186321960923;94.09521168263224;53.56760505002332;123.48021060373485;68.08186321960923;94.09521168263224;607.243578851121;502.4673796342816;1.918136780390768;-4.095211682632225;68.0748782157898;93.72298669815063;53.17385703325272;123.69245290756226;False;True;False;False;0.19153035258871096;0.2746134016633104;0.23699957959739484;0.2712955268827374
68.0984520758836;91.11435318785703;53.649731789305136;123.11256951808676;68.0984520758836;94.13088296540305;53.649731789305136;123.11256951808676;68.0984520758836;94.13088296540305;606.6262080612285;502.6899534924516;1.9015479241164;-4.130882965403032;68.05124568939209;93.873770236969;53.33873361349106;123.56374204158784;False;True;False;False;0.19036825452360484;0.2754532780887208;0.2379013328278424;0.27440898320285395
68.25542006120025;91.11662912673424;53.80864617772285;123.1065049556144;68.25542006120025;94.04156065506318;53.80864617772285;123.1065049556144;68.25542006120025;94.04156065506318;606.254068286521;502.6295572450338;1.7445799387997454;-4.041560655063179;68.03894197940826;93.91414189338684;53.44288378953934;123.30841183662416;False;True;False;False;0.1900121270469594;0.2756172311508167;0.24039958729895194;0.2745530804107191
68.14255321366375;90.95589158172622;53.619038273019534;122.96127670935302;68.14255321366375;94.07874659960846;53.619038273019534;122.96127670935302;68.14255321366375;94.07874659960846;605.640821643422;503.0879015986135;1.8574467863362545;-4.078746599608465;68.2151004076004;93.8114047050476;53.5717847943306;123.06728959083556;False;True;False;False;0.19012747177828623;0.27628936981393504;0.2399808104070829;0.27282263829367037
68.10747643855021;91.1350368350137;53.54266622120068;122.51865652866532;68.10747643855021;94.04261306657271;53.54266622120068;122.51865652866532;68.10747643855021;94.04261306657271;605.1692558295457;503.4057147203521;1.892523561449792;-4.042613066572727;68.08365571498871;93.85920214653017;53.61540526151657;122.86423444747923;False;True;False;False;0.19013937305770048;0.2768183559323868;0.24007777290858412;0.2747982377436484
68.07252672867385;91.05732932933743;53.30884237829002;122.39854168953904;68.07252672867385;94.15897602758037;53.30884237829002;122.39854168953904;68.07252672867385;94.15897602758037;604.3975148319875;503.7279506149648;1.92747327132615;-4.158976027580351;68.06923973560333;93.7908420562744;53.61057311296463;122.70617008209229;False;True;False;False;0.1896869515055217;0.2788497046037069;0.24178338200646687;0.27468129326089047
68.07052021007487;90.8133742212424;53.13158705231605;122.33925698028013;68.07052021007487;93.98726536764757;53.13158705231605;122.33925698028013;68.07052021007487;93.98726536764757;604.1864060148423;503.9889600883395;1.929479789925125;-3.987265367647552;67.96966576576233;93.8888499736786;53.53177696466446;122.45474100112916;False;True;False;False;0.18747158782667228;0.278919935281916;0.2443440328746035;0.2722858570706155
68.25446176259875;90.5988733754092;53.08375580388618;122.32355412822724;68.25446176259875;94.0471311540076;53.08375580388618;122.32355412822724;68.25446176259875;94.0471311540076;603.5350390597692;503.8783409552818;1.7455382374012487;-4.047131154007587;67.95019900798798;93.7299976348877;53.38927119970322;122.2019350528717;False;True;False;False;0.18790989523528348;0.2805102368830715;0.24606907897552616;0.2706519182892131
68.13522737776539;90.47422609555606;52.97456421588804;122.10331421254531;68.13522737776539;93.99949449385812;52.97456421588804;122.10331421254531;68.13522737776539;93.99949449385812;603.0906948928672;504.349548156602;1.8647726222346108;-3.999494493858109;68.16011226177216;93.7813766002655;53.274551928043365;122.10788190364838;False;True;False;False;0.18619829366451895;0.27911128166552196;0.24771903971538373;0.27059041355803093
68.23092230065126;90.54203581615744;53.03341543810666;121.75817622929026;68.23092230065126;94.0247641023114;53.03341543810666;121.75817622929026;68.23092230065126;94.0247641023114;602.5068897434462;504.4067946604615;1.7690776993487418;-4.0247641023114085;68.04968309402466;93.7216522693634;53.159003257751465;122.0274007320404;False;True;False;False;0.1869419107105559;0.28050901946826007;0.246709817949159;0.2717065121106063
68.2279602814107;90.40797850449071;52.89987314423963;121.41860309209474;68.2279602814107;94.26920599564104;52.89987314423963;121.41860309209474;68.2279602814107;94.26920599564104;601.4813707431455;504.64859572552245;1.7720397185892978;-4.26920599564103;68.12284851074219;93.76335144042967;53.10841977596283;121.8885862827301;False;True;False;False;0.1869338796668458;0.28462149172945794;0.24441900471821723;0.27501655888623694
68.20976542276047;90.4735627367198;52.85272750240726;121.4976914862204;68.20976542276047;94.20638247243564;52.85272750240726;121.4976914862204;68.20976542276047;94.20638247243564;601.0377903234707;504.9212574053015;1.7902345772395307;-4.206382472435649;68.1165462732315;93.95855832099916;53.06305199861527;121.58507883548737;False;True;False;False;0.18701474398212922;0.2855309476036076;0.2448209552976064;0.2749125885725646
68.19969937598565;90.43345723934232;52.98702697527614;121.6207684341956;68.19969937598565;94.26153633322438;52.98702697527614;121.6207684341956;68.19969937598565;94.26153633322438;600.3666316055685;505.1800874424831;1.8003006240143549;-4.2615363332243845;68.10926568508148;93.91233730316162;53.01343232393265;121.34271740913393;False;True;False;False;0.1866994822180368;0.2870025150374046;0.24422313482328223;0.2732898489725975
68.08208394044497;90.20136193663528;53.00349771805645;121.7539809069322;68.08208394044497;94.1118417176198;53.00349771805645;121.7539809069322;68.08208394044497;94.1118417176198;600.0978159923477;505.6553583967664;1.9179160595550255;-4.111841717619811;68.08913862705231;93.97119736671448;53.02034944295883;121.2303191423416;False;True;False;False;0.18613354875926774;0.2859571763354254;0.24347092625081226;0.27576880945497095
68.29128830325443;90.10557873766888;52.8924469891228;121.49232569112353;68.29128830325443;94.16805645203728;52.8924469891228;121.49232569112353;68.29128830325443;94.16805645203728;599.4371409611634;505.4926718124215;1.708711696745567;-4.168056452037291;67.98130226135254;93.82344222068788;53.027663230896;121.31361305713654;False;True;False;False;0.18574368664530802;0.2856302795916899;0.24351068308842558;0.26951678664295364
68.20691650349367;90.05950935812236;53.23489148968217;121.30318688283133;68.20691650349367;94.165700434001;53.23489148968217;121.30318688283133;68.20691650349367;94.165700434001;598.8861121369644;505.8892436381757;1.793083496506327;-4.165700434000996;68.16468942165375;93.8653004169464;53.03059071302414;121.33863270282744;False;True;False;False;0.18542696201162034;0.2869249210527643;0.24425838752568044;0.26486649888205205
68.04521368951518;90.08520050870068;53.63791600303443;120.94160812286796;68.04521368951518;94.0015860486683;53.63791600303443;120.94160812286796;68.04521368951518;94.0015860486683;598.6589141830963;506.4517270656669;1.9547863104848204;-4.001586048668301;68.0846997499466;93.8639521598816;53.12833517789841;121.25234246253969;False;True;False;False;0.1843766252200137;0.28711305240037654;0.2486833538155071;0.26214455972622175
68.15601337830469;90.22643659029124;53.67140014202392;120.76727487401295;68.15601337830469;94.0012653869294;53.67140014202392;120.76727487401295;68.15601337830469;94.0012653869294;598.126010700085;506.4907658628192;1.843986621695308;-4.00126538692939;67.94392788410187;93.7531599998474;53.29573601484299;121.0182160139084;False;True;False;False;0.18374087461241123;0.28776673149521703;0.25022969935424466;0.2626247262005176
68.17272035741678;90.34137937103836;53.68901050091895;120.4697872236016;68.17272035741678;93.80562517778564;53.68901050091895;120.4697872236016;68.17272035741678;93.80562517778564;597.9837890667819;506.7032167874877;1.8272796425832207;-3.805625177785629;68.04725277423859;93.74695110321044;53.45713764429093;120.74473738670348;False;True;False;False;0.18344148656367198;0.28782087738532597;0.24989075827386098;0.2639181565013376
68.13686018224274;90.18277739512882;53.56712291980136;120.10375890462164;68.13686018224274;93.98699655744052;53.56712291980136;120.10375890462164;68.13686018224274;93.98699655744052;597.1136296171007;507.0185744235136;1.8631398177572576;-3.98699655744052;68.081716299057;93.52894139289856;53.62642675638199;120.48727631568909;False;True;False;False;0.18348435494669618;0.2910320133873696;0.24644490311558725;0.2659922570590748
67.86175438596614;90.19551715283404;53.88638414740607;119.92834405027418;67.86175438596614;93.80061147881314;53.88638414740607;119.92834405027418;67.86175438596614;93.80061147881314;596.9548002333635;507.8172046584344;2.1382456140338637;-3.8006114788131375;68.045863032341;93.67176675796507;53.68936270475388;120.23332297801971;False;True;False;False;0.18429479490710543;0.2906938031206372;0.2435695605698675;0.2673400110012484
67.8361902878415;90.06182045879768;54.17182779723987;119.65718913657186;67.8361902878415;93.51672388676636;54.17182779723987;119.65718913657186;67.8361902878415;93.51672388676636;597.015827220282;508.1534322698882;2.1638097121584963;-3.5167238867663717;67.7994327545166;93.51648211479188;53.759225606918335;119.95702505111694;False;True;False;False;0.1827112500472095;0.28975350152848267;0.24603655723519746;0.2658716337833324
67.82141989472244;89.7305490005482;54.285245868699306;119.24091184916784;67.82141989472244;93.43197136702248;54.285245868699306;119.24091184916784;67.82141989472244;93.43197136702248;596.7164357415342;508.47148101774746;2.178580105277561;-3.4319713670224843;67.79161286354065;93.24925065040588;53.88673335313797;119.68218922615053;False;True;False;False;0.1825212470155354;0.29012911612195175;0.24889478380836533;0.26762366332985454
67.62728982446016;89.84077183831268;54.34407435787758;118.98044185205714;67.62728982446016;93.4750989495255;54.34407435787758;118.98044185205714;67.62728982446016;93.4750989495255;596.1725843942585;509.15021850564233;2.3727101755398365;-3.4750989495255027;67.78944528102875;93.1343445777893;54.04334217309952;119.42322015762328;False;True;False;False;0.18202695814195902;0.2873444915439565;0.2503466384723191;0.2704354879807676
67.6116785467144;90.01466606724047;54.34425887311372;119.03279689117444;67.6116785467144;93.22045244472058;54.34425887311372;119.03279689117444;67.6116785467144;93.22045244472058;596.2185308772649;509.4978024178725;2.3883214532855987;-3.2204524447205785;67.58732080459595;93.1815059185028;54.22186940908432;119.1168737411499;False;True;False;False;0.17927235661331092;0.28734163187915424;0.248429608941985;0.26973867979935534
67.56322356463784;89.83891921492315;54.2770106629378;118.7395255094831;67.56322356463784;93.12428225892424;54.2770106629378;118.7395255094831;67.56322356463784;93.12428225892424;595.9814775895615;509.9131552424637;2.4367764353621624;-3.1242822589242536;67.57521760463715;92.97636342048644;54.32472139596939;118.88493716716766;False;True;False;False;0.1765728606791689;0.2871531431562098;0.24711410629013558;0.26965165339739816
67.64821093287229;89.5271143847184;54.15013836492313;118.8500452158849;67.64821093287229;92.96180260538075;54.15013836492313;118.8500452158849;67.64821093287229;92.96180260538075;595.8898659287919;510.06808403070977;2.3517890671277115;-2.961802605380754;67.51882243156433;92.86123609542848;54.354815781116486;118.71996223926544;False;True;False;False;0.1762507171067585;0.28727819389055836;0.24662044519120116;0.26950206434856594
67.38324612807219;89.70659522386582;53.9771114005946;119.0040948735907;67.38324612807219;92.76803340625035;53.9771114005946;119.0040948735907;67.38324612807219;92.76803340625035;595.8824973130019;510.911585515927;2.6167538719278127;-2.7680334062503675;67.58252584934235;92.708744764328;54.32848811149597;118.65530848503111;False;True;False;False;0.1755936739372271;0.28733372938134555;0.24849869132683752;0.26612065571964044
67.22958522585834;89.95923093234215;53.99817155439319;118.79365962943136;67.22958522585834;92.96078803238431;53.99817155439319;118.79365962943136;67.22958522585834;92.96078803238431;595.1279169399006;511.5678078366117;2.7704147741416563;-2.9607880323843148;67.35414838790894;92.5622341632843;54.255445301532745;118.58559310436247;False;True;False;False;0.16672068908904525;0.2897715389807824;0.24970432099401818;0.2628715125221401
67.14598898071792;89.86340176631732;53.99221317228482;118.42010393926364;67.14598898071792;92.98734710385244;53.99221317228482;118.42010393926364;67.14598898071792;92.98734710385244;594.6800270593131;512.1043889634448;2.854011019282084;-2.987347103852443;67.22725665569305;92.71568655967712;54.19400423765183;118.6464899778366;False;True;False;False;0.1668892435622138;0.2908739797292787;0.2502994252172586;0.26217974694331814
67.34080735145295;89.82491573349277;54.21989806043049;118.14558988955442;67.34080735145295;93.09035378368172;54.21989806043049;118.14558988955442;67.34080735145295;93.09035378368172;594.0757007524743;512.0952870245457;2.659192648547048;-3.0903537836817208;67.12348580360413;92.75686717033386;54.15003627538681;118.54580163955688;False;True;False;False;0.1681665202361476;0.2902714484235284;0.24976450414201085;0.2638404139214068
67.43300763169538;89.79551460252476;54.470800379709786;118.15414288316582;67.43300763169538;93.21581180601484;54.470800379709786;118.15414288316582;67.43300763169538;93.21581180601484;593.4127375366505;512.2654454838671;2.566992368304625;-3.215811806014827;67.33175003528595;92.80042624473572;54.18055027723312;118.26223254203796;False;True;False;False;0.1662372789209509;0.29235209451163596;0.25089570198993505;0.2640065822274515
67.56530790799513;89.358733241806;54.58355841827655;117.9285051299668;67.56530790799513;93.1593602473378;54.58355841827655;117.9285051299668;67.56530790799513;93.1593602473378;593.096865746536;512.3431105803749;2.434692092004866;-3.159360247337787;67.40883576869965;92.96288084983826;54.30640250444412;118.015615940094;False;True;False;False;0.1666659160379295;0.2919453215908549;0.25218314312801215;0.26345864095903226
67.77406719903537;89.29163070136264;54.65336807473394;117.74304352790668;67.77406719903537;93.18510920267472;54.65336807473394;117.74304352790668;67.77406719903537;93.18510920267472;592.6241198028838;512.2502176105617;2.225932800964628;-3.1851092026747096;67.54730522632599;92.90298366546632;54.44621354341507;117.83592164516448;False;True;False;False;0.16805531114503647;0.2930136267814756;0.2513091673280155;0.2634407739756521
68.08692368841685;89.41420388543547;54.542616634624046;117.50832882951302;68.08692368841685;93.2091020172944;54.542616634624046;117.50832882951302;68.08692368841685;93.2091020172944;592.1514529466211;511.92129567192734;1.9130763115831544;-3.2091020172943985;67.75499212741852;92.89661574363708;54.585365653038025;117.72436916828156;False;True;False;False;0.17030505732434653;0.29369299537683335;0.2489096439150039;0.26305249471441183
68.25783319726277;89.00721105445471;54.7080046963236;117.1594454160878;68.25783319726277;93.17251838178072;54.7080046963236;117.1594454160878;68.25783319726277;93.17251838178072;591.7967399486758;511.8345534957799;1.7421668027372306;-3.1725183817807334;68.03830587863922;92.932119846344;54.642272889614105;117.52583146095276;False;True;False;False;0.1715167740013204;0.2941889157768382;0.2446348751912775;0.26364619833294217
68.43021682994208;89.19087132232467;54.819368395071;116.96200958054784;68.43021682994208;93.3117432416327;54.819368395071;116.96200958054784;68.43021682994208;93.3117432416327;591.0952877780678;511.7220751374529;1.5697831700579172;-3.3117432416326977;68.19600355625153;92.86824011802672;54.68508690595627;117.29340314865112;False;True;False;False;0.17247901472372928;0.29703983343125895;0.24032059814929477;0.26470063804771393
68.20305956972344;89.08769590572766;54.86865804390974;116.83553110487986;68.20305956972344;93.21936758117604;54.86865804390974;116.83553110487986;68.20305956972344;93.21936758117604;590.8384733334301;512.3856940805646;1.796940430276564;-3.21936758117603;68.35341775417328;92.96521091461182;54.74128276109696;117.02443540096284;False;True;False;False;0.17109189381502252;0.29754605487673275;0.23898081367557633;0.26458629260977495
68.29838496601347;88.9313271391459;54.65150648325511;116.8158649128801;68.29838496601347;93.1681065795797;54.65150648325511;116.8158649128801;68.29838496601347;93.1681065795797;590.5117463257993;512.4346353453548;1.7016150339865277;-3.1681065795797;68.14557182788849;92.91376280784608;54.798114597797394;116.78415238857268;False;True;False;False;0.17116937047552983;0.29842202012504754;0.23920505016728477;0.26381609036188014
68.43045618680397;88.87753026527288;54.67078538484088;116.75717926879082;68.43045618680397;93.29891817564672;54.67078538484088;116.75717926879082;68.43045618680397;93.29891817564672;589.8277089230546;512.3973749083053;1.5695438131960344;-3.298918175646719;68.20690023899078;92.85886454582214;54.81612205505371;116.65925085544586;False;True;False;False;0.17244070481420432;0.30057863093775583;0.23514919033003218;0.26214581404042286
68.17667564919199;88.82769712714015;54.87529942310889;116.5449811480183;68.17667564919199;93.26507618103636;54.87529942310889;116.5449811480183;68.17667564919199;93.26507618103636;589.4555371555225;513.1142084919554;1.823324350808008;-3.265076181036349;68.36587011814117;92.95902967453004;54.80544149875641;116.5712821483612;False;True;False;False;0.17226634085198986;0.30176077057770123;0.2307695576539063;0.26174023495051024
68.0856381134757;88.63159315135555;54.73952622380367;116.50553740004986;68.0856381134757;93.41173714302091;54.73952622380367;116.50553740004986;68.0856381134757;93.41173714302091;588.7268717407485;513.5393934768291;1.914361886524304;-3.411737143020929;68.11303389072418;92.95958971977234;54.8328772187233;116.48813903331757;False;True;False;False;0.17208293336361283;0.30466829972043064;0.22940707976090655;0.26153366359878366
68.2605150269716;88.48713785257857;54.81248028966842;116.17598216659496;68.2605150269716;93.58998612119858;54.81248028966842;116.17598216659496;68.2605150269716;93.58998612119858;587.9154754986571;513.4448879013738;1.7394849730283966;-3.589986121198578;67.99392747879028;93.06542444229126;54.82417345046997;116.358300447464;False;True;False;False;0.17216529727292582;0.3084319931797447;0.22835014447813043;0.2613349183561656
68.49646630093756;88.61246117071349;54.95471640848545;115.86580780618706;68.49646630093756;93.61878566888927;54.95471640848545;115.86580780618706;68.49646630093756;93.61878566888927;587.3792115871158;513.204916683179;1.5035336990624444;-3.618785668889288;68.193403840065;93.20898270606996;54.86282408237457;116.19033575057983;False;True;False;False;0.1745578549092751;0.3108774001191513;0.22616078338311627;0.26260188723243877
68.70740826165259;88.70408654020063;54.909483249041145;115.6130521079724;68.70740826165259;93.77790694517998;54.909483249041145;115.6130521079724;68.70740826165259;93.77790694517998;586.5784642786825;512.983503921624;1.2925917383474117;-3.7779069451799785;68.39345753192902;93.24789547920228;54.92840886116028;115.99558115005492;False;True;False;False;0.17668004492352532;0.31490205442316443;0.22490431317610887;0.26507852654149344
68.81124318948827;88.6402631854738;54.88242425685264;115.3700032262647;68.81124318948827;93.86846054530456;54.88242425685264;115.3700032262647;68.81124318948827;93.86846054530456;585.8936361524094;512.9481796310656;1.188756810511734;-3.8684605453045577;68.62673020362854;93.39010548591614;54.93449658155441;115.69136559963226;False;True;False;False;0.17742471957282313;0.3177941017369545;0.2246103471562675;0.2667744028855567
68.92134928051674;88.63881905632297;55.03646167477768;115.16362769434812;68.92134928051674;93.57285586242376;55.03646167477768;115.16362769434812;68.92134928051674;93.57285586242376;585.969050778797;512.8864683570769;1.0786507194832635;-3.572855862423765;68.73116135597229;93.4332082271576;54.95642811059952;115.40407240390778;False;True;False;False;0.17745651093612982;0.3180275904302448;0.22473993277003654;0.26772408004688675
68.78152642361995;88.36339090664902;55.08087224903092;114.95539010613363;68.78152642361995;93.43575335272364;55.08087224903092;114.95539010613363;68.78152642361995;93.43575335272364;585.7668750165408;513.3099341668016;1.218473576380049;-3.4357533527236512;68.8042299747467;93.1648290157318;55.00782459974289;115.18042325973512;False;True;False;False;0.17459033447497135;0.3184805407908309;0.22458564646465734;0.2684077978899616
68.82258884057677;88.07468407046592;55.13036952104552;114.61841405789528;68.82258884057677;93.46925834724186;55.13036952104552;114.61841405789528;68.82258884057677;93.46925834724186;585.2417645804745;513.3902724764052;1.1774111594232295;-3.469258347241862;68.67390882968903;93.05411291122437;55.03838777542114;114.96087193489076;False;True;False;False;0.17513752764608195;0.3209306014374738;0.22465902099367702;0.27017680803735256
68.64561348717406;87.98170558236524;55.37108861920181;114.53355148230236;68.64561348717406;93.81470941809458;55.37108861920181;114.53355148230236;68.64561348717406;93.81470941809458;584.0882946591369;513.9012113378004;1.3543865128259398;-3.81470941809458;68.71579468250275;93.04303646087646;55.09262651205063;114.73878979682922;False;True;False;False;0.17465666708717364;0.3289278448548125;0.22500862819849346;0.2705950995037449
68.42517411871108;87.7475757758926;55.41373582955418;114.4267128661274;68.42517411871108;94.12587357159528;55.41373582955418;114.4267128661274;68.42517411871108;94.12587357159528;582.9573384297229;514.5226749431032;1.5748258812889162;-4.125873571595292;68.58699119091034;93.36047840118408;55.2095028758049;114.5202612876892;False;True;False;False;0.1735813402092756;0.3368915127799166;0.2228186527939023;0.2685664921520707
68.67441639579052;87.61885997226021;55.34103696540417;114.14223063392396;68.67441639579052;94.11435318785703;55.34103696540417;114.14223063392396;68.67441639579052;94.11435318785703;582.4302627209867;514.2341671731161;1.3255836042094842;-4.114353187857034;68.33959984779358;93.67560410499571;55.30819147825241;114.28886234760284;False;True;False;False;0.17575669221695128;0.33889671821075545;0.22148763064355081;0.26600268563876595
68.39042395512571;87.5714187714135;55.391695815992456;114.11416278644484;68.39042395512571;94.16662912673424;55.391695815992456;114.11416278644484;68.39042395512571;94.16662912673424;581.7771304181846;514.978896535007;1.609576044874288;-4.16662912673425;68.5866904258728;93.660462141037;55.367295145988464;114.14745151996613;False;True;False;False;0.17475691479552138;0.3418229704647187;0.22147994002455054;0.2652726229217177
68.24488361938938;87.51121234790033;55.58367236575734;113.9295304231527;68.24488361938938;94.0558915817262;55.58367236575734;113.9295304231527;68.24488361938938;94.0558915817262;581.4430549579694;515.4845873457963;1.755116380610616;-4.055891581726215;68.31163215637207;93.66595888137816;55.43041795492172;113.97189438343048;False;True;False;False;0.1737695878631106;0.34373094553759703;0.22191852404413473;0.26512757498721967
68.38250592199252;87.65443453283821;55.59228725630584;113.50932976455236;68.38250592199252;94.28503683501368;55.59228725630584;113.50932976455236;68.38250592199252;94.28503683501368;580.4439789071643;515.4433582580048;1.617494078007482;-4.285036835013685;68.1897531747818;93.5601794719696;55.491478741168976;113.80349040031432;False;True;False;False;0.1712399716830322;0.35060016170231056;0.2221231865222514;0.2639921046835667
68.26207675948852;87.4476233995688;55.82389448270287;113.35020173461008;68.26207675948852;94.25732932933744;55.82389448270287;113.35020173461008;68.26207675948852;94.25732932933744;579.9280556738482;515.8998824600804;1.7379232405114775;-4.257329329337452;68.28208112716675;93.80281043052672;55.53635150194168;113.63013625144958;False;True;False;False;0.17014132036557883;0.35326600499232513;0.2237434669172394;0.26395945999212644
68.21223109025883;87.4336108364073;55.80274898849651;113.14771889674115;68.21223109025883;94.0633742212424;55.80274898849651;113.14771889674115;68.21223109025883;94.0633742212424;579.74832197946;516.2312968972747;1.7877689097411746;-4.063374221242398;68.20118916034698;93.75150752067566;55.65441459417343;113.3860570192337;False;True;False;False;0.16628821136113264;0.35375556755257365;0.22380987119677956;0.26456819606626447
68.41313606547727;87.74604840827753;55.9813861325766;113.04653369050187;68.41313606547727;93.8988733754092;55.9813861325766;113.04653369050187;68.41313606547727;93.8988733754092;579.5355404416274;516.0678561348033;1.5868639345227251;-3.8988733754092095;68.12011396884918;93.58796739578248;55.75060188770294;113.09229910373688;False;True;False;False;0.16778198639988265;0.3548322356650905;0.22488589864578612;0.2645332185072873
68.65409936926072;87.50259152274559;55.85351279514492;112.73436365261698;68.65409936926072;93.82422609555606;55.85351279514492;112.73436365261698;68.65409936926072;93.82422609555606;579.1649852179459;515.7975113851727;1.3459006307392798;-3.8242260955560567;68.33042132854462;93.42837524414062;55.845392644405365;112.93258249759674;False;True;False;False;0.17037780613067574;0.3566929379908137;0.22411806101887746;0.2650482392241965
68.73348388099444;87.47426324653654;55.95888733741365;112.809335791741;68.73348388099444;93.94203581615744;55.95888733741365;112.809335791741;68.73348388099444;93.94203581615744;578.4194689640022;515.8181957791371;1.2665161190055585;-3.942035816157429;68.56628334522247;93.30810379981996;55.89901179075241;112.75864481925964;False;True;False;False;0.1702662797485653;0.3606209148215779;0.2241906975032141;0.2638255003087807
68.66033166022568;87.36285939178843;56.32654642887388;112.6094117841628;68.66033166022568;93.85797850449072;56.32654642887388;112.6094117841628;68.66033166022568;93.85797850449072;578.061978811848;516.133369036542;1.3396683397743203;-3.857978504490717;68.67116391658783;93.41659355163574;55.927768647670746;112.6180863380432;False;True;False;False;0.1702497873309595;0.36282759399298203;0.2269783392818382;0.26168071782467117
68.69594959756665;87.41616698122343;56.07286738928322;112.61774792399764;68.69594959756665;93.9735627367198;56.07286738928322;112.61774792399764;68.69594959756665;93.9735627367198;577.3164132134577;516.2407556071634;1.3040504024333472;-3.973562736719813;68.6067863702774;93.36288452148438;56.05145066976547;112.45955646038055;False;True;False;False;0.1702206950630768;0.36746415482928996;0.2268304953586012;0.25852999335057825
68.72848259024755;87.42886785469746;56.09874107600467;112.52633005393142;68.72848259024755;93.98345723934231;56.09874107600467;112.52633005393142;68.72848259024755;93.98345723934231;576.7668158433167;516.3495630087926;1.2715174097524482;-3.9834572393423286;68.6216413974762;93.46384477615356;56.07372969388962;112.3965221643448;False;True;False;False;0.17033911060030135;0.3706465968842241;0.22676016052357173;0.2535377419484324
68.7992519826258;87.34593185863915;56.204620667020045;112.405305342538;68.7992519826258;93.80136193663526;56.204620667020045;112.405305342538;68.7992519826258;93.80136193663526;576.5998788168185;516.3775598786698;1.2007480173741951;-3.80136193663526;68.65846264362335;93.46418356895448;56.12524092197418;112.28110790252686;False;True;False;False;0.17060868189623712;0.37203815550989255;0.2268744413482438;0.2506470853553003
68.67889477542633;87.18041212301006;56.2054454222932;112.25964839026292;68.67889477542633;93.75557873766888;56.2054454222932;112.25964839026292;68.67889477542633;93.75557873766888;576.1845969565333;516.7783740287186;1.321105224573671;-3.75557873766887;68.71329176425934;93.30193638801576;56.174817979335785;112.22443997859956;False;True;False;False;0.1704235000664277;0.37452980410417464;0.22664635211301165;0.24988427127524454
68.4081183615041;86.99736624640123;56.28864067595772;112.15822068316776;68.4081183615041;93.75950935812234;56.28864067595772;112.15822068316776;68.4081183615041;93.75950935812234;575.6759918839372;517.4960742198396;1.5918816384959058;-3.759509358122344;68.59242570400238;93.24793696403503;56.15816116333008;112.1116942167282;False;True;False;False;0.1709182220319231;0.377606004937479;0.2264838087319978;0.24888070416884633
68.43360960043427;87.11352033908138;56.271117189217904;111.90927655841313;68.43360960043427;93.83520050870068;56.271117189217904;111.90927655841313;68.43360960043427;93.83520050870068;575.0233416683642;517.657342627112;1.5663903995657336;-3.83520050870068;68.32173025608063;93.25153231620789;56.21758282184601;111.98761880397797;False;True;False;False;0.1711776198451346;0.381272415395376;0.2259502162189814;0.2489903457815355
68.25644814979876;86.97545369525173;56.33380565365329;111.62467528177808;68.25644814979876;94.02643659029124;56.33380565365329;111.62467528177808;68.25644814979876;94.02643659029124;574.1295094373563;518.2205175816584;1.7435518502012428;-4.026436590291226;68.33708310127258;93.34496307373048;56.26428157091141;111.84048414230348;False;True;False;False;0.1698048654918662;0.3867596047215917;0.22549459708410174;0.249289373523297
68.21793854209984;86.83392553492705;56.51736714547909;111.4037102581563;68.21793854209984;94.19137937103837;56.51736714547909;111.4037102581563;68.21793854209984;94.19137937103837;573.2627656638232;518.530010377083;1.7820614579001557;-4.191379371038366;68.19045841693878;93.49744057655334;56.30814790725708;111.64188086986542;False;True;False;False;0.16936365965549027;0.39231532844573197;0.22636759503902038;0.2501692613279518
68.41291108869817;86.92771020776753;56.74616192129943;111.2078455488034;68.41291108869817;94.08277739512882;56.74616192129943;111.2078455488034;68.41291108869817;94.08277739512882;572.9211190328372;518.3776734782731;1.5870889113018336;-4.082777395128815;68.18480265140533;93.64979362487792;56.39314323663712;111.37002825737;False;True;False;False;0.16863351382137856;0.3944794988682207;0.2283878749277396;0.24987468619880854
68.24877200290476;86.86452707330264;56.81083019232153;111.05363909798533;68.24877200290476;94.14551715283405;56.81083019232153;111.05363909798533;68.24877200290476;94.14551715283405;572.2512691980762;518.9175635047002;1.751227997095242;-4.145517152834032;68.34030163288116;93.53650546073914;56.50235503911972;111.13673448562622;False;True;False;False;0.16861198047341566;0.39818218940659955;0.22863489778310322;0.2493373150163948
68.38682187714092;86.8387587076692;56.70576074656731;111.11788009329346;68.38682187714092;94.06182045879768;56.70576074656731;111.11788009329346;68.38682187714092;94.06182045879768;571.865926965771;518.8749608225072;1.6131781228590825;-4.061820458797683;68.21278417110443;93.5878221988678;56.63161665201187;110.93495786190032;False;True;False;False;0.16938699357549153;0.400712464283338;0.22867642967021096;0.24707258860199474
68.22659670694343;86.75243182505983;56.556037376951565;110.97604107174912;68.22659670694343;93.7805490005482;56.556037376951565;110.97604107174912;68.22659670694343;93.7805490005482;571.8868938210969;519.4105015792834;1.7734032930565746;-3.780549000548192;68.34004235267639;93.5362150669098;56.71123892068863;110.78628897666933;False;True;False;False;0.16940065118952252;0.40132871920160906;0.22904281853264202;0.24527129354423757
68.15254280230496;86.42445781302764;56.673077280119415;110.81512873291724;68.15254280230496;93.94077183831268;56.673077280119415;110.81512873291724;68.15254280230496;93.94077183831268;571.0623749454949;519.7950631609679;1.847457197695036;-3.940771838312671;68.17020344734192;93.27312517166138;56.71529084444046;110.7212483882904;False;True;False;False;0.1685324950830387;0.4059904813644705;0.2288273005873875;0.23594968602594457
68.08092522334921;86.39731794763594;56.70664027124274;110.80297173232164;68.08092522334921;94.16466606724046;56.70664027124274;110.80297173232164;68.08092522334921;94.16466606724046;570.0891502425309;520.1846259452387;1.9190747766507883;-4.164666067240461;68.09613573551178;93.3748390674591;56.70917689800263;110.6469827890396;False;True;False;False;0.16748896376338995;0.4128785959813734;0.226346976004153;0.22872334771427058
68.25416279253432;86.34102648189864;56.8495735877691;110.35953643297772;68.25416279253432;94.03891921492314;56.8495735877691;110.35953643297772;68.25416279253432;94.03891921492314;569.7853551382001;520.0940274437553;1.7458372074656836;-4.0389192149231405;68.02356839179993;93.588721036911;56.70205652713776;110.5436784029007;False;True;False;False;0.16883469174854204;0.41510263349081944;0.2262356196641595;0.2248433557909478
68.16252612538565;86.43167846247883;56.85211022591904;110.21818546733498;68.16252612538565;93.7771143847184;56.85211022591904;110.21818546733498;68.16252612538565;93.7771143847184;569.7704422366198;520.5100790723814;1.8374738746143464;-3.777114384718402;68.21778655052185;93.46257948875429;56.74115628004074;110.37054061889648;False;True;False;False;0.1680972942723697;0.41595620770642405;0.22639179515542732;0.22427500239139456
68.08459526213001;86.17788588979657;56.96699226372739;109.77414249204766;68.08459526213001;94.00659522386582;56.96699226372739;109.77414249204766;68.08459526213001;94.00659522386582;568.8078653070293;520.9109373155079;1.9154047378699917;-4.006595223865816;68.11397075653076;93.25338530540466;56.81194692850113;110.18000841140748;False;True;False;False;0.16785409909382337;0.42210697083663185;0.22539490698229062;0.2272977826730559
68.12082797906848;86.03270850317726;56.89707204568585;109.69765339010108;68.12082797906848;94.30923093234216;56.89707204568585;109.69765339010108;68.12082797906848;94.30923093234216;567.6683811935611;521.0938591800136;1.87917202093152;-4.309230932342146;68.0217741727829;93.44604086875916;56.88638299703598;109.82652723789217;False;True;False;False;0.1642875348280105;0.42950105419257834;0.22509689320701465;0.22761588277339162
68.07156940884026;86.32099367268317;56.93775187251138;109.41494748672412;68.07156940884026;94.26340176631732;56.93775187251138;109.41494748672412;68.07156940884026;94.26340176631732;567.1854754012985;521.4429325899276;1.9284305911597384;-4.263401766317315;68.06849992275238;93.70540404319765;56.9318687915802;109.60422873497008;False;True;False;False;0.16363440392953718;0.43248198823473993;0.22467592232488026;0.2281237226703906
68.26682776693313;85.98830365852243;56.911377398815326;109.23140100752433;68.26682776693313;94.27491573349276;56.911377398815326;109.23140100752433;68.26682776693313;94.27491573349276;566.5939938981053;521.3095399525632;1.7331722330668669;-4.274915733492762;67.98514997959137;93.64437985420228;56.95443958044052;109.3185943365097;False;True;False;False;0.1639724016820021;0.4361320731120878;0.2245357088423549;0.22643254318381828
68.36179707658997;85.99438693578882;57.06306513853037;109.02476905009064;68.36179707658997;94.29551460252476;57.06306513853037;109.02476905009064;68.36179707658997;94.29551460252476;565.9828073955756;521.3506909643252;1.6382029234100344;-4.295514602524747;68.16811537742615;93.63422989845276;56.967362463474274;109.14323389530182;False;True;False;False;0.16363746577535548;0.439857226699439;0.22312711997844145;0.2239015173508028
68.38012998039135;85.9885392046066;57.18208880067452;108.99314629052095;68.38012998039135;93.908733241806;57.18208880067452;108.99314629052095;68.38012998039135;93.908733241806;566.1836348366764;521.5324522131771;1.6198700196086548;-3.90873324180599;68.29830515384674;93.67880535125732;56.99339181184769;108.90217065811156;False;True;False;False;0.16240281375202406;0.44031259437368075;0.2208742131848241;0.2240683545022965
68.37668354101672;86.23496863364372;57.01744145651444;108.87545258269684;68.37668354101672;93.89163070136264;57.01744145651444;108.87545258269684;68.37668354101672;93.89163070136264;565.6966754853223;521.7553277612075;1.6233164589832825;-3.8916307013626295;68.27935349941254;93.3178596496582;57.06595927476883;108.74103784561156;False;True;False;False;0.16266555973536034;0.44369799585683384;0.21973631562712773;0.2239757687771299
68.2425481872593;86.20781116995339;56.9611785205656;108.8590488801956;68.2425481872593;94.06420388543546;56.9611785205656;108.8590488801956;68.2425481872593;94.06420388543546;564.8326450236616;522.2400406632534;1.7574518127406975;-4.064203885435461;68.28174579143524;93.31266713142396;57.087012231349945;108.61704111099245;False;True;False;False;0.16001074540316243;0.4484714386629979;0.2198488092192118;0.22508607915331186
68.61849017624242;86.31430343797068;56.5188129104261;108.53757665744637;68.61849017624242;93.7072110544547;56.5188129104261;108.53757665744637;68.61849017624242;93.7072110544547;565.0047368342317;521.7224835936526;1.3815098237575825;-3.707211054454703;68.14562714099884;93.46919631958008;57.09736496210098;108.56944739818572;False;True;False;False;0.1653672707275587;0.44867623158151804;0.226641736863618;0.2237875343382454
68.6106223854939;86.06511601110905;56.6408666144654;108.3805506768228;68.6106223854939;93.94087132232464;56.6408666144654;108.3805506768228;68.6106223854939;93.94087132232464;564.0431214912312;521.922420484984;1.3893776145061023;-3.9408713223246536;68.50521421432495;93.07814645767212;56.96314990520477;108.43604862689972;False;True;False;False;0.16470503620037108;0.4555520077543199;0.22479794281266258;0.22116867828742143
68.57335804420102;86.01561311366092;56.44626744832103;108.02051465188671;68.57335804420102;93.88769590572764;56.44626744832103;108.02051465188671;68.57335804420102;93.88769590572764;563.6240228147819;522.1821995161705;1.426641955798985;-3.8876959057276537;68.48217976093292;93.28353095054626;56.84046775102616;108.2510632276535;False;True;False;False;0.16474193731250397;0.458429345912242;0.22387128901809844;0.22198888894150998
68.19801871328633;85.82964809438704;56.4329212551521;107.64575769793308;68.19801871328633;93.7813271391459;56.4329212551521;107.64575769793308;68.19801871328633;93.7813271391459;563.3184008938484;523.1230971054397;1.8019812867136693;-3.781327139145901;68.45214474201202;93.26890754699708;56.7178151011467;107.9939430952072;False;True;False;False;0.16626306928700416;0.4609699602443258;0.22047301978633557;0.22432270326287765
68.08959071529276;85.65088854757192;56.44079191171745;106.97898441685771;68.08959071529276;93.77753026527289;56.44079191171745;106.97898441685771;68.08959071529276;93.77753026527289;562.8218176897084;523.5802172729886;1.9104092847072425;-3.7775302652728726;68.11486268043518;93.1577558517456;56.62860721349716;107.73218750953674;False;True;False;False;0.16592760622130243;0.4647121445905204;0.21573435064087465;0.23441828680335655
68.29598966786337;85.67438156735777;56.186675279546805;106.69737280945893;68.29598966786337;93.77769712714014;56.186675279546805;106.69737280945893;68.29598966786337;93.77769712714014;562.3178132639374;523.4221406058084;1.704010332136633;-3.777697127140144;67.99547624588013;93.12953233718872;56.620188653469086;107.34309136867525;False;True;False;False;0.16623168874250943;0.4688030804537143;0.21541313942077253;0.24118815467975044
68.00519564278535;85.56353595173734;56.38786496578686;106.59485116326852;68.00519564278535;93.63159315135552;56.38786496578686;106.59485116326852;68.00519564278535;93.63159315135552;562.1063282652212;524.2309300335827;1.9948043572146477;-3.6315931513555313;68.18561506271362;93.11283469200134;56.526823937892914;106.8964684009552;False;True;False;False;0.16696329735039042;0.4713951328281193;0.21509894924575643;0.24280513164325526
68.13695306808957;85.42222716193879;56.52146664395379;106.39569425578654;68.13695306808957;93.53713785257855;56.52146664395379;106.39569425578654;68.13695306808957;93.53713785257855;561.8110264425944;524.2333890972695;1.863046931910432;-3.537137852578553;67.91382718086243;92.96244525909424;56.52666330337525;106.50334000587463;False;True;False;False;0.16828456294935118;0.4743964858538189;0.21501087206211958;0.242523977152269
68.13249621237617;85.21966999686843;56.65750862062022;106.23017516091296;68.13249621237617;93.71246117071348;56.65750862062022;106.23017516091296;68.13249621237617;93.71246117071348;560.9887614259808;524.4907090662844;1.867503787623832;-3.712461170713482;68.06797444820404;92.8521647453308;56.55775099992752;106.30990982055664;False;True;False;False;0.16720530771795086;0.4814201251615307;0.2150461551858494;0.2421261803230284
68.08417715787182;85.27962466817341;56.54773575685809;106.25368924514584;68.08417715787182;93.85408654020064;56.54773575685809;106.25368924514584;68.08417715787182;93.85408654020064;560.2105158642447;524.8363476803096;1.915822842128179;-3.854086540200626;68.0665293931961;93.00309348106384;56.623309552669525;106.15450739860536;False;True;False;False;0.1671002794594531;0.48817109873356734;0.21516517653091102;0.24225204886416307
68.11580541589971;85.31730702492408;56.55131185609594;106.2223810918282;68.11580541589971;93.8402631854738;56.55131185609594;106.2223810918282;68.11580541589971;93.8402631854738;559.7242843683383;525.0285342098709;1.8841945841002852;-3.840263185473788;67.98163759708405;93.16292762756348;56.706423163414;106.01196229457857;False;True;False;False;0.1658979834262487;0.49218157755600284;0.21556150755376746;0.24307990257959233
68.13831195614016;85.31100760467345;56.51014709982756;106.08708914205548;68.13831195614016;93.88881905632296;56.51014709982756;106.08708914205548;68.13831195614016;93.88881905632296;559.1151375352434;525.2347470739368;1.8616880438598429;-3.888819056322959;68.00890696048737;93.16247129440308;56.74234956502914;105.91299831867218;False;True;False;False;0.16543073243234485;0.4970126730654512;0.2163700343066662;0.24333030516888005
68.3712808337322;85.09068803988515;56.67091787536794;105.99286550889651;68.3712808337322;93.663390906649;56.67091787536794;105.99286550889651;68.3712808337322;93.663390906649;559.0474846270816;525.0170343912673;1.6287191662677998;-3.663390906648999;68.05896878242493;93.20988154411316;56.7429855465889;105.87485909461977;False;True;False;False;0.16801690926654136;0.49851981256327227;0.21621292097261782;0.24301820009080685
68.14488874160178;85.0985419375596;56.740398730484266;105.61173153268945;68.14488874160178;93.42468407046591;56.740398730484266;105.61173153268945;68.14488874160178;93.42468407046591;559.0364461785613;525.6869811310305;1.8551112583982243;-3.424684070465915;68.26595735549927;92.99738240242004;56.74956500530243;105.78687071800232;False;True;False;False;0.16841246975769114;0.4999979556531286;0.21598035664591472;0.24339205108649142
67.96834888662427;85.20282427179369;57.14932186846571;105.64943210243536;67.96834888662427;93.38170558236524;57.14932186846571;105.64943210243536;67.96834888662427;93.38170558236524;558.6657786120338;526.287409008772;2.0316511133757302;-3.381705582365228;68.028733253479;92.72650718688963;56.80212527513504;105.63089787960052;False;True;False;False;0.16827583464574508;0.503867532334478;0.21835041578215006;0.2415296917034969
67.86714575355795;85.05750483471604;57.5620070063579;105.7802139818954;67.86714575355795;93.1975757758926;57.5620070063579;105.7802139818954;67.86714575355795;93.1975757758926;558.5831441473304;526.7607020900214;2.132854246442051;-3.197575775892588;67.89171230792999;92.7395887374878;56.95026963949204;105.46681463718414;False;True;False;False;0.16816372833370408;0.5055994543965259;0.22589699940107455;0.24316202493494518
67.7456132003508;84.83066043168543;57.81847934624995;105.4064906852198;67.7456132003508;93.1188599722602;57.81847934624995;105.4064906852198;67.7456132003508;93.1188599722602;558.3142323178095;527.2881477626279;2.254386799649197;-3.1188599722601964;67.81947338581085;92.54634547233582;57.206386625766754;105.36305129528046;False;True;False;False;0.1665340656131402;0.5085033132226879;0.23328092480858756;0.24291365206191473
67.9526269192502;84.78541037000197;57.671872003358345;105.39927055253231;67.9526269192502;93.12141877141347;57.671872003358345;105.39927055253231;67.9526269192502;93.12141877141347;557.8932667232015;527.174705231449;2.047373080749793;-3.121418771413488;67.72295892238617;92.48511385917664;57.48445808887482;105.33135056495668;False;True;False;False;0.16752508741261063;0.46721204865138743;0.2339489173860532;0.2429601720008351
68.08598172992315;84.7370137757485;57.57143178560109;105.19226811255156;68.08598172992315;93.11121234790032;57.57143178560109;105.19226811255156;68.08598172992315;93.11121234790032;557.497490400706;527.1809786875365;1.914018270076852;-3.11121234790032;67.90216648578644;92.48233437538148;57.68828362226486;105.24561762809752;False;True;False;False;0.16842892299413476;0.46972618657421294;0.2317850433361918;0.24259285288909507
68.2521114558235;84.42022135970197;57.74648184791244;104.86091588520311;68.2521114558235;93.3044345328382;57.74648184791244;104.86091588520311;68.2521114558235;93.3044345328382;556.6962177177769;527.103921671746;1.7478885441765044;-3.3044345328382008;68.01348412036896;92.47069096565248;57.77029901742935;105.0456702709198;False;True;False;False;0.16922130975058092;0.4755172249795241;0.22969812480159799;0.24164023250727262
68.39869343781177;84.80008839230244;57.714173156763;104.73594181266874;68.39869343781177;93.1476233995688;57.714173156763;104.73594181266874;68.39869343781177;93.1476233995688;556.5692487132707;527.0438095136597;1.6013065621882276;-3.1476233995687863;68.18858468532562;92.61296319961548;57.80743509531021;104.89571630954742;False;True;False;False;0.1702748055598497;0.4778757700087256;0.22644672591897183;0.24068922803088622
68.40061066609886;84.80986229835818;58.00141835192154;104.50466090666755;68.40061066609886;93.18361083640728;58.00141835192154;104.50466090666755;68.40061066609886;93.18361083640728;556.0775907196512;527.2534825987105;1.5993893339011436;-3.183610836407283;68.31396567821503;92.45027351379396;57.78814911842346;104.66960191726685;False;True;False;False;0.1698066579021928;0.48294937745998573;0.22729801746408454;0.23786759448382164
68.23857922427624;84.73598091921014;57.98913856302272;104.5285055312035;68.23857922427624;93.54604840827751;57.98913856302272;104.5285055312035;68.23857922427624;93.54604840827751;554.9282341310565;527.7907973935426;1.7614207757237637;-3.546048408277514;68.33554470539093;92.49654984474182;57.867604196071625;104.44473326206209;False;True;False;False;0.16710974670783407;0.4929956024110447;0.22611644796943697;0.23775546386379948
68.13312833127036;84.5793134891887;57.88308367236486;104.32248165824952;68.13312833127036;93.35259152274556;57.88308367236486;104.32248165824952;68.13312833127036;93.35259152274556;554.8423414476833;528.2365552829841;1.866871668729644;-3.35259152274557;68.17313158512115;92.8170132637024;57.96972185373306;104.30062770843506;False;True;False;False;0.16669105926900316;0.4944099874353803;0.22526186105017565;0.23775705725341967
68.08985540978921;84.62864458026598;57.88575400730481;104.2186194410038;68.08985540978921;93.37426324653651;57.88575400730481;104.2186194410038;68.08985540978921;93.37426324653651;554.3519857970687;528.5720173484438;1.9101445902107912;-3.374263246536529;68.08621048927307;92.65202116966248;58.00534337759018;104.1451859474182;False;True;False;False;0.16645871191354664;0.496904562217257;0.2233567308820513;0.23782915573662702
68.14228620194933;84.4558113630207;58.05065886569739;104.16494782282432;68.14228620194933;93.31285939178842;58.05065886569739;104.16494782282432;68.14228620194933;93.31285939178842;554.02489174036;528.7218417094849;1.857713798050668;-3.3128593917884217;68.02472305297852;92.651433467865;58.04847866296768;104.06369507312776;False;True;False;False;0.1668343655635313;0.4996315792527097;0.22017911031100537;0.2371632182276546
68.1141208328107;84.17734209672466;58.09325080037369;104.07897195372966;68.1141208328107;93.4161669812234;58.09325080037369;104.07897195372966;68.1141208328107;93.4161669812234;553.3765619759182;529.0258676208356;1.8858791671893016;-3.4161669812234123;68.07755398750305;92.59924554824828;58.07090193033218;103.9255690574646;False;True;False;False;0.1668100798098524;0.5050719329601618;0.21818366063605668;0.23368741615147837
68.14987630271699;84.10055965728591;58.38067053512621;104.07277534128166;68.14987630271699;93.47886785469744;58.38067053512621;104.07277534128166;68.14987630271699;93.47886785469744;552.7956712981404;529.2058072366483;1.85012369728301;-3.478867854697441;68.04091942310333;92.70116686820984;58.10002267360687;103.83153557777403;False;True;False;False;0.1658538552076779;0.5103414686142569;0.2170344164602422;0.23402620611471328
68.05812010055976;84.03084467695466;58.441402258757;103.92859942076733;68.05812010055976;93.44593185863911;58.441402258757;103.92859942076733;68.05812010055976;93.44593185863911;552.397694242964;529.6360028006005;1.941879899440238;-3.445931858639128;68.09892559051514;92.75971579551695;58.22042644023895;103.76055479049684;False;True;False;False;0.1657552175035072;0.5138866730507515;0.21800814399357737;0.2343561670358641
68.3249694210761;83.97353298872964;58.46311689452928;103.80058312216563;68.3249694210761;93.33041212301003;58.46311689452928;103.80058312216563;68.3249694210761;93.33041212301003;552.1692761330703;529.3612214794932;1.675030578923895;-3.330412123010049;68.00152957439423;92.76006841659546;58.349009454250336;103.68294537067412;False;True;False;False;0.16858429350464013;0.5164599674635054;0.21816924483630126;0.23229925792656925
68.23682276241875;83.78658526600844;58.32611186563696;103.39599142825664;68.23682276241875;93.19736624640122;58.32611186563696;103.39599142825664;68.23682276241875;93.19736624640122;551.9913129365533;529.7608522073311;1.763177237581246;-3.1973662464012165;68.25374698638916;92.64561176300047;58.441875874996185;103.60139548778534;False;True;False;False;0.16859172488168533;0.5179444439169468;0.21654560726394664;0.23127078924581035
68.51390969135576;83.351837671727;58.30463791247463;103.30666479161717;68.51390969135576;93.36352033908136;58.30463791247463;103.30666479161717;68.51390969135576;93.36352033908136;551.2326892516728;529.4417686478013;1.4860903086442363;-3.363520339081361;68.1623524427414;92.4732837677002;58.487237095832825;103.43288004398346;False;True;False;False;0.17162245951134927;0.5247696007993525;0.2138672166343557;0.23132176147051162
68.379637901434;83.55570917677534;58.2764353305951;103.02464816289152;68.379637901434;93.27545369525173;58.2764353305951;103.02464816289152;68.379637901434;93.27545369525173;550.9603531607879;529.9084576021307;1.6203620985660052;-3.275453695251713;68.43210065364838;92.62079000473022;58.46652835607529;103.21540713310242;False;True;False;False;0.16922674577689842;0.5276031188332257;0.21264794208133347;0.23174576766765567
68.37608825729308;83.55911363855314;58.31146361136904;102.99109377303968;68.37608825729308;93.18392553492704;58.31146361136904;102.99109377303968;68.37608825729308;93.18392553492704;550.7066823220704;530.1316051702214;1.6239117427069232;-3.1839255349270275;68.30359101295471;92.56104493141174;58.43257874250412;102.95506119728088;False;True;False;False;0.16935123953356168;0.5305276999109683;0.2110317177238478;0.2317708228209224
68.57734766878825;83.48872181957186;58.4607535289597;102.9214562337929;68.57734766878825;93.32771020776752;58.4607535289597;102.9214562337929;68.57734766878825;93.32771020776752;549.9945895717325;529.9456079129253;1.4226523312117507;-3.327710207767524;68.30172765254974;92.4556803703308;58.41178148984909;102.81054258346558;False;True;False;False;0.170504636028776;0.536225187560034;0.2107434547150132;0.2305875613448763
68.29487149860978;83.68644866595953;58.41799812948123;102.99994530941666;68.29487149860978;93.31452707330264;58.41799812948123;102.99994530941666;68.29487149860978;93.31452707330264;549.5772611462933;530.7002472307771;1.7051285013902202;-3.314527073302628;68.48715102672577;92.61021137237547;58.4474128484726;102.65857577323914;False;True;False;False;0.1711943162927339;0.538257216906072;0.20982204441912455;0.22852128486339268
68.44940614356267;83.94347051226538;58.31690287748808;102.68934723686984;68.44940614356267;93.3387587076692;58.31690287748808;102.68934723686984;68.44940614356267;93.3387587076692;549.0868609344532;530.6185284077234;1.550593856437331;-3.338758707669186;68.22219777107239;92.56785535812378;58.48871558904648;102.61504709720612;False;True;False;False;0.17233050083788015;0.5427385661872312;0.20950298652269667;0.22847919145077297
68.61232388931047;83.90872857768602;58.32751830182551;102.35689896994889;68.61232388931047;93.3024318250598;58.32751830182551;102.35689896994889;68.61232388931047;93.3024318250598;548.7143468719827;530.4994387637528;1.387676110689526;-3.302431825059813;68.37903463840485;92.60353231430054;58.49781930446625;102.53459215164185;False;True;False;False;0.17354600619357308;0.5457995569346751;0.21011620894757224;0.22756745246074755
68.39663846415209;84.02281712626555;58.39536720068556;101.91759402721786;68.39663846415209;93.02445781302762;58.39536720068556;101.91759402721786;68.39663846415209;93.02445781302762;548.8299706527057;531.1158330954948;1.6033615358479096;-3.024457813027624;68.51690948009491;92.53349208831789;58.49609166383743;102.39276170730592;False;True;False;False;0.17392315800386615;0.5476391787225319;0.2103294337185452;0.22659789529328936
68.57537102104186;83.97522356192643;58.66114106314276;101.95788980989887;68.57537102104186;93.04731794763592;58.66114106314276;101.95788980989887;68.57537102104186;93.04731794763592;548.3809893417521;530.9721495198283;1.4246289789581397;-3.047317947635918;68.32014346122742;92.26011395454408;58.49302649497986;102.07139432430267;False;True;False;False;0.17311238858611713;0.5517812879146213;0.21054498227455853;0.22621533879935593
68.56450241001652;83.98386585060044;58.51589093957652;102.08634811895874;68.56450241001652;93.04102648189864;58.51589093957652;102.08634811895874;68.56450241001652;93.04102648189864;547.9872632135418;531.1838372724068;1.435497589983484;-3.0410264818986263;68.48347616195679;92.31755661964417;58.560273349285126;101.77442371845244;False;True;False;False;0.17323790854966709;0.55533817164567;0.20968465159632252;0.22813696387293775
68.6552066431861;83.80553424386333;58.61775088687777;101.74287246506157;68.6552066431861;93.1816784624788;58.61775088687777;101.74287246506157;68.6552066431861;93.1816784624788;547.300489054795;531.1938284847321;1.344793356813895;-3.181678462478814;68.47543156147003;92.32050895690918;58.6049821972847;101.6295313835144;False;True;False;False;0.174043123091286;0.5612220688941685;0.2039815558673124;0.226462971933862
68.6984362511636;83.82064434812322;58.563956404171385;101.30176125657457;68.6984362511636;92.97788588979655;58.563956404171385;101.30176125657457;68.6984362511636;92.97788588979655;547.2838504051623;531.2866750496856;1.3015637488364007;-2.977885889796553;68.53943228721619;92.41109800338744;58.66777390241623;101.60694420337676;False;True;False;False;0.17352791130457873;0.5633214437811489;0.20105600308092927;0.22706762544168385
68.63945550049198;83.81470055622344;58.68319514204549;101.27560886962068;68.63945550049198;92.88270850317724;58.68319514204549;101.27560886962068;68.63945550049198;92.88270850317724;547.077153726428;531.578178384207;1.3605444995080234;-2.8827085031772413;68.62808537483215;92.183913230896;58.69955658912659;101.47527635097504;False;True;False;False;0.17311845985071544;0.5672203963038446;0.19984288093277863;0.22635124010203847
68.48391173799047;83.63041598540939;58.82082011519;101.37129101624376;68.48391173799047;93.22099367268316;58.82082011519;101.37129101624376;68.48391173799047;93.22099367268316;546.0162222536593;532.0706718424777;1.5160882620095322;-3.22099367268315;68.54888391494751;92.13370966911316;58.70999783277512;101.1768239736557;False;True;False;False;0.17314945361121759;0.5749597578708175;0.2000421344206552;0.22414623989690796
68.54329053775514;83.50623505196555;59.04182626697061;101.207900970179;68.54329053775514;92.9383036585224;59.04182626697061;101.207900970179;68.54329053775514;92.9383036585224;546.1521364589563;532.1540593445496;1.4567094622448593;-2.9383036585224147;68.39981162548065;92.45829391479492;58.79338353872299;100.99087476730348;False;True;False;False;0.1727996966022809;0.5766475837331319;0.2005619480393489;0.22321325475789028
68.27223106225907;83.28039606278672;59.22691531355629;100.81398201651128;68.27223106225907;92.9943869357888;59.22691531355629;100.81398201651128;68.27223106225907;92.9943869357888;545.6481960832872;532.8904062238411;1.727768937740933;-2.9943869357888104;68.46226012706757;92.193510055542;58.90362471342087;100.9602427482605;False;True;False;False;0.1737116418158212;0.5816815096975215;0.19906683881699422;0.221813761089587
68.26253491120634;83.3184898931413;59.29703197091977;100.6104440240902;68.26253491120634;93.03853920460658;59.29703197091977;100.6104440240902;68.26253491120634;93.03853920460658;545.1606399542131;533.1401677176453;1.7374650887936554;-3.038539204606579;68.23788595199585;92.2385003566742;59.066809713840485;100.86986124515532;False;True;False;False;0.17370429175994329;0.5864031110977154;0.19663595244698637;0.21918691645812577
68.39338503629614;83.46221942981904;59.34882964256969;100.35702087706976;68.39338503629614;93.3349686336437;59.34882964256969;100.35702087706976;68.39338503629614;93.3349686336437;544.1626425355247;533.1101294793049;1.606614963703862;-3.334968633643697;68.20078814029694;92.28374648094176;59.213524758815765;100.63369572162628;False;True;False;False;0.1739866525600102;0.5940194474168236;0.1949614022878971;0.21669450259076953
68.48409187568306;83.27354533734066;59.35582577118706;100.19678509944538;68.48409187568306;93.35781116995337;59.35582577118706;100.19678509944538;68.48409187568306;93.35781116995337;543.6722949784196;533.1429311290249;1.5159081243169368;-3.357811169953365;68.3498604297638;92.5300281047821;59.324588775634766;100.34960210323334;False;True;False;False;0.17444128632102227;0.5992283629128428;0.1946346435343711;0.21703581480277828
68.47935584559283;82.99009792240076;59.28523918364593;100.20603809874989;68.47935584559283;93.51430343797068;59.28523918364593;100.20603809874989;68.47935584559283;93.51430343797068;542.9116022863911;533.3545242724476;1.5206441544071652;-3.514303437970668;68.40918719768524;92.52404737472534;59.38940972089768;100.11609852313995;False;True;False;False;0.17456578971369582;0.6064571969392997;0.19483480363438882;0.2167622182118203
68.69745714918342;82.73908950254662;59.3880044670371;100.396015408225;68.69745714918342;93.31511601110904;59.3880044670371;100.396015408225;68.69745714918342;93.31511601110904;542.841403348385;533.1210742191874;1.3025428508165788;-3.3151160111090405;68.42022562026978;92.67988514900208;59.40085738897324;99.93131637573242;False;True;False;False;0.17612417054642723;0.6093986686919787;0.19385886221917184;0.22089627608790272
68.79803814959777;82.5622695693254;59.37727033121002;100.05639803376243;68.79803814959777;93.3156131136609;59.37727033121002;100.05639803376243;68.79803814959777;93.3156131136609;542.3983936751334;533.0935845984676;1.2019618504022276;-3.315613113660902;68.63904774188995;92.4800112247467;59.42266434431076;99.9018120765686;False;True;False;False;0.17575124781677692;0.6145586479009819;0.1909910386798727;0.2188754938764464
68.71996168022635;82.62816272025864;59.66713793352307;99.71215646364178;68.71996168022635;93.17964809438702;59.66713793352307;99.71215646364178;68.71996168022635;93.17964809438702;542.2282419651931;533.4099991172641;1.2800383197736522;-3.17964809438702;68.69706082344055;92.46442675590517;59.42817836999893;99.90138590335846;False;True;False;False;0.1753630931915637;0.6171617797667314;0.19077462538994797;0.2187200182500588
68.58744350175246;82.29181035002948;59.68561360336431;99.29504356296933;68.58744350175246;93.0508885475719;59.68561360336431;99.29504356296933;68.58744350175246;93.0508885475719;542.0618079795718;533.8457072501817;1.4125564982475396;-3.050888547571901;68.62513649463654;92.35185074806212;59.51099693775177;99.79803562164308;False;True;False;False;0.17522867959080657;0.620209695172192;0.19053075848181036;0.22287337364504803
68.23224514261825;82.12069431521226;59.82992798969173;99.22290247975644;68.23224514261825;93.12438156735774;59.82992798969173;99.22290247975644;68.23224514261825;93.12438156735774;541.5080368003238;534.7444448348831;1.767754857381746;-3.1243815673577444;68.53527343273163;92.2309639453888;59.61026579141617;99.44703936576845;False;True;False;False;0.17638175039784268;0.6252242432946947;0.19156265304033512;0.22061994003721938
68.17443180144194;82.0933316771852;59.93944181667106;98.84875814005336;68.17443180144194;93.06353595173732;59.93944181667106;98.84875814005336;68.17443180144194;93.06353595173732;541.2131438225836;535.0957721648866;1.8255681985580596;-3.0635359517373217;68.1843808889389;92.29086112976074;59.72098886966705;99.1507637500763;False;True;False;False;0.1761198788425389;0.6283026934120641;0.1906940451101215;0.2222523420012224
68.37337142590242;82.28095437229008;59.98852653428374;98.7487133434482;68.37337142590242;92.97222716193878;59.98852653428374;98.7487133434482;68.37337142590242;92.97222716193878;540.987289941949;534.9413020091067;1.6266285740975803;-2.9722271619387755;68.14802634716034;92.22728562355042;59.85643327236176;98.86621117591858;False;True;False;False;0.17679726868837736;0.6320270703519862;0.18927366674939264;0.2223794634719373
68.25070856758121;82.23933512821297;59.995397602762864;98.73741042814778;68.25070856758121;92.8196699968684;59.995397602762864;98.73741042814778;68.25070856758121;92.8196699968684;540.8961073171646;535.4035115356288;1.7492914324187865;-2.819669996868413;68.31473660469055;92.11616158485413;59.93617683649063;98.69643032550812;False;True;False;False;0.1755764210974489;0.635007037966569;0.18832494647273765;0.22223742134962413
68.31186970019819;82.09848463454766;59.96728721965494;98.99031403287329;68.31186970019819;92.9296246681734;59.96728721965494;98.99031403287329;68.31186970019819;92.9296246681734;540.3002419749722;535.5144281280507;1.6881302998018128;-2.929624668173389;68.20644044876099;92.01657032966614;60.00607579946518;98.48637282848358;False;True;False;False;0.17299278825915831;0.6402538826208711;0.18831715212722397;0.22643733166356855
68.30853052797353;81.8966150387112;59.98342795977685;98.44558505874096;68.30853052797353;93.01730702492404;59.98342795977685;98.44558505874096;68.30853052797353;93.01730702492404;539.7342606390478;535.7461905124735;1.6914694720264691;-3.017307024924051;68.25525772571564;92.1325273513794;60.03685861825943;98.49252939224245;False;True;False;False;0.1717969540078938;0.6453807711738063;0.1882817676017533;0.22377119412830795
68.21516996582005;82.06866684198991;60.221973166967466;98.2864022064628;68.21516996582005;93.06100760467343;60.221973166967466;98.2864022064628;68.21516996582005;93.06100760467343;539.2445518762258;536.1584408997173;1.7848300341799472;-3.061007604673435;68.27377724647522;92.16206455230711;60.05121737718582;98.46448063850404;False;True;False;False;0.17043101058188506;0.6496726516194562;0.18855017809739552;0.22217888853875922
68.38605353258099;81.89805052770575;60.34891224702254;97.87693137851242;68.38605353258099;92.89068803988512;60.34891224702254;97.87693137851242;68.38605353258099;92.89068803988512;539.1770566585127;536.0546511040861;1.6139464674190125;-2.8906880398851342;68.15376853942871;92.21481251716614;60.11919528245926;98.36851954460144;False;True;False;False;0.17126505149219304;0.6524110045885025;0.18942914443612094;0.22635359563614343
68.45549547871593;81.96178437702787;60.58141923968092;97.70723375923714;68.45549547871593;92.94854193755958;60.58141923968092;97.70723375923714;68.45549547871593;92.94854193755958;538.6759237911791;536.1309600741388;1.5445045212840682;-2.9485419375595825;68.35001599788666;92.03744411468506;60.20603626966477;97.9951000213623;False;True;False;False;0.1709402615105107;0.657722112974543;0.1922733026124907;0.22799154348326853
68.79660362614183;81.6310155946593;60.38295800399015;97.46497635972942;68.79660362614183;93.10282427179366;60.38295800399015;97.46497635972942;68.79660362614183;93.10282427179366;537.9742201977031;535.6546777154582;1.203396373858169;-3.102824271793665;68.41397178173065;92.08709454536438;60.35266935825348;97.74781465530396;False;True;False;False;0.1734854695811163;0.6634885848751352;0.19179504148198967;0.22939095956447944
68.67016058539116;81.39847223711672;60.558365871339085;97.25641640827445;68.67016058539116;93.00750483471602;60.558365871339085;97.25641640827445;68.67016058539116;93.00750483471602;537.7511491689526;536.0680166468073;1.3298394146088413;-3.0075048347160163;68.7085417509079;92.22174739837646;60.43051809072495;97.4460119009018;False;True;False;False;0.17258387852449408;0.6670670644570987;0.1920665627633891;0.2300884822785269
68.50839535278628;81.37415900999167;60.6366887719157;97.1850353485077;68.50839535278628;92.83066043168542;60.6366887719157;97.1850353485077;68.50839535278628;92.83066043168542;537.703837330385;536.5688590339649;1.4916046472137197;-2.8306604316854163;68.64706468582153;92.11312627792358;60.49915164709091;97.2605413198471;False;True;False;False;0.1730698786679347;0.6691789372238164;0.19230785335791678;0.23019510525241835
68.45048122690578;81.20212998206716;60.63487731595244;96.95115921323884;68.45048122690578;92.83541037000197;60.63487731595244;96.95115921323884;68.45048122690578;92.83541037000197;537.3169160628605;536.8835679053544;1.5495187730942206;-2.835410370001952;68.47452926635742;91.9607870578766;60.569142401218414;97.04323887825012;False;True;False;False;0.17120852534504763;0.6724977221034398;0.19240673065031844;0.22970564607396737
68.7174370011252;81.08350560224147;60.42819254837452;96.81779730714528;68.7174370011252;92.83701377574847;60.42819254837452;96.81779730714528;68.7174370011252;92.83701377574847;536.9356545353672;536.5562588599948;1.2825629988747949;-2.837013775748474;68.42627894878387;91.9532437324524;60.59475213289261;96.88750863075256;False;True;False;False;0.1710206171208582;0.6766290880458049;0.19286208910529898;0.22770907484123737
68.46770923915963;80.88032808402792;60.74682472994558;96.437598395605;68.46770923915963;92.57022135970196;60.74682472994558;96.437598395605;68.46770923915963;92.57022135970196;537.0909708640272;537.2267227837759;1.5322907608403682;-2.5702213597019465;68.63211286067963;91.93901443481444;60.59313923120499;96.75869941711426;False;True;False;False;0.1691086028917199;0.6774180362015284;0.1934095383864765;0.22684463850705208
68.64434545359794;81.09551249375826;60.65905450798644;96.44770357715456;68.64434545359794;93.00008839230242;60.65905450798644;96.44770357715456;68.64434545359794;93.00008839230242;535.8885406175327;537.077755789678;1.3556545464020644;-3.000088392302416;68.42585027217865;91.67327642440796;60.64556509256363;96.55051708221436;False;True;False;False;0.16947631251141668;0.6876182739264195;0.1933500802032016;0.22497940802619154
68.6778991695721;80.85261137466642;60.63244931403918;96.35764540460625;68.6778991695721;93.05986229835815;60.63244931403918;96.35764540460625;68.6778991695721;93.05986229835815;535.3689810197809;537.19140229725;1.3221008304278996;-3.059862298358169;68.60186696052551;92.08539366722108;60.65709799528122;96.3453245162964;False;True;False;False;0.16865925049264247;0.6937393119318541;0.19321373169477385;0.22381138345152132
68.64042803402594;80.76072705822135;60.45634958440798;96.18801187969576;68.64042803402594;93.03598091921012;60.45634958440798;96.18801187969576;68.64042803402594;93.03598091921012;535.0087621382959;537.442624679066;1.3595719659740553;-3.035980919210118;68.63490962982178;92.13626790046692;60.66426753997803;96.17731392383575;False;True;False;False;0.1686461790255937;0.6985455613492847;0.1941031588398791;0.22278288280731132
68.57229841419827;80.89758622559893;60.6595061581488;96.09720435343404;68.57229841419827;92.92931348918869;60.6595061581488;96.09720435343404;68.57229841419827;92.92931348918869;534.8172995424441;537.7601601808511;1.427701585801728;-2.9293134891886865;68.58437073230743;92.07190418243408;60.66012054681778;96.09658360481262;False;True;False;False;0.16805325731120138;0.7021981986923754;0.193904937482812;0.22037708187487895
68.71552174853434;80.895862530031;60.85560516537822;95.97587819013468;68.71552174853434;93.02864458026596;60.85560516537822;95.97587819013468;68.71552174853434;93.02864458026596;534.2280622283977;537.6640737236193;1.2844782514656572;-3.0286445802659614;68.49907445907593;92.02486729621889;60.65262317657471;95.97909092903136;False;True;False;False;0.1691834058904356;0.704860681335597;0.1930512006622033;0.21950676029488084
68.51234835231452;80.82307444378166;60.74433488939367;95.76430822278566;68.51234835231452;92.90581136302067;60.74433488939367;95.76430822278566;68.51234835231452;92.90581136302067;534.0699093855194;538.241684282921;1.4876516476854815;-2.905811363020689;68.63828372955322;92.072242975235;60.70604234933853;95.8460921049118;False;True;False;False;0.16890577484989516;0.7055632843238465;0.1921012869132449;0.21946404252728327
68.46936174548185;80.92481403207591;60.611023593002486;95.8895278999963;68.46936174548185;92.67734209672464;60.611023593002486;95.8895278999963;68.46936174548185;92.67734209672464;534.139406403042;538.526011049611;1.530638254518152;-2.677342096724644;68.47068500518799;91.96175503730774;60.73998540639877;95.73969304561616;False;True;False;False;0.16586158840059292;0.7076190191077857;0.1924689304560362;0.21948370989451588
68.5021782654754;80.73200799425202;60.578911556968855;96.23199384873313;68.5021782654754;92.6505596572859;60.578911556968855;96.23199384873313;68.5021782654754;92.6505596572859;533.8359923356895;538.6644631102264;1.4978217345246063;-2.6505596572858963;68.4090039730072;91.75927448272704;60.770879685878754;95.63638865947723;False;True;False;False;0.16504181941065935;0.7110676903420129;0.19332328507682475;0.22668918011003716
68.57234867623619;80.6903539475942;60.73419559573689;96.10954418108643;68.57234867623619;92.63084467695464;60.73419559573689;96.10954418108643;68.57234867623619;92.63084467695464;533.5220143420472;538.7238318533081;1.427651323763811;-2.630844676954638;68.46209764480591;91.77569556236269;60.75358361005783;95.64469575881958;False;True;False;False;0.16525374867771156;0.7147608063013579;0.19277912847885167;0.230946031323323
68.5352730293206;80.80811483281472;61.052950939960105;95.98449655271612;68.5352730293206;92.62353298872964;61.052950939960105;95.98449655271612;68.5352730293206;92.62353298872964;533.1858584282365;538.9883366569744;1.4647269706793935;-2.623532988729636;68.51128828525543;91.72058296203612;60.7406410574913;95.77022671699524;False;True;False;False;0.1642445462250665;0.7166020302831273;0.19482841559225658;0.2301451857001899
68.67285907264812;80.98778077174491;61.13427413456652;95.9018811424882;68.67285907264812;92.48658526600845;61.13427413456652;95.9018811424882;68.67285907264812;92.48658526600845;533.1099494751817;538.9084614997433;1.327140927351877;-2.486585266008433;68.49269962310791;91.72259497642516;60.82888185977936;95.836683511734;False;True;False;False;0.16512934485776481;0.7189899823037773;0.19507517765665816;0.22867674907537522
68.94879340636234;80.79083450031769;61.15373845838506;95.8219260665208;68.94879340636234;92.10183767172698;61.15373845838506;95.8219260665208;68.94879340636234;92.10183767172698;533.5478999616101;538.5335449559618;1.051206593637659;-2.101837671726983;68.63741946220398;91.61359357833862;60.9571698307991;95.73549032211304;False;True;False;False;0.1677736263684862;0.7198815992777543;0.19546243247435907;0.22769401696381691
69.01418438496368;80.78523541594066;61.29680187024847;95.77693905492326;69.01418438496368;92.35570917677532;61.29680187024847;95.77693905492326;69.01418438496368;92.35570917677532;532.7599119286166;538.5429238779108;0.9858156150363158;-2.3557091767753207;68.87305331230164;91.24115657806396;61.0740002989769;95.65970361232758;False;True;False;False;0.16597740531031713;0.7270789117782026;0.19537821243671905;0.22792646074148007
69.04828456070504;80.91554968273249;61.25700286178261;95.59095523176114;69.04828456070504;92.40911363855314;61.25700286178261;95.59095523176114;69.04828456070504;92.40911363855314;532.3390084481575;538.6061656084329;0.9517154392949578;-2.409113638553137;68.9384092092514;91.44891262054443;61.191624104976654;95.57208895683289;False;True;False;False;0.16341914923136167;0.7318475992197104;0.19547609696793455;0.2271486716087801
69.02905592746099;80.5783176778222;61.44907596053851;95.43715089468432;69.02905592746099;92.38872181957186;61.44907596053851;95.43715089468432;69.02905592746099;92.38872181957186;532.058576934313;538.771518266827;0.9709440725390124;-2.388721819571856;68.98960494995117;91.49182868003844;61.234510242939;95.4825794696808;False;True;False;False;0.16268319400739567;0.7343435376121892;0.19646079552282913;0.22713854947295897
69.11623483640601;80.93528203275211;61.68291191619642;94.9474984165458;69.11623483640601;92.63644866595952;61.68291191619642;94.9474984165458;69.11623483640601;92.63644866595952;531.2446269989281;538.7266196586088;0.883765163593992;-2.63644866595952;68.93782150745392;91.490065574646;61.302242279052734;95.36131680011748;False;True;False;False;0.16356689917248327;0.7412398762212178;0.19613396426892243;0.23053853314145742
69.192669167118;80.51106795117907;61.441001495782686;94.86228880757396;69.192669167118;92.94347051226538;61.441001495782686;94.86228880757396;69.192669167118;92.94347051226538;530.2790568175218;538.6915863523307;0.8073308328820019;-2.943470512265378;69.05323231220245;91.67603516578674;61.42641931772232;95.1029509305954;False;True;False;False;0.1638859612088193;0.7487655624486174;0.19612826224008723;0.23118617836216895
69.1053813406824;80.57368940694282;61.49149059918191;94.57256182715962;69.1053813406824;92.95872857768602;61.49149059918191;94.57256182715962;69.1053813406824;92.95872857768602;529.8560779517118;538.9738061162528;0.8946186593176009;-2.958728577686017;69.09865474700928;91.98146724700928;61.458261013031006;94.8567146062851;False;True;False;False;0.16357031064060065;0.7529126957871638;0.1961393547637463;0.2324390068757688
68.93925794222658;80.5152112192549;61.629698327881165;94.34599203886204;68.93925794222658;93.12281712626556;61.629698327881165;94.34599203886204;68.93925794222658;93.12281712626556;529.1334037108612;539.4253354010735;1.0607420577734246;-3.122817126265545;69.02655065059662;91.9696786403656;61.50610715150833;94.54820454120636;False;True;False;False;0.16323088768798175;0.7602186715230879;0.196347205192021;0.23293645256929346
69.15301742696792;80.39038546142704;61.4404939637011;94.16558061127084;69.15301742696792;93.12522356192642;61.4404939637011;94.16558061127084;69.15301742696792;93.12522356192642;528.7122152227041;539.1392487059607;0.8469825730320792;-3.1252235619264184;68.90875101089478;92.12249493598938;61.55465483665466;94.3630224466324;False;True;False;False;0.16485140487104127;0.7649850887104741;0.1966269983586908;0.23367181043295088
68.99467857170401;80.4472593101837;61.48178184622271;93.97450520024844;68.99467857170401;93.18386585060044;61.48178184622271;93.97450520024844;68.99467857170401;93.18386585060044;528.1782341704326;539.568857426226;1.0053214282959857;-3.1838658506004265;69.06729567050934;92.10850763320924;61.50591045618057;94.1185301542282;False;True;False;False;0.16405826216248684;0.7702828844932083;0.1962465216783425;0.23403292550604424
68.85058422279056;80.23984849301013;61.53316375154462;93.79261381936118;68.85058422279056;93.05553424386332;61.53316375154462;93.79261381936118;68.85058422279056;93.05553424386332;528.01038193716;539.9910889811591;1.149415777209441;-3.0555342438633346;68.92798960208893;92.1544451713562;61.51874154806137;93.92721116542816;False;True;False;False;0.1638773676000276;0.7730589910068218;0.19618494917845206;0.2342654683440266
68.88378517532033;80.16803833301893;61.492126185851305;93.60687575279096;68.88378517532033;93.12064434812322;61.492126185851305;93.60687575279096;68.88378517532033;93.12064434812322;527.4727571627918;540.0779425130609;1.1162148246796733;-3.1206443481232213;68.79762005805969;92.04878330230711;61.53647691011429;93.74984443187714;False;True;False;False;0.16390295103283625;0.7770731938216381;0.19611852074976244;0.23375785142569785
68.5809730473363;80.02502947379801;61.35354754441482;93.43581235553653;68.5809730473363;93.16470055622344;61.35354754441482;93.43581235553653;68.5809730473363;93.16470055622344;526.9685588335083;540.8323954123196;1.4190269526636996;-3.164700556223437;68.80094921588898;92.0895836353302;61.51783674955368;93.55420470237732;False;True;False;False;0.16521869437347148;0.7810076689431263;0.1957291824110133;0.23292589826060411
68.77735128812472;80.19379779505971;61.08446376698457;93.19892553212873;68.77735128812472;93.03041598540938;61.08446376698457;93.19892553212873;68.77735128812472;93.03041598540938;526.8151679009733;540.6288425244312;1.22264871187528;-3.030415985409377;68.51262962818146;92.14000153541564;61.50557607412338;93.38154554367064;False;True;False;False;0.16571437543477527;0.7845229623601288;0.19694955045540044;0.23306337387292902
68.76893653688522;80.0782157379781;61.20151218895624;93.30283270776714;68.76893653688522;92.95623505196556;61.20151218895624;93.30283270776714;68.76893653688522;92.95623505196556;526.5594743031397;540.8086918551602;1.2310634631147792;-2.9562350519655496;68.6831945180893;91.96665024757384;61.40953630208969;93.17774295806883;False;True;False;False;0.16568623099249224;0.7880399936534661;0.19574846819803202;0.2332338192486827
68.68265597543866;80.00853231164564;61.10623709599072;93.1781536640436;68.68265597543866;92.78039606278672;61.10623709599072;93.1781536640436;68.68265597543866;92.78039606278672;526.516987607902;541.1453947731353;1.3173440245613364;-2.780396062786721;68.69112157821655;91.92336773872375;61.33685082197189;93.0602240562439;False;True;False;False;0.16485515760433944;0.790975213228114;0.1968526502941137;0.2328524393883961
68.5891267414027;79.75713112915057;61.19989787400196;92.97648260670276;68.5891267414027;92.8684898931413;61.19989787400196;92.97648260670276;68.5891267414027;92.8684898931413;525.9700804721547;541.5080991111488;1.4108732585973058;-2.8684898931413016;68.6075953245163;91.76120352745056;61.26280814409256;92.978857755661;False;True;False;False;0.16450934493459715;0.7976498474100254;0.19638728978878658;0.23214862445404033
68.70672018244618;79.76092032807017;61.1707874622689;92.76023644277224;68.70672018244618;93.06221942981904;61.1707874622689;92.76023644277224;68.70672018244618;93.06221942981904;525.2001560797137;541.4610286635415;1.2932798175538238;-3.062219429819038;68.5491293668747;91.86128568649292;61.24010294675827;92.9386270046234;False;True;False;False;0.1651855339681715;0.8033083325305123;0.19645723768665146;0.23259871600129567
68.71312765785785;79.52075371436747;60.97877976892139;92.7995133527312;68.71312765785785;92.92354533734068;60.97877976892139;92.7995133527312;68.71312765785785;92.92354533734068;525.0692083406946;541.6206510217253;1.2868723421421464;-2.92354533734067;68.63667964935303;92.00570821762084;61.26047402620316;92.76384353637695;False;True;False;False;0.16533991455298164;0.8045443022503017;0.19828455921298954;0.232147634859061
68.75259971582362;79.42167874698961;60.92337519729891;92.89443500014056;68.75259971582362;92.69009792240077;60.92337519729891;92.89443500014056;68.75259971582362;92.69009792240077;525.1462971255957;541.713289884746;1.2474002841763792;-2.690097922400767;68.64396369457245;91.84925508499146;61.213824450969696;92.6047432422638;False;True;False;False;0.16419859415149007;0.8073886472557057;0.19971442776289025;0.23312483449210344
68.9097266930305;79.23232298555277;61.01102531748598;92.56544887430046;68.9097266930305;92.48908950254662;61.01102531748598;92.56544887430046;68.9097266930305;92.48908950254662;525.1896342423172;541.5653559682224;1.0902733069694932;-2.4890895025466198;68.64203119277954;91.64552998542786;61.16790592670441;92.5278615951538;False;True;False;False;0.16608696466868342;0.810830480585163;0.19999419399925403;0.23269940503914815
68.89105348684865;79.33410830384135;60.99795502686389;92.60699090414391;68.89105348684865;92.3622695693254;60.99795502686389;92.60699090414391;68.89105348684865;92.3622695693254;525.1113955084201;541.7480721548487;1.108946513151352;-2.362269569325406;68.81220543384552;91.47398328781128;61.13020926713944;92.51122772693634;False;True;False;False;0.1662334305455956;0.8120725160393579;0.19984531899743854;0.22964072499181254
68.79260428205977;79.1661458251135;60.95088449941325;92.32581458231532;68.79260428205977;92.47816272025864;60.95088449941325;92.32581458231532;68.79260428205977;92.47816272025864;524.5646399306435;542.0928300995133;1.20739571794023;-2.478162720258652;68.79652070999146;91.3730161190033;61.10229820013046;92.4561858177185;False;True;False;False;0.16596534576047636;0.8147339039561101;0.20036349968754558;0.2296484086123484
68.77369619860646;78.95107819138951;61.1356241904063;92.28067915566972;68.77369619860646;92.19181035002948;61.1356241904063;92.28067915566972;68.77369619860646;92.19181035002948;524.8069229750673;542.2916323621453;1.2263038013935414;-2.1918103500294848;68.70410287380219;91.46793341636658;61.10117048025131;92.2825825214386;False;True;False;False;0.166097681237875;0.8159193538813331;0.20038964245318577;0.2289382470422171
68.42609271084791;78.90088815308285;61.041761140882144;92.07939985195377;68.42609271084791;92.07069431521226;61.041761140882144;92.07939985195377;68.42609271084791;92.07069431521226;524.7569136646978;543.1503465111815;1.573907289152089;-2.0706943152122648;68.69679117202759;91.20861864089966;61.154635548591614;92.20142602920532;False;True;False;False;0.16593163020816065;0.817842405898057;0.200636424879028;0.22908289521439476
68.20992367913325;78.8411464967271;61.2580944800309;92.03076234085276;68.20992367913325;92.0933316771852;61.2580944800309;92.03076234085276;68.20992367913325;92.0933316771852;524.4355463653902;543.7925388798311;1.7900763208667456;-2.093331677185205;68.370187997818;91.0492684841156;61.17304623126984;92.03841149806976;False;True;False;False;0.16560730387498707;0.8214624021089493;0.20059279084550174;0.2288054275984143
68.30706032726815;78.86478515852663;61.21818358726642;91.804225925934;68.30706032726815;92.3309543722901;61.21818358726642;91.804225925934;68.30706032726815;92.3309543722901;523.6811900848891;543.8369424263435;1.6929396727318533;-2.330954372290094;68.1492190361023;91.10950446128844;61.246587336063385;91.92520678043364;False;True;False;False;0.16610659971562355;0.8293870992205374;0.19980266789246195;0.22893173671518577
68.29899487967165;78.72614345166993;61.43496186262458;91.70948133570388;68.29899487967165;92.33933512821298;61.43496186262458;91.70948133570388;68.29899487967165;92.33933512821298;523.353634656738;544.0787986112341;1.7010051203283467;-2.33933512821298;68.26190912723541;91.30594205856325;61.311791837215424;91.7707484960556;False;True;False;False;0.16588485841457495;0.8334256451292755;0.20009403578261364;0.2286473615077332
68.22433550658654;78.73419939565012;61.6929867460829;91.4081353852122;68.22433550658654;92.24848463454768;61.6929867460829;91.4081353852122;68.22433550658654;92.24848463454768;523.2234242936403;544.4549180401148;1.7756644934134584;-2.248484634547665;68.23345398902893;91.30604577064514;61.39226645231247;91.64172291755676;False;True;False;False;0.16584503122941752;0.8351874975938047;0.20178154522900937;0.22856773665990363
68.30004705366932;78.9551037240097;61.9253203893078;90.92222334507925;68.30004705366932;92.0966150387112;61.9253203893078;90.92222334507925;68.30004705366932;92.0966150387112;523.2273655340401;544.5402502117377;1.6999529463306828;-2.0966150387112066;68.19209015369415;91.24479341506958;61.54602646827698;91.44686996936798;False;True;False;False;0.15993062201342156;0.838820309284827;0.1974353408882942;0.23395787233182322
68.08125913277706;79.07034215021842;61.942495428175725;90.83542567922528;68.08125913277706;92.31866684198992;61.942495428175725;90.83542567922528;68.08125913277706;92.31866684198992;522.5037132556546;545.2044864463662;1.918740867222937;-2.3186668419899235;68.26316058635712;91.07059860229492;61.7107555270195;91.21169447898863;False;True;False;False;0.1605540317038967;0.8432163875111119;0.19627706261077527;0.23663338829345126
68.32611122970631;78.89681864197117;61.97656606865024;90.57264964472265;68.32611122970631;92.19805052770576;61.97656606865024;90.57264964472265;68.32611122970631;92.19805052770576;522.4357903052909;544.9706143681375;1.6738887702936864;-2.1980505277057603;68.06841349601746;91.28167343139648;61.87898904085159;90.90023398399352;False;True;False;False;0.16219041343741628;0.8457716114884399;0.1928693100022953;0.23767144058406953
68.48966839299837;78.74423589772226;62.171116922958895;90.37696392757958;68.48966839299837;92.31178437702788;62.171116922958895;90.37696392757958;68.48966839299837;92.31178437702788;521.9152492029525;544.8666852109259;1.510331607001632;-2.3117843770278768;68.29487919807434;91.1614019870758;61.99452787637711;90.6276798248291;False;True;False;False;0.16144216851394244;0.8514536440308029;0.19168776622818953;0.236552394616777
68.37501010976152;78.81504173100325;62.04067906461916;90.40140303129496;68.37501010976152;92.03101559465932;62.04067906461916;90.40140303129496;68.37501010976152;92.03101559465932;522.1685488507526;545.2973793249998;1.6249898902384814;-2.0310155946593227;68.44593238830566;91.25660967826845;62.10199564695358;90.46791732311247;False;True;False;False;0.16156575955220762;0.8526037557353612;0.1909389979943;0.22547693181902184
68.63155697268651;78.76160935272266;61.91621165239279;90.4735604162281;68.63155697268651;91.84847223711674;61.91621165239279;90.4735604162281;68.63155697268651;91.84847223711674;522.2628334865499;545.0009509178483;1.368443027313489;-1.848472237116738;68.32683980464935;91.00023341178894;62.12769716978073;90.28765261173248;False;True;False;False;0.16163732265531158;0.85419839925674;0.18749883354189334;0.21763172396031288
68.6209771879026;78.7943262520855;61.708489782950345;90.2644475243793;68.6209771879026;91.87415900999169;61.708489782950345;90.2644475243793;68.6209771879026;91.87415900999169;521.9649969758511;545.2045695577245;1.3790228120974035;-1.8741590099916865;68.59267461299896;90.78942131996156;62.114807069301605;90.22787034511566;False;True;False;False;0.16074198741315582;0.8590141553454584;0.19100032187054863;0.21575148439616393
68.42308526331514;78.50228450178132;61.76514460583517;90.16032143882316;68.42308526331514;91.75212998206716;61.76514460583517;90.16032143882316;68.42308526331514;91.75212998206716;521.9591671637013;545.7842231151791;1.5769147366848555;-1.7521299820671743;68.55754387378693;90.82970309257507;62.04604893922806;90.2237856388092;False;True;False;False;0.1598428908564318;0.8617644947678739;0.1928683904602875;0.21559215345129076
68.27579129873567;78.25929260127022;61.6881287165009;90.08389647662378;68.27579129873567;91.6835056022415;61.6881287165009;90.08389647662378;68.27579129873567;91.6835056022415;521.8627985924104;546.2890663425627;1.724208701264331;-1.683505602241496;68.36975932121277;90.7268967628479;61.96451216936112;90.15517830848694;False;True;False;False;0.1599755493960903;0.8626870043424993;0.19442783177103112;0.21556523823489582
68.26957630337306;78.560843303894;61.91121548325882;89.98376815038823;68.26957630337306;91.53032808402794;61.91121548325882;89.98376815038823;68.26957630337306;91.53032808402794;521.9446862152053;546.5313908267898;1.7304236966269428;-1.5303280840279427;68.23385500907898;90.67605710029602;61.900048553943634;90.0210452079773;False;True;False;False;0.16000295371625592;0.8627164558306261;0.19429717857136602;0.21538703964594305
68.38794467348022;78.56049296271186;61.79891527886881;89.91153068760548;68.38794467348022;91.79551249375828;61.79891527886881;89.91153068760548;68.38794467348022;91.79551249375828;521.2102736512076;546.5253772461257;1.61205532651978;-1.795512493758281;68.23217833042145;90.520765542984;61.918816566467285;89.93756115436554;False;True;False;False;0.16018075363322992;0.8688391496610126;0.1940705142982153;0.2144649784544723
68.40233085965052;78.48094483181384;61.92594079785553;89.65670480840053;68.40233085965052;91.60261137466644;61.92594079785553;89.65670480840053;68.40233085965052;91.60261137466644;521.3566742235568;546.7115455839877;1.5976691403494812;-1.602611374666438;68.33801305294037;90.77467346191406;61.94232165813446;89.86702620983124;False;True;False;False;0.1598225507229858;0.8696648340509253;0.19280985557927052;0.2147599599827254
68.490934086883;78.37838593334118;62.06830181363904;89.68834243121857;68.490934086883;91.56072705822136;62.06830181363904;89.68834243121857;68.490934086883;91.56072705822136;521.2267613398246;546.7473616815694;1.5090659131169986;-1.5607270582213744;68.35790157318115;90.5577700138092;61.98686987161636;89.74789440631866;False;True;False;False;0.15753545290638626;0.8738374806531085;0.19284373930680201;0.21454017147089827
68.46679576038204;78.54000824815353;61.8327343713121;89.45457669906344;68.46679576038204;91.74758622559897;61.8327343713121;89.45457669906344;68.46679576038204;91.74758622559897;520.6449460639733;546.9968471229869;1.5332042396179588;-1.7475862255989512;68.46246063709259;90.5070824623108;62.07016706466675;89.63455855846405;False;True;False;False;0.15711250356726433;0.8808641240621528;0.1941660048927412;0.2145766043483838
68.30451787503775;78.14908228870618;62.12360275073905;89.39926454590807;68.30451787503775;91.79586253003102;62.12360275073905;89.39926454590807;68.30451787503775;91.79586253003102;520.3153819583627;547.5258301256246;1.695482124962254;-1.795862530031016;68.40336203575134;90.7035961151123;62.05717533826828;89.48665022850037;False;True;False;False;0.15728957550373102;0.8847965227836376;0.1914280127422226;0.21473103355363055
68.50492336271903;77.85719566646074;62.24831867944779;89.4331117251536;68.50492336271903;91.77307444378168;62.24831867944779;89.4331117251536;68.50492336271903;91.77307444378168;520.1215097935238;547.3510834335904;1.4950766372809738;-1.773074443781681;68.28730475902557;90.7623040676117;62.142429649829865;89.3946623802185;False;True;False;False;0.1586349583997975;0.8889577255839752;0.18260501654568453;0.21267335277094085
68.64065434089112;77.69372999281443;62.28437556482298;89.34283172624801;68.64065434089112;91.92481403207594;62.28437556482298;89.34283172624801;68.64065434089112;91.92481403207594;519.5816206910978;547.2789650288836;1.3593456591088824;-1.9248140320759437;68.48321688175201;90.7112500667572;62.22094386816025;89.29272830486298;False;True;False;False;0.1591879029626077;0.8947930528217849;0.1731334537578785;0.21268667565026728
68.43962362328493;77.50070595219373;62.63894772430432;89.29316179305034;68.43962362328493;91.78200799425204;62.63894772430432;89.29316179305034;68.43962362328493;91.78200799425204;519.6105908958021;547.8622725519772;1.5603763767150696;-1.7820079942520408;68.6268857717514;90.86147356033324;62.28379786014557;89.24707531929016;False;True;False;False;0.15868225692543078;0.8970380883485776;0.17550650492436826;0.21263347162876725
68.50953075948043;77.35387290191275;62.51640161894121;89.2976408886128;68.50953075948043;91.79035394759424;62.51640161894121;89.2976408886128;68.50953075948043;91.79035394759424;519.3562979232175;547.9305084631482;1.4904692405195732;-1.7903539475942267;68.39745390415192;90.71415400505066;62.46834725141525;89.22898590564728;False;True;False;False;0.15807304498086883;0.9008946327567904;0.17521243029510897;0.21267338582343073
68.38958063364971;77.28824991153829;62.79473862906812;88.97229891623695;68.38958063364971;91.95811483281474;62.79473862906812;88.97229891623695;68.38958063364971;91.95811483281474;518.7820622930973;548.3691379468788;1.6104193663502857;-1.9581148328147435;68.48575437068939;90.71131229400636;62.55516856908798;89.15064215660095;False;True;False;False;0.15669559409358763;0.90522028238864;0.17668050482480097;0.21262362655166872
68.44480196927834;77.38089175318723;62.72822989112024;88.84737649995529;68.44480196927834;92.18778077174494;62.72822989112024;88.84737649995529;68.44480196927834;92.18778077174494;518.0616484375282;548.4734178578016;1.5551980307216553;-2.18778077174494;68.38851046562195;90.8609688282013;62.69163578748703;89.05398607254028;False;True;False;False;0.15550238403405656;0.9125946126062294;0.17649108722294915;0.21299014804593236
68.37042037750194;77.63544384401158;62.6556365850409;88.74266248255105;68.37042037750194;92.04083450031771;62.6556365850409;88.74266248255105;68.37042037750194;92.04083450031771;518.0638368774834;548.8295407787839;1.6295796224980563;-2.040834500317714;68.43076276779175;91.06178998947144;62.784633338451385;88.93364787101746;False;True;False;False;0.15538933239888328;0.9146878577905992;0.1757466622478566;0.21318788618449067
68.50646118653273;77.79263659721921;62.88674168322067;88.7342918204664;68.50646118653273;92.08523541594067;62.88674168322067;88.7342918204664;68.50646118653273;92.08523541594067;517.7029237795284;548.7747364437221;1.4935388134672678;-2.085235415940687;68.34233093261719;90.95408844947816;62.79077678918839;88.72846186161041;False;True;False;False;0.1559014649267388;0.9155722141010305;0.17560276661144408;0.2130389299695418
68.48082683223971;77.4557360287609;62.98211765839061;88.61899980039746;68.48082683223971;92.26554968273253;62.98211765839061;88.61899980039746;68.48082683223971;92.26554968273253;517.0642638571527;549.0251436607704;1.519173167760286;-2.2655496827325123;68.47904419898987;91.008620262146;62.87500500679016;88.648020029068;False;True;False;False;0.15585489352004783;0.9219692373713465;0.1757054204740876;0.21304670857119154
68.3648107166574;77.3321320956465;63.02188390868696;88.56934269456771;68.3648107166574;91.97831767782222;63.02188390868696;88.56934269456771;68.3648107166574;91.97831767782222;517.3366545759422;549.459732314303;1.6351892833425978;-1.9783176778222185;68.48175799846649;91.16281938552856;62.92209714651108;88.57280373573303;False;True;False;False;0.15625287322545073;0.9226759702065597;0.1755930006540861;0.21293188207537525
68.2929528437499;77.30553896874237;63.16128175088413;88.38618105531363;68.2929528437499;92.38528203275214;63.16128175088413;88.38618105531363;68.2929528437499;92.38528203275214;516.2589501757061;549.821473297897;1.7070471562500984;-2.385282032752144;68.37117671966553;90.90597987174988;62.99971967935562;88.51860105991364;False;True;False;False;0.1560286548216616;0.9312613864603986;0.17626727526763253;0.21308729416400132
68.3255150302039;77.37070362555369;63.204991928475074;88.36658568857128;68.3255150302039;92.0110679511791;63.204991928475074;88.36658568857128;68.3255150302039;92.0110679511791;516.6893407344852;549.983955212489;1.6744849697960973;-2.0110679511791005;68.29461991786957;91.26379346847534;63.11908096075058;88.40889096260071;False;True;False;False;0.15601750768862427;0.9307294950012541;0.1764446340850171;0.21262298538157573
68.25420570020016;77.45124278269537;63.17314531363968;88.42579015793623;68.25420570020016;92.12368940694284;63.17314531363968;88.42579015793623;68.25420570020016;92.12368940694284;516.1959554294672;550.349838535136;1.74579429979984;-2.1236894069428445;68.31401407718658;90.90269565582275;63.19936215877533;88.3085697889328;False;True;False;False;0.15577566439458837;0.9350465235439182;0.17442169588534057;0.21167047120455035
68.18213120269505;77.56316913545879;63.26872838315142;88.22788836764781;68.18213120269505;92.11521121925492;63.26872838315142;88.22788836764781;68.18213120269505;92.11521121925492;515.9297532172507;550.7267601034529;1.8178687973049532;-2.115211219254917;68.27022337913513;91.011572599411;63.25288623571396;88.21060240268707;False;True;False;False;0.15595341616453498;0.9386714298265904;0.17315108328678833;0.21106962506194882
68.39665867008657;77.7349666924804;63.42276729120604;88.36083640306398;68.39665867008657;92.04038546142708;63.42276729120604;88.36083640306398;68.39665867008657;92.04038546142708;515.797376570339;550.5400876749771;1.6033413299134338;-2.0403854614270784;68.16340684890747;91.00485897064208;63.30980658531189;88.1915295124054;False;True;False;False;0.15448314292076476;0.9422818967256961;0.17314424763819974;0.21138867070497033
68.5424937660947;77.50225945636211;63.587317008516685;88.40173374332444;68.5424937660947;92.14725931018371;63.587317008516685;88.40173374332444;68.5424937660947;92.14725931018371;515.3115774779687;550.4621963269493;1.4575062339053062;-2.147259310183728;68.41065990924835;90.96119618415833;63.3769616484642;88.16655576229095;False;True;False;False;0.15498528656232027;0.947584401362613;0.17395219890851135;0.2116705537634475
68.3407431155924;77.52707141826367;63.86082234136693;88.24514713893046;68.3407431155924;91.98984849301016;63.86082234136693;88.24514713893046;68.3407431155924;91.98984849301016;515.3400978709581;551.0600317924745;1.659256884407597;-1.9898484930101572;68.5387270450592;91.06748032569884;63.467107117176056;88.13674330711365;False;True;False;False;0.15249004238317002;0.9478637398749806;0.17710293980308026;0.2115807962410659
68.31545089224332;77.71477375111965;64.19338239393628;88.329017694857;68.31545089224332;91.96803833301897;64.19338239393628;88.329017694857;68.31545089224332;91.96803833301897;515.1184050585391;551.3318504904271;1.6845491077566803;-1.968038333018967;68.36312174797058;90.91523790359496;63.63021343946457;88.18194389343262;False;True;False;False;0.152475738844464;0.9511181354173932;0.18417441226143186;0.21126350167783525
68.25105095424351;77.8031194437794;64.29943942471284;88.29319582003797;68.25105095424351;91.87502947379804;64.29943942471284;88.29319582003797;68.25105095424351;91.87502947379804;515.0420176659118;551.6852569141276;1.7489490457564898;-1.875029473798051;68.33402013778687;90.92522883415222;63.85443300008774;88.15504908561707;False;True;False;False;0.15252426447675804;0.953572082587937;0.18864554057015304;0.21164583537008713
68.02656512197468;77.64879603428756;64.2492029718097;88.1988237752865;68.02656512197468;92.09379779505974;64.2492029718097;88.1988237752865;68.02656512197468;92.09379779505974;514.3544770935487;552.3674217847662;1.973434878025316;-2.093797795059743;68.27875888347626;90.8227059841156;64.06270056962967;88.10136437416077;False;True;False;False;0.15215533145585028;0.9576401259463989;0.18942425405986155;0.21158561680545815
68.2142476412161;77.86690625052263;64.35553228330687;88.08300106339566;68.2142476412161;92.02821573797812;64.35553228330687;88.08300106339566;68.2142476412161;92.02821573797812;514.2064681683706;552.2551813966867;1.7857523587838957;-2.0282157379781296;68.06892168521881;91.0331723690033;64.21626061201096;88.0893462896347;False;True;False;False;0.15168103958044157;0.9599822815128983;0.18986841509575336;0.209068043685435
68.01963156173554;77.80926540592294;64.30370199486141;87.88136802569429;68.01963156173554;92.00853231164568;64.30370199486141;87.88136802569429;68.01963156173554;92.00853231164568;513.9754062559718;552.8825138701524;1.9803684382644635;-2.0085323116456664;68.23602950572968;90.97604775428772;64.32702630758286;88.00851106643677;False;True;False;False;0.15153726154848668;0.9622133116220803;0.18917346708337543;0.2092993506484572
67.94895123908347;77.48874983090187;64.34715622155407;87.70353770553325;67.94895123908347;91.8071311291506;64.34715622155407;87.70353770553325;67.94895123908347;91.8071311291506;514.1104043127425;553.2879236405585;2.051048760916529;-1.807131129150605;68.07575631141663;90.91823863983154;64.355888068676;87.89017260074615;False;True;False;False;0.1503827006467438;0.9636373309135864;0.1884771479992315;0.20937008810620938
67.89704490528047;77.45303144705362;64.42721063582947;87.45686130465117;67.89704490528047;91.8609203280702;64.42721063582947;87.45686130465117;67.89704490528047;91.8609203280702;513.7618750976832;553.6652094762867;2.102955094719533;-1.860920328070208;68.01042807102203;90.75913739204408;64.37478065490723;87.75649845600128;False;True;False;False;0.15033404794646066;0.9682154996017966;0.18829868368182642;0.2063963489715214
68.22265514020539;77.4811087046019;64.63692414377904;87.17180019757532;68.22265514020539;91.6707537143675;64.63692414377904;87.17180019757532;68.22265514020539;91.6707537143675;513.8940856146792;553.2943830190661;1.77734485979461;-1.6707537143675069;67.97139775753021;90.8016939163208;64.41889941692352;87.55774438381195;False;True;False;False;0.15027323665354342;0.9688517698306988;0.18876333532388603;0.20937155871071442
68.57557419894474;77.35070385003151;64.64879660488621;87.11181344309506;68.57557419894474;91.62167874698966;64.64879660488621;87.11181344309506;68.57557419894474;91.62167874698966;513.7694683875192;552.8255242162267;1.4244258010552642;-1.6216787469896587;68.27910459041595;90.57906556129456;64.49037849903107;87.36127853393555;False;True;False;False;0.15271345710432743;0.9714925083828644;0.18931940643590933;0.20860893068091424
68.60944114521291;77.02024202108156;64.76707520220612;86.96296490406993;68.60944114521291;91.4823229855528;64.76707520220612;86.96296490406993;68.60944114521291;91.4823229855528;513.8319560774609;552.947713763831;1.3905588547870875;-1.4823229855528126;68.60591864585876;90.51805520057678;64.56481784582138;87.15475499629974;False;True;False;False;0.15174881535792675;0.9723726640947661;0.190295156882784;0.20912985731560604
68.54887445314226;76.70106566920265;64.67814445045308;86.99233970603545;68.54887445314226;91.6341083038414;64.67814445045308;86.99233970603545;68.54887445314226;91.6341083038414;513.3307423761433;553.2542549952772;1.4511255468577389;-1.634108303841387;68.64290583133698;90.40942025184631;64.65837925672531;86.99878215789795;False;True;False;False;0.15125556234439066;0.9778666858532693;0.19004687772365408;0.20709654245083955
68.63585578322645;76.71785032515795;64.56316155032273;86.82164158026181;68.63585578322645;91.51614582511354;64.56316155032273;86.82164158026181;68.63585578322645;91.51614582511354;513.3487862264202;553.2737757413565;1.3641442167735534;-1.51614582511354;68.56696784496307;90.56659245491028;64.71384733915329;86.91145598888397;False;True;False;False;0.1513942245113616;0.9797861309002079;0.19058279614671292;0.20639739016465566
68.92405456620834;76.6995357039961;64.69956821437898;86.75111522917437;68.92405456620834;91.35107819138956;64.69956821437898;86.75111522917437;68.92405456620834;91.35107819138956;513.4767687171864;552.8792640709626;1.0759454337916594;-1.351078191389547;68.64588236808777;90.45193529129028;64.69388604164124;86.81076109409332;False;True;False;False;0.1535750222861871;0.9780507809081921;0.19029042276068264;0.205641508276703
68.78759551247484;76.41969183702804;65.00972396302377;86.69624669815889;68.78759551247484;91.35088815308288;65.00972396302377;86.69624669815889;68.78759551247484;91.35088815308288;513.2970050349477;553.2956415696018;1.2124044875251627;-1.3508881530828916;68.94898092746735;90.28892064094543;64.69362378120422;86.74624502658844;False;True;False;False;0.1537365123611632;0.9822124004077629;0.1912006201282155;0.20465329333480717
69.01346779859952;76.34123193544005;64.95236524132487;86.63269911288093;69.01346779859952;91.34114649672716;64.95236524132487;86.63269911288093;69.01346779859952;91.34114649672716;513.1363699272481;553.0055509290224;0.9865322014004788;-1.3411464967271485;68.81646454334259;90.29611825942992;64.76380795240402;86.65784358978271;False;True;False;False;0.15381629872076105;0.9842958359154783;0.18955405859266874;0.2041916834534946
69.1182441158965;76.3067195532569;64.79704036179312;86.72469981615083;69.1182441158965;91.41478515852668;64.79704036179312;86.72469981615083;69.1182441158965;91.41478515852668;512.8102730707521;552.9275359212819;0.881755884103498;-1.4147851585266693;69.0262360572815;90.28865790367126;64.82708483934402;86.59513056278229;False;True;False;False;0.1540483343392564;0.9871921274825508;0.1883005795182857;0.20306420148913648
68.91609498927004;76.3692060844594;65.00563392609908;86.62357890239534;68.91609498927004;91.32614345166996;65.00563392609908;86.62357890239534;68.91609498927004;91.32614345166996;512.7989184633286;553.4494016257486;1.083905010729964;-1.3261434516699635;69.1146229505539;90.34022355079652;64.87301975488663;86.56678020954132;False;True;False;False;0.15411676834789687;0.9865794105189668;0.18828317681813372;0.20141623148923624
69.16841496644604;76.57224933009816;64.97848638224558;86.46096168773191;69.16841496644604;91.38419939565016;64.97848638224558;86.46096168773191;69.16841496644604;91.38419939565016;512.5059874484789;553.0892823394939;0.8315850335539636;-1.384199395650171;68.9115788936615;90.2380394935608;64.93983387947083;86.53902649879456;False;True;False;False;0.155524458721559;0.9894706591119032;0.18829568816768832;0.20102636398527282
69.37373438881474;76.48715922340475;64.87388989995154;86.30101795345989;69.37373438881474;91.65510372400976;64.87388989995154;86.30101795345989;69.37373438881474;91.65510372400976;511.7796188723397;552.7895214992304;0.6262656111852607;-1.6551037240097486;69.15882158279419;90.27758836746216;64.93840783834457;86.49391770362854;False;True;False;False;0.15672582236945967;0.9936739993281964;0.18813414806807244;0.20168375510909436
69.44305149050166;76.30998941404293;64.93323756988943;86.53990258897052;69.44305149050166;91.82034215021848;64.93323756988943;86.53990258897052;69.44305149050166;91.82034215021848;511.2284615233877;552.734389377348;0.5569485094983406;-1.8203421502184651;69.35551500320435;90.5243124961853;64.91776466369629;86.35213315486908;False;True;False;False;0.15470598183465575;0.999494674502427;0.18813594110368703;0.19756953316428313
69.47141026191682;76.1949157987829;65.20311324042964;86.50299107439568;69.47141026191682;91.69681864197122;65.20311324042964;86.50299107439568;69.47141026191682;91.69681864197122;511.2327962531864;552.7519316357841;0.5285897380831841;-1.6968186419712197;69.39212882518768;90.69363975524902;64.93760138750076;86.27001941204071;False;True;False;False;0.1541469513207643;1.0008950260163358;0.18978218338800543;0.19826722612588274
69.47639326720179;76.15361224694422;64.93971638568439;86.33982205524039;69.47639326720179;91.59423589772231;64.93971638568439;86.33982205524039;69.47639326720179;91.59423589772231;511.211719256088;552.8124442569585;0.5236067327982141;-1.5942358977223137;69.45142447948456;90.59097862243652;64.98683422803879;86.26399397850037;False;True;False;False;0.15414987032347963;1.0031404208731909;0.18846313607550377;0.1975769203831145
69.38900896378705;76.19563551954349;64.97129749952862;86.23602144949085;69.38900896378705;91.7150417310033;64.97129749952862;86.23602144949085;69.38900896378705;91.7150417310033;510.757542803163;553.0570270948277;0.6109910362129511;-1.7150417310032964;69.44788789749146;90.47502851486206;64.97367531061172;86.32956564426422;False;True;False;False;0.15421018845021595;1.007882372149747;0.18772643482693419;0.19187542944637162
69.07086555792576;76.06696767737738;64.93528363111118;85.83796011048996;69.07086555792576;91.7116093527227;64.93528363111118;85.83796011048996;69.07086555792576;91.7116093527227;510.53573532892375;553.7747793780454;0.9291344420742432;-1.7116093527227036;69.36100482940674;90.57723331451416;64.9956527352333;86.22942805290222;False;True;False;False;0.1539846715113406;1.0100835713342966;0.18664323098537694;0.19430036852630986
69.05137318152859;76.01223257979383;64.87347631968747;85.74728256554147;69.05137318152859;91.79432625208554;64.87347631968747;85.74728256554147;69.05137318152859;91.79432625208554;510.1420869498351;553.9376487231164;0.9486268184714106;-1.79432625208554;69.07349765300751;90.56620526313782;65.00007182359695;86.03984653949738;False;True;False;False;0.153996198434374;1.0141759982715775;0.18586973091016892;0.19416899723067227
68.87042162750895;76.0078946358395;65.03242283193529;85.60969967322211;68.87042162750895;91.55228450178136;65.03242283193529;85.60969967322211;68.87042162750895;91.55228450178136;510.3869269501653;554.4260354069519;1.1295783724910535;-1.5522845017813722;69.03511726856232;90.66433763504028;64.94003385305405;85.86008012294769;False;True;False;False;0.15329636935198454;1.0152220395032958;0.18565163733875278;0.19531002330517963
68.86847925551919;75.90825082201418;65.19880482938814;85.652612356588;68.86847925551919;91.35929260127028;65.19880482938814;85.652612356588;68.86847925551919;91.35929260127028;510.5659394842834;554.5805306005968;1.1315207444808095;-1.359292601270269;68.87008023262024;90.4072768688202;64.97528165578842;85.6454986333847;False;True;False;False;0.15317483854040218;1.017062377247304;0.18678558098671214;0.19527211337066716
68.80650036414666;75.9482192133536;65.44337653795361;85.51570376404543;68.80650036414666;91.71084330389404;65.44337653795361;85.51570376404543;68.80650036414666;91.71084330389404;509.68159906553313;554.8553578159393;1.1934996358533425;-1.7108433038940518;68.89180791378021;90.25555300712584;65.04066973924637;85.57103633880615;False;True;False;False;0.15306090525053576;1.0227856273037945;0.19065537855468045;0.18934184489184058
68.90526642835871;75.74574515578651;65.22194205321668;85.44379591203787;68.90526642835871;91.76049296271192;65.22194205321668;85.44379591203787;68.90526642835871;91.76049296271192;509.3541873073782;554.8169589722957;1.0947335716412852;-1.7604929627119077;68.8191887140274;90.56852841377258;65.1711967587471;85.5017602443695;False;True;False;False;0.15319660155904768;1.0256168554109022;0.19064870885160054;0.18936959673299275
68.81876594583491;75.56254122738184;64.99819765093271;85.3242003602178;68.81876594583491;91.7309448318139;64.99819765093271;85.3242003602178;68.81876594583491;91.7309448318139;509.178551174146;555.1359244135621;1.1812340541650883;-1.7309448318139005;68.9232188463211;90.60909366607666;65.24350851774216;85.43256282806396;False;True;False;False;0.15341824756026085;1.0276112820870835;0.1913868572047181;0.18888965886389947
69.00023968581954;75.58328991617442;65.01273093740531;85.38636942055099;69.00023968581954;91.67838593334125;65.01273093740531;85.38636942055099;69.00023968581954;91.67838593334125;509.0528763268495;554.9304748074815;0.9997603141804632;-1.6783859333412323;68.83531248569489;90.5529854297638;65.23072332143784;85.32230854034424;False;True;False;False;0.152623485580692;1.0311867071452379;0.19126214751356138;0.18308389100884717
68.99313089440983;75.4285293969345;64.87519293843012;85.24658150858116;68.99313089440983;91.89000824815358;64.87519293843012;85.24658150858116;68.99313089440983;91.89000824815358;508.40584690611263;555.077993765525;1.0068691055901695;-1.8900082481535776;68.99914991855621;90.50050711631776;65.17766147851944;85.24278461933136;False;True;False;False;0.15229285264562506;1.0360268375856985;0.1900839011267141;0.18101520924701323
68.9990609396053;75.4443521827061;64.95626997460026;85.17087200489219;68.9990609396053;91.54908228870624;64.95626997460026;85.17087200489219;68.9990609396053;91.54908228870624;508.8356977252535;555.2003828892127;1.0009390603946997;-1.549082288706245;68.97595298290253;90.7008581161499;65.05712985992432;85.19802987575531;False;True;False;False;0.14787492490335769;1.0346560881037514;0.19030509370332793;0.17901385690823207
69.04513829592817;75.45650528630229;64.56952763344297;85.12214763616349;69.04513829592817;91.3071956664608;64.56952763344297;85.12214763616349;69.04513829592817;91.3071956664608;509.1129266645836;555.2416867179529;0.9548617040718312;-1.3071956664607995;69.00277292728424;90.38698387145996;65.00498592853546;85.16402125358582;False;True;False;False;0.1478848134763557;1.0356632888699138;0.19439982294217675;0.17814352373039843
69.08327597155294;75.48973482180396;64.5513423149574;84.70947669912452;69.08327597155294;91.19372999281448;64.5513423149574;84.70947669912452;69.08327597155294;91.19372999281448;509.16556525634815;555.2927262605796;0.9167240284470636;-1.1937299928144824;69.0267995595932;90.17035007476808;64.90168482065201;85.06803393363953;False;True;False;False;0.14739098860595307;1.0379975497661529;0.19681244967517528;0.181251327114747
69.04698335299535;75.52949305035676;64.81344182815677;84.86469951767579;69.04698335299535;91.05070595219378;64.81344182815677;84.86469951767579;69.04698335299535;91.05070595219378;509.2924493385476;555.4875413681543;0.9530166470046452;-1.0507059521937805;69.06736826896667;90.04682898521423;64.79974091053009;84.93860185146332;False;True;False;False;0.14738596898940706;1.0390602550205816;0.1967169649825606;0.18117564767436767
69.18428803097665;75.46768803514512;64.957738297941;84.87191448006963;69.18428803097665;90.9538729019128;64.957738297941;84.87191448006963;69.18428803097665;90.9538729019128;509.3460213121504;555.340000898459;0.8157119690233543;-0.9538729019128028;69.03660035133362;89.9053726196289;64.79436784982681;84.83070135116577;False;True;False;False;0.14543124784019723;1.0404517674570715;0.1966926509334872;0.18109632136919177
69.41750399599329;75.30691899331552;64.96372979832583;85.07339947350357;69.41750399599329;90.93824991153836;64.96372979832583;85.07339947350357;69.41750399599329;90.93824991153836;509.2500842393109;554.9823305642956;0.582496004006714;-0.9382499115383496;69.19250726699829;89.85225129127502;64.81219500303268;84.73251104354858;False;True;False;False;0.14616684864188015;1.0438580435780607;0.19667748043429517;0.18142480518843504
69.23734809568684;75.23090199829473;65.32729022992027;84.9489491341722;69.23734809568684;91.08089175318727;65.32729022992027;84.9489491341722;69.23734809568684;91.08089175318727;508.839700567808;555.4203084987761;0.7626519043131594;-1.080891753187288;69.40599513053894;89.80692219734192;64.89383667707443;84.84262764453888;False;True;False;False;0.14556547788381483;1.0432594295012523;0.20096864210943927;0.18144318508402524
69.38521562385512;75.21719419323145;65.2832175970141;84.9321053384017;69.38521562385512;91.38544384401165;65.2832175970141;84.9321053384017;69.38521562385512;91.38544384401165;508.0864774857343;555.2262603630146;0.6147843761448826;-1.3854438440116326;69.2491409778595;89.96598887443542;65.0726392865181;84.87570524215698;False;True;False;False;0.1459626144892807;1.047890475688896;0.2019554210397723;0.18151905489871784
69.43226253781161;75.2930786472447;65.04347061720215;84.77076894324883;69.43226253781161;91.59263659721928;65.04347061720215;84.77076894324883;69.43226253781161;91.59263659721928;507.4873661334508;555.2141377852543;0.5677374621883899;-1.5926365972192684;69.36537110805511;90.22198486328124;65.17564862966537;84.89892840385437;False;True;False;False;0.146100940875883;1.0525181581417726;0.2013748264564229;0.18192702840646485
69.50472078178426;75.05620449974698;65.16686489003254;84.51364507878007;69.50472078178426;91.30573602876096;65.16686489003254;84.51364507878007;69.50472078178426;91.30573602876096;507.8488157240715;555.1449196256008;0.4952792182157424;-1.3057360287609612;69.39515376091003;90.41773796081544;65.18393605947495;84.79384064674377;False;True;False;False;0.1464694362448957;1.0527487048128388;0.2013813959018532;0.18387812105024112
69.43901537119686;75.17589751609948;65.10593416711949;84.61123696274427;69.43901537119686;91.23213209564656;65.10593416711949;84.61123696274427;69.43901537119686;91.23213209564656;507.8219254531322;555.3423676758711;0.5609846288031406;-1.232132095646563;69.45673453807831;90.14577722549438;65.22216707468033;84.6757185459137;False;True;False;False;0.14501808892466453;1.053493668148968;0.20075538549808009;0.18398061970522878
69.31430407700981;75.40166449805488;65.32906121051629;84.49686001746504;69.31430407700981;91.25553896874244;65.32906121051629;84.49686001746504;69.31430407700981;91.25553896874244;507.610827427521;555.6665882147522;0.6856959229901918;-1.255538968742428;69.40670037269592;90.09923815727234;65.17646163702011;84.54956471920013;False;True;False;False;0.14478838567515984;1.0562608806574052;0.20124882924380955;0.18388397303221998
69.31193135340462;75.63964096260155;65.39247640062396;84.18436982484766;69.31193135340462;91.37070362555374;65.39247640062396;84.18436982484766;69.31193135340462;91.37070362555374;507.213092918066;555.7627597850279;0.6880686465953829;-1.3707036255537446;69.28261923789978;90.1004273891449;65.20209103822708;84.4507384300232;False;True;False;False;0.14481530174062754;1.0609905841325291;0.20169138163452902;0.1850790116146616
69.42929176801802;75.73501750121162;65.50236930511397;84.1908172349823;69.42929176801802;91.50124278269544;65.50236930511397;84.1908172349823;69.42929176801802;91.50124278269544;506.7692541203755;555.6197814420138;0.5707082319819818;-1.5012427826954422;69.28695094585419;90.18914270401;65.28326064348221;84.39205765724182;False;True;False;False;0.14517830225066872;1.0649555240907964;0.2019426633276672;0.17719323364649747
69.4895674949571;75.61515914226345;65.41978436960486;84.04165775632768;69.4895674949571;91.66316913545886;65.41978436960486;84.04165775632768;69.4895674949571;91.66316913545886;506.2452357104893;555.5753244190666;0.5104325050428997;-1.6631691354588582;69.3942722082138;90.29366374015808;65.36134541034698;84.23096418380737;False;True;False;False;0.14508202196207884;1.0698283402304902;0.20201106038049466;0.17250748319242656
69.4431332947859;75.81338919777112;65.12184753160423;83.76037950835104;69.4431332947859;91.88496669248046;65.12184753160423;83.76037950835104;69.4431332947859;91.88496669248046;505.5798847117183;555.7362504867481;0.5568667052141052;-1.884966692480461;69.45084714889526;90.4395866394043;65.4207769036293;84.05427277088165;False;True;False;False;0.14506586203965527;1.0752268229150554;0.20182694755515249;0.17357034677023667
69.50434764252235;75.95309691220915;64.94163860605727;83.7513362885894;69.50434764252235;91.7022594563622;64.94163860605727;83.7513362885894;69.50434764252235;91.7022594563622;505.69397029162405;555.6880706853037;0.4956523574776525;-1.7022594563621851;69.38341009616852;90.62958717346191;65.3626599907875;83.93468856811523;False;True;False;False;0.14450605332031044;1.0776208809759218;0.20370985178206552;0.17433772105065037
69.71613467593454;75.67312264968653;65.30799436490521;83.78724576820002;69.71613467593454;91.77707141826374;65.30799436490521;83.78724576820002;69.71613467593454;91.77707141826374;505.317378440306;555.3305835994763;0.2838653240654594;-1.7770714182637448;69.43955290317535;90.47023701667786;65.24951428174973;83.77794206142426;False;True;False;False;0.14386116043555972;1.0838012976267841;0.2029224684726269;0.17414507872808566
69.88389810487502;75.59816467207823;65.4816414358578;83.8341843449698;69.88389810487502;92.01477375111972;65.4816414358578;83.8341843449698;69.88389810487502;92.01477375111972;504.6050309188255;555.0329054514708;0.1161018951249843;-2.0147737511197192;69.63902926445007;90.52710580825806;65.21365344524384;83.67006123065948;False;True;False;False;0.1451208415689728;1.0878657429449528;0.20341862626266538;0.1744890769340731
69.56443759381852;75.32639537146068;65.83556415283039;83.64474296755148;69.56443759381852;92.15311944377946;65.83556415283039;83.64474296755148;69.56443759381852;92.15311944377946;504.0597030333567;555.6873067262671;0.4355624061814751;-2.15311944377946;69.81361126899719;90.73439168930054;65.24639993906021;83.67672920227051;False;True;False;False;0.14667903673390673;1.0924139602499718;0.21094043138269308;0.1745064562365262
69.75639569068895;75.33178631456995;65.83478536341886;83.42497922613254;69.75639569068895;92.04879603428762;65.83478536341886;83.42497922613254;69.75639569068895;92.04879603428762;503.9812672598365;555.3614655200172;0.2436043093110527;-2.0487960342876192;69.52668833732605;90.89436411857604;65.42560249567032;83.64760518074036;False;True;False;False;0.14825746856714106;1.0946099529664952;0.21354023225784452;0.1757393193377934
69.60870753000269;75.41833063250296;66.00638100465831;83.29132854994141;69.60870753000269;92.3169062505227;66.00638100465831;83.29132854994141;69.60870753000269;92.3169062505227;503.1718740227946;555.6893224159645;0.3912924699973104;-2.316906250522706;69.72118997573853;90.7758972644806;65.62323212623596;83.54941487312317;False;True;False;False;0.14766828468207197;1.0990050000203797;0.2135805378772726;0.17301173936459294
69.61095922410783;75.35653878439547;65.83202345804833;83.42260073266847;69.61095922410783;92.309265405923;65.83202345804833;83.42260073266847;69.61095922410783;92.309265405923;502.8782348785909;555.7369913570872;0.3890407758921697;-2.309265405923014;69.57715463638306;91.03319311141968;65.78098833560944;83.37555587291718;False;True;False;False;0.14710390782605157;1.09909585590311;0.21363143753584174;0.17154198470312623
69.75926398949802;75.43891240685306;65.69699083290199;83.26746612544727;69.75926398949802;92.03874983090192;65.69699083290199;83.26746612544727;69.75926398949802;92.03874983090192;503.11136397451;555.492253929759;0.2407360105019762;-2.038749830901935;69.57274341583252;91.03907012939452;65.84850072860718;83.2531064748764;False;True;False;False;0.14817361573765014;1.0992791309355368;0.21409585925468408;0.16939451462696137
69.92734618911652;75.44503459930279;65.81840842057849;83.19248365758884;69.92734618911652;92.05303144705368;65.81840842057849;83.19248365758884;69.92734618911652;92.05303144705368;502.8109674314196;555.1881876652557;0.0726538108834802;-2.053031447053684;69.71156203746796;90.76784229278564;65.81319719552994;83.19853663444519;False;True;False;False;0.1493634684328705;1.1006097055835888;0.2137718929243261;0.16829470679441227
69.99082457380206;75.42336099742892;65.59806196842564;83.07357238218894;69.99082457380206;92.13110870460196;65.59806196842564;83.07357238218894;69.99082457380206;92.13110870460196;502.3810753900492;555.0709180706691;0.0091754261979417;-2.1311087046019708;69.87090873718262;90.76347255706789;65.80005794763565;83.20082485675812;False;True;False;False;0.14797889140327358;1.1041761782082997;0.21436154915539185;0.16767804189698915
70.04008237613404;75.3090505535506;65.69864413426595;82.84459163233738;70.04008237613404;92.05070385003158;65.69864413426595;82.84459163233738;70.04008237613404;92.05070385003158;502.2577372719097;554.9736258561649;-0.0400823761340376;-2.050703850031581;69.91790068149567;90.8014657497406;65.70806354284286;83.08155536651611;False;True;False;False;0.1482751703780203;1.105838859348633;0.21435108517299334;0.16863517520299653
70.09832467740256;75.17494587285255;65.6394056461694;82.84905666006686;70.09832467740256;91.77024202108164;65.6394056461694;82.84905666006686;70.09832467740256;91.77024202108164;502.5452337498054;554.8517969368099;-0.0983246774025587;-1.7702420210816283;69.96636879444122;90.73977780342102;65.67719876766205;82.96250879764557;False;True;False;False;0.14862486757768198;1.106865554372882;0.2143769612942082;0.16849373866664194
69.94443867384376;74.73830576415038;65.50675020285782;82.76831610669659;69.94443867384376;91.50106566920272;65.50675020285782;82.76831610669659;69.94443867384376;91.50106566920272;502.84755418408565;555.1464589869405;0.0555613261562371;-1.501065669202717;70.01616442203522;90.47847867012024;65.65482467412949;82.82700538635254;False;True;False;False;0.1485551258071706;1.1064416641133255;0.2147997382555321;0.1680346226507495
69.80635131464997;74.78005166969793;65.813146828146;82.8530912464801;69.80635131464997;91.56785032515803;65.813146828146;82.8530912464801;69.80635131464997;91.56785032515803;502.513842782948;555.4300418821489;0.193648685350027;-1.5678503251580338;69.87774336338043;90.21808528900146;65.5937048792839;82.72946417331696;False;True;False;False;0.14722450710904347;1.1091742892337235;0.21524712767603577;0.16806888983823356
69.65502171815844;74.87892997471276;65.83764084007409;82.64314015836487;69.65502171815844;91.59953570399618;65.83764084007409;82.64314015836487;69.65502171815844;91.59953570399618;502.2414253152506;555.7585208998453;0.3449782818415627;-1.5995357039961815;69.74747407436371;90.33273553848268;65.64783215522766;82.72324860095978;False;True;False;False;0.1453123902997788;1.1124967055937833;0.21224209201727326;0.16733890447014746
69.58132603407371;74.7856130237632;66.00468661634304;82.61562494969034;69.58132603407371;91.36969183702811;66.00468661634304;82.61562494969034;69.58132603407371;91.36969183702811;502.4878416219873;555.9519093722603;0.4186739659262883;-1.369691837028114;69.62012946605682;90.3240168094635;65.69023311138153;82.67217993736267;False;True;False;False;0.14512940926686285;1.11296303693201;0.2134296689302244;0.16700040842548416
69.70847331584051;74.8945124475663;65.78012630191228;82.3224700656389;69.70847331584051;91.34123193544012;65.78012630191228;82.3224700656389;69.70847331584051;91.34123193544012;502.3621358468928;555.7534380041835;0.2915266841594928;-1.3412319354401347;69.55531632900238;90.12332701683044;65.78730553388596;82.62455999851227;False;True;False;False;0.14586000118243161;1.116017001401897;0.21229510859187553;0.1690926572438986
69.7795589422644;74.93306284036146;65.81244720776876;82.41325827398236;69.7795589422644;91.35671955325698;65.81244720776876;82.41325827398236;69.7795589422644;91.35671955325698;502.1523296865338;605.6501369758903;25.2204410577356;-1.3567195532569798;69.6460782289505;90.0987265110016;65.8371153473854;82.48314917087555;False;True;False;False;0.14640359552861984;1.1174679072662743;0.21222338701457652;0.16922376355943744
69.83554303245194;75.31403214313141;66.31667167968679;82.33264197145233;69.83554303245194;91.46920608445949;66.31667167968679;82.33264197145233;69.83554303245194;91.46920608445949;501.7464606836945;608.9008942698799;25.164456967548062;-1.4692060844594863;69.71331131458282;90.43577003479004;66.35023444890976;82.36639738082886;False;True;False;False;0.14609608089786164;1.1159445482623247;0.21214459225728732;0.16839756184692675
69.80098470878049;75.2682824156501;66.64857673390505;82.26408232499902;69.80098470878049;91.72224933009824;66.64857673390505;82.26408232499902;69.80098470878049;91.72224933009824;501.0444800478225;612.3252718462293;25.19901529121951;-1.7222493300982364;69.77882623672485;90.56597018241882;66.86172753572464;82.26283073425293;False;True;False;False;0.14592942982477042;1.1179571561014439;0.21141660062909792;0.16836325723753323
69.58904500011445;75.52794019260304;66.98589694302801;82.16489332771616;69.58904500011445;91.68715922340482;66.98589694302801;82.16489332771616;69.58904500011445;91.68715922340482;500.8850270171962;616.1090199690573;25.410954999885547;-1.6871592234048194;69.75795245170593;90.79948830604552;67.30608195066452;82.27362275123596;False;True;False;False;0.14644954998155285;1.1182862103030284;0.21180663056256288;0.16640534507359145
69.75830424622129;75.9569941660036;67.68383425155476;81.99980548958924;69.75830424622129;91.55998941404302;67.68383425155476;81.99980548958924;69.75830424622129;91.55998941404302;500.9144120727992;619.1586288101616;25.241695753778718;-1.5599894140430166;69.58180785179138;90.82684755325316;67.76741772890091;82.17751741409302;False;True;False;False;0.14518677225842172;1.1175783463528743;0.21142804567266316;0.16722739010520712
69.73590873315771;76.40646833830537;68.10376410542321;82.31469283149198;69.73590873315771;91.49491579878298;68.10376410542321;82.31469283149198;69.73590873315771;91.49491579878298;500.83656071478015;622.568979270126;25.26409126684229;-1.4949157987829835;69.76467990875244;90.6897678375244;68.27716022729874;82.06487655639648;False;True;False;False;0.14501794990316286;1.1170055763987257;0.21169822143961092;0.16866824848979306
69.88725920050858;76.66498550621938;68.60355892059665;82.37366173324513;69.88725920050858;91.5036122469443;68.60355892059665;82.37366173324513;69.88725920050858;91.5036122469443;500.61984571195313;625.6348238376698;25.11274079949142;-1.5036122469443;69.74619495868683;90.68539118766785;68.76546293497086;82.03320860862732;False;True;False;False;0.14563985528649367;1.1147576052839334;0.21176878186065443;0.17131309073763903
70.13685218245293;77.12108694313423;69.1503269887979;82.39378664516278;70.13685218245293;91.59563551954358;69.1503269887979;82.39378664516278;70.13685218245293;91.59563551954358;500.2353175338287;628.4840033137133;24.863147817547077;-1.5956355195435776;69.94419515132904;90.71203827857973;69.28602695465088;82.08497226238251;False;True;False;False;0.146643659629542;1.1158040040843373;0.21213823300709664;0.17382493692322087
70.3530416983426;77.35771373711381;69.76494367809265;82.55460353975235;70.3530416983426;91.51696767737748;69.76494367809265;82.55460353975235;70.3530416983426;91.51696767737748;500.1799018155551;631.3667106576069;24.646958301657406;-1.5169676773774654;70.16220486164093;90.84594440460204;69.843048453331;82.23326742649078;False;True;False;False;0.14549667167099795;1.1146101685943637;0.21199590504986654;0.17612052862512317
70.61171567954382;77.70461685654278;70.4848530163424;82.8445087821055;70.61171567954382;91.51223257979392;70.4848530163424;82.8445087821055;70.61171567954382;91.51223257979392;499.9871096537385;634.135623802092;24.38828432045618;-1.512232579793917;70.40909147262573;90.82650184631348;70.38796991109848;82.28863060474396;False;True;False;False;0.1459761150697077;1.1120795416305438;0.21204206582731527;0.18392119124559544
70.6240433757313;78.09169891183355;70.86203497886301;82.90468611774644;70.6240433757313;91.5578946358396;70.86203497886301;82.90468611774644;70.6240433757313;91.5578946358396;499.694154531008;637.3627396524446;24.375956624268696;-1.5578946358395882;70.6781793832779;90.86555290222168;71.00301653146744;82.41184711456299;False;True;False;False;0.1452899831656139;1.10793295231778;0.21245044705795493;0.18947833698953728
70.80954915974058;78.34810244090679;71.64083588062896;82.89089356027371;70.80954915974058;91.50825082201428;71.64083588062896;82.89089356027371;70.80954915974058;91.50825082201428;499.58572287388;640.2418556343285;24.190450840259416;-1.5082508220142756;70.72072899341583;90.89506244659424;71.58354640007019;82.56137490272522;False;True;False;False;0.1454936231598946;1.1050906820002904;0.21219593003309553;0.19197663923817462
71.32221628389442;78.61544803122501;72.29635760303783;82.61892915215104;71.32221628389442;91.59821921335369;72.29635760303783;82.61892915215104;71.32221628389442;91.59821921335369;499.20468598159925;642.4419148313888;23.67778371610558;-1.598219213353687;70.90031337738037;90.87033748626708;72.21788555383682;82.68842041492462;False;True;False;False;0.15094978989488902;1.10361561364642;0.2103829315343284;0.1907954450043605
71.88901179791672;78.985207251538;72.88043972046228;82.5890524356856;71.88901179791672;91.4457451557866;72.88043972046228;82.5890524356856;71.88901179791672;91.4457451557866;499.2965382016196;644.4653616321582;23.11098820208328;-1.4457451557865966;71.40736520290375;90.9796085357666;72.85258531570435;82.6536774635315;False;True;False;False;0.15744468142117182;1.101520023196369;0.2072683714028978;0.18422420913934373
71.95933579366246;79.21566920604255;73.16199840374794;82.39861753891819;71.95933579366246;91.31254122738191;73.16199840374794;82.39861753891819;71.95933579366246;91.31254122738191;499.3701800376574;647.4061787342778;23.04066420633754;-1.312541227381928;71.94711744785309;90.83715653419496;73.45720380544662;82.55854904651642;False;True;False;False;0.15649084193417465;1.0960110153762113;0.2080004895895732;0.18133949559970558
72.43239273363513;79.56876758343498;73.58499088041964;82.19306789776421;72.43239273363513;91.3832899161745;73.58499088041964;82.19306789776421;72.43239273363513;91.3832899161745;499.053677163088;649.5321534151775;22.567607266364877;-1.3832899161745047;72.04732406139374;90.74600052833556;74.02688920497894;82.39429533481598;False;True;False;False;0.15885104393203556;1.0942112427849622;0.21202090927203682;0.17965680350870028
72.48414284770492;79.93007459361863;74.08124603084919;82.01400246686438;72.48414284770492;91.2785293969346;74.08124603084919;82.01400246686438;72.48414284770492;91.2785293969346;499.0787595460779;652.43766748922;22.515857152295084;-1.2785293969345872;72.48980474472046;90.8023853302002;74.50922220945358;82.28527367115021;False;True;False;False;0.15776251381085973;1.0896460657698392;0.2152545042210541;0.17992806593714716
72.60174051676204;80.02196729517215;74.72259445266054;82.11486346631891;72.60174051676204;91.3443521827062;74.72259445266054;82.11486346631891;72.60174051676204;91.3443521827062;498.7766433882768;655.2045864380784;22.398259483237965;-1.3443521827061886;72.5736939907074;90.71814346313477;74.98065501451492;82.11419463157654;False;True;False;False;0.15764020662892816;1.0887798558201491;0.21657731571249186;0.17981627686035012
73.03749321297252;80.49380365863041;75.28657008106775;81.89447498901093;73.03749321297252;91.40650528630238;75.28657008106775;81.89447498901093;73.03749321297252;91.40650528630238;498.4730902233902;657.3195156434225;21.96250678702748;-1.4065052863023766;72.70722675323486;90.85107469558716;75.47998249530792;81.98479533195496;False;True;False;False;0.15810730544884236;1.0870626277211475;0.2164236783981509;0.17914758591244198
72.86481872854735;80.93796048934979;76.22471243584123;81.90546836600167;72.86481872854735;91.48973482180406;76.22471243584123;81.90546836600167;72.86481872854735;91.48973482180406;498.1190971142132;660.5931988505432;22.13518127145265;-1.4897348218040634;73.11263382434845;90.90967893600464;76.02284848690033;81.88853919506073;False;True;False;False;0.1598403319780263;1.0835437491656688;0.2137961701235899;0.17912090979899073
73.1464317985231;81.24688222643339;76.91620988919303;81.69883634196398;73.1464317985231;91.57949305035686;76.91620988919303;81.69883634196398;73.1464317985231;91.57949305035686;497.7409493475337;662.9813302134521;21.853568201476904;-1.5794930503568594;73.00093936920166;91.00151252746582;76.70387327671051;81.83822453022003;False;True;False;False;0.15992814917992712;1.0813735639014546;0.21307591161214853;0.17951131639029522
73.42105698963107;81.55586620984181;77.62274850905624;81.53743052577603;73.42105698963107;91.5676880351452;77.62274850905624;81.53743052577603;73.42105698963107;91.5676880351452;497.5539603045761;665.3458889247664;21.57894301036893;-1.5676880351452098;73.28082025051117;91.11657762527466;77.4180281162262;81.71723067760468;False;True;False;False;0.16023584245399594;1.0783782708216423;0.21233914721188668;0.18019992415958624
73.63723799354274;81.69870918153585;78.12982965469067;81.4728596843114;73.63723799354274;91.4569189933156;78.12982965469067;81.4728596843114;73.63723799354274;91.4569189933156;497.5664733168826;667.7907193183256;21.36276200645726;-1.456918993315611;73.55534613132477;91.13019156455994;78.13823461532593;81.63046836853027;False;True;False;False;0.16038981034838734;1.0757489498732975;0.21233799003447293;0.180790494312213
73.90555270238308;82.13281025571379;78.71579729840015;81.64736335233415;73.90555270238308;91.4309019982948;78.71579729840015;81.64736335233415;73.90555270238308;91.4309019982948;497.4242514411488;670.1024581681726;21.094447297616924;-1.4309019982948143;73.78923761844635;91.04495406150818;78.8308447599411;81.48046851158142;False;True;False;False;0.16008532055002267;1.0694939940682517;0.21231357642852958;0.18147247761204874
74.4262919145114;82.48948036546652;79.24424104029235;81.63901701324039;74.4262919145114;91.46719419323156;79.24424104029235;81.63901701324039;74.4262919145114;91.46719419323156;497.16088011816936;671.8735727169316;20.573708085488605;-1.467194193231549;74.05257987976074;91.02009081840517;79.44304585456848;81.42170906066895;False;True;False;False;0.1638882099252097;1.0674282373523893;0.21315233653085525;0.18154729583432438
74.50782200813175;82.89804513627621;79.66474947329614;81.66629873603102;74.50782200813175;91.5930786472448;79.66474947329614;81.66629873603102;74.50782200813175;91.5930786472448;496.713485317712;674.453673607756;20.49217799186825;-1.5930786472447949;74.58416306972504;91.0881052017212;80.01893043518066;81.45231485366821;False;True;False;False;0.16355867161795246;1.064225753376361;0.21567113085187212;0.18260187524915475
74.69858885057644;83.25125145044157;80.24391667361462;81.45967792082352;74.69858885057644;91.40620449974708;80.24391667361462;81.45967792082352;74.69858885057644;91.40620449974708;496.87482312640816;676.8044303217823;20.30141114942356;-1.4062044997470764;74.66998136043549;91.21204113960266;80.53482294082642;81.50550127029419;False;True;False;False;0.16358089163678574;1.0577947033166935;0.21626574997928416;0.18184621981071794
75.06134572443648;83.6072817525594;80.84942828228681;81.4984878047881;75.06134572443648;91.5758975160996;80.84942828228681;81.4984878047881;75.06134572443648;91.5758975160996;496.34794316040353;678.7857713939854;19.93865427556352;-1.5758975160995874;74.86019623279572;91.06816482543944;81.08033776283264;81.4630675315857;False;True;False;False;0.16443149559606893;1.0537681578038245;0.21729123302880504;0.18168663283924494
75.40718324692375;83.78319509229361;81.5223673688105;81.36695098761903;75.40718324692375;91.851664498055;81.5223673688105;81.36695098761903;75.40718324692375;91.851664498055;495.5862895276794;680.7525835857527;19.59281675307625;-1.851664498054987;75.2520170211792;91.24252557754517;81.62176787853241;81.40032172203064;False;True;False;False;0.16378665565506872;1.0509580037248973;0.21726336697802714;0.18167750735250432
75.55128813058526;83.97075747899927;82.20371907754738;81.37787374154;75.55128813058526;92.13964096260165;82.20371907754738;81.37787374154;75.55128813058526;92.13964096260165;494.7634479988455;683.0767493855066;19.448711869414737;-2.1396409626016464;75.5770126581192;91.51855874061584;82.19188272953033;81.29480123519897;False;True;False;False;0.16311576314637274;1.0462461271518328;0.21718210390784226;0.1817873263668143
75.82472598957584;84.45159368187691;82.681044703879;81.39510246512128;75.82472598957584;92.28501750121173;82.681044703879;81.39510246512128;75.82472598957584;92.28501750121173;494.1874094599451;685.1230352501141;19.17527401042416;-2.285017501211712;75.77234399318695;91.8026053905487;82.82322883605957;81.27268612384796;False;True;False;False;0.16221252899284488;1.0435722880580875;0.21495395256984706;0.18210864191421836
76.00247392115884;84.85048848865885;83.10684497963206;81.41438899195086;76.00247392115884;92.21515914226356;83.10684497963206;81.41438899195086;76.00247392115884;92.21515914226356;494.0224571776799;687.3242425883379;18.99752607884116;-2.215159142263559;76.00572729110718;91.92540740966795;83.42274308204651;81.2063080072403;False;True;False;False;0.16186045799233398;1.0388826733761023;0.21700554200431962;0.18306917495592234
76.22943506579276;85.11398888971512;83.66385464282406;81.29495514477154;76.22943506579276;92.46338919777122;83.66385464282406;81.29495514477154;76.22943506579276;92.46338919777122;493.2306425143627;689.403323776249;18.770564934207243;-2.463389197771221;76.19064247608185;91.89150047302246;83.98099064826965;81.18841528892517;False;True;False;False;0.16164282572961441;1.033498177582218;0.21790815435899588;0.1825605737480742
76.35403004245701;85.03010716641603;84.38998300345828;81.3176944104154;76.35403004245701;92.65309691220924;84.38998300345828;81.3176944104154;76.35403004245701;92.65309691220924;492.5227751924505;691.6568758141481;18.645969957542988;-2.65309691220925;76.40553736686707;92.11512446403503;84.51680183410645;81.1520528793335;False;True;False;False;0.1616283225958973;1.0270080886585016;0.21821548770886764;0.18218046849035727
76.79479326428537;85.12243910134771;85.22104164907776;81.07935420893274;76.79479326428537;92.42312264968665;85.22104164907776;81.07935420893274;76.79479326428537;92.42312264968665;492.6289774625345;693.2614786981637;18.205206735714626;-2.4231226496866327;76.54714584350586;92.35033655166626;85.07860958576202;81.11428737640381;False;True;False;False;0.16324261515026806;1.022780467071571;0.2182914363170988;0.18129871003181877
77.04931103987826;85.25927778818516;85.88606691852212;81.12556416484085;77.04931103987826;92.39816467207834;85.88606691852212;81.12556416484085;77.04931103987826;92.39816467207834;492.3558103977929;695.1798040450732;17.950688960121738;-2.3981646720783374;77.00236582756042;92.14477920532228;85.7141387462616;81.02962970733643;False;True;False;False;0.16255241858970862;1.0173651259975955;0.2187147720031365;0.18152845707863727
77.55913242542177;85.42151246657431;86.81387358221122;80.90521663739703;77.55913242542177;92.1763953714608;86.81387358221122;80.90521663739703;77.55913242542177;92.1763953714608;492.4795937094176;696.5535864686691;17.440867574578235;-2.176395371460785;77.2708660364151;92.11232423782349;86.40278220176697;80.975341796875;False;True;False;False;0.16485961245528274;1.0103002771336709;0.2219643637881155;0.1816304751298459
77.96569867989993;85.65364724073329;87.3589535010239;80.72428330431583;77.96569867989993;92.23178631457006;87.3589535010239;80.72428330431583;77.96569867989993;92.23178631457006;492.07862577367086;698.0659029696566;17.03430132010007;-2.2317863145700585;77.77082395553589;91.90954637527466;87.17026114463806;80.84037601947784;False;True;False;False;0.16552823410779882;1.00777221727903;0.22248895936975088;0.1819671494892324
78.28745252830005;85.82092192171382;87.94287023426467;80.72112455944828;78.28745252830005;92.36833063250306;87.94287023426467;80.72112455944828;78.28745252830005;92.36833063250306;491.5079656291955;699.6936354488697;16.71254747169995;-2.36833063250306;78.18798160552979;91.96732783317566;87.87978053092957;80.75287938117981;False;True;False;False;0.16563187773072366;0.998585367464971;0.22203654658776212;0.18155385114818157
78.60779231081898;85.81416459380652;88.5928229715228;80.78912257284192;78.60779231081898;92.35653878439558;88.5928229715228;80.78912257284192;78.60779231081898;92.35653878439558;491.2157719077434;701.2812955467252;16.39220768918102;-2.356538784395582;78.5418541431427;92.13989090919496;88.53894591331482;80.60805916786194;False;True;False;False;0.16572497521926738;0.9962544313668772;0.22194485648659193;0.18232818352313865
78.98065398301252;86.14036170785997;88.75328062128334;80.48584818520779;78.98065398301252;92.48891240685316;88.75328062128334;80.48584818520779;78.98065398301252;92.48891240685316;490.63681949157547;702.721199894229;16.019346016987484;-2.4889124068531743;78.85317015647888;92.10587334632874;89.18002843856812;80.54423153400421;False;True;False;False;0.1660722597197556;0.990102893200355;0.22562989610668305;0.1820704238439968
79.07004005914318;86.33965493689512;89.1520067227787;80.38361458171947;79.07004005914318;92.5450345993029;89.1520067227787;80.38361458171947;79.07004005914318;92.5450345993029;490.1927201190956;704.6783405442327;15.929959940856818;-2.5450345993028947;79.17919254302979;92.25286102294922;89.6481043100357;80.49290060997009;False;True;False;False;0.16618591813539652;0.9848892808059779;0.23052973273684207;0.18236090459323093
79.63280934683868;86.59432317957956;89.80253839605007;80.2550109707244;79.63280934683868;92.57336099742902;89.80253839605007;80.2550109707244;79.63280934683868;92.57336099742902;489.7967293762696;705.6767966276226;15.367190653161316;-2.5733609974290204;79.28989481925964;92.31802678108215;90.08105039596558;80.36933660507202;False;True;False;False;0.16790520847562962;0.9802302092692159;0.231804073957258;0.18197178790059412
79.84078204932895;86.57941110683335;90.22382252476626;80.11355922259472;79.84078204932895;92.50905055355072;90.22382252476626;80.11355922259472;79.84078204932895;92.50905055355072;489.582235464369;707.3098099763969;15.15921795067105;-2.509050553550708;79.85750412940979;92.32315015792848;90.54353356361388;80.17690300941467;False;True;False;False;0.16744163042163673;0.9738464139045007;0.23293795366242573;0.18068592106085313
80.02171419196502;86.46653619612246;91.04124284961748;80.07284785657569;80.02171419196502;92.42494587285266;91.04124284961748;80.07284785657569;80.02171419196502;92.42494587285266;489.4159047519584;708.9691747512143;14.978285808034984;-2.4249458728526605;80.05166006088257;92.27671480178832;90.964874625206;80.05419790744781;False;True;False;False;0.16639864713573382;0.9699702974860613;0.2300085049049732;0.18039881720804748
80.35780891068252;86.68580630312016;91.81437677648177;79.84157696431011;80.35780891068252;92.0383057641505;91.81437677648177;79.84157696431011;80.35780891068252;92.0383057641505;489.8658588529824;710.2940900881839;14.642191089317478;-2.0383057641504934;80.27701950073242;92.24117612838744;91.54125094413756;79.93528246879578;False;True;False;False;0.16651482305899665;0.9649560951908738;0.2251639565286771;0.18007474902516488
80.56047200331375;86.80995398662571;92.3147926997812;79.76467586647011;80.56047200331375;92.13005166969803;92.3147926997812;79.76467586647011;80.56047200331375;92.13005166969803;489.4105929400005;711.8410560481638;14.439527996686252;-2.130051669698034;80.62862420082092;91.87598514556883;92.19423353672028;79.81991410255432;False;True;False;False;0.166453688056244;0.9610025908804047;0.22142867924215173;0.17966958103714387
80.87257932104993;87.2107827758248;92.59923259813256;79.612765922153;80.87257932104993;92.27892997471288;92.59923259813256;79.612765922153;80.87257932104993;92.27892997471288;488.8288294406778;713.1421118122496;14.127420678950074;-2.278929974712866;80.81515383720398;91.94110941886902;92.80096650123596;79.7152328491211;False;True;False;False;0.1647987015141481;0.9538739486992216;0.22155003581469157;0.1796949069638315
81.42550168709047;87.45509434235642;93.11476099885544;79.64380892710577;81.42550168709047;92.23561302376332;93.11476099885544;79.64380892710577;81.42550168709047;92.23561302376332;488.6116060126152;713.9199231706951;13.574498312909526;-2.235613023763321;81.13854885101318;92.10171103477478;93.3703076839447;79.58003103733063;False;True;False;False;0.16647876247106483;0.9492299488498764;0.22248990846325373;0.17979675171728446
82.15376403121732;87.58375252564764;93.64706150351252;79.6615850838923;82.15376403121732;92.3945124475664;93.64706150351252;79.6615850838923;82.15376403121732;92.3945124475664;487.9957254285072;714.2733315908293;12.84623596878268;-2.394512447566413;81.64508557319641;92.05363011360168;93.85205388069151;79.49423909187317;False;True;False;False;0.17216787057505384;0.9446707023263612;0.22333569070340034;0.18009581390130733
82.5151569369178;87.80284988970392;93.9408476157733;79.77682752021948;82.5151569369178;92.48306284036155;93.9408476157733;79.77682752021948;82.5151569369178;92.48306284036155;487.49935631657473;715.2633772419327;12.484843063082195;-2.483062840361569;82.34037828445435;92.21629905700684;94.29255306720734;79.42108809947968;False;True;False;False;0.17254942304916215;0.9412049047522095;0.22583767020161757;0.18239600253998636
82.72028909521535;88.04750902222848;94.57365431342058;79.739976869703;82.72028909521535;92.91403214313152;94.57365431342058;79.739976869703;82.72028909521535;92.91403214313152;486.3063426656533;716.5177586670819;12.27971090478465;-2.914032143131521;82.71347904205322;92.33359050750732;94.69855844974518;79.4534969329834;False;True;False;False;0.17221165645154515;0.9369598849204005;0.22609619837988296;0.1822037202333495
82.93854631935814;88.31784446383536;95.00800187670482;79.72735109082126;82.93854631935814;92.91828241565022;95.00800187670482;79.72735109082126;82.93854631935814;92.91828241565022;485.90930450153166;717.718539006101;12.06145368064186;-2.918282415650225;82.91122341156006;92.7129693031311;95.16251683235168;79.47254359722137;False;True;False;False;0.17055711591716965;0.9334939713302766;0.2256200364127913;0.1800953148464546
83.21408734566343;88.25637914605647;95.53499204314372;79.62305353519761;83.21408734566343;93.22794019260316;95.53499204314372;79.62305353519761;83.21408734566343;93.22794019260316;484.9008846255391;718.775650777576;11.78591265433657;-3.227940192603157;83.14727902412415;92.72424626350404;95.6312745809555;79.48688268661499;False;True;False;False;0.16831894507813544;0.9294273638562365;0.2253009728870728;0.17898921084082786
83.38744265369397;88.43560324627948;95.7038789664688;79.38759515896214;83.38744265369397;93.70699416600372;95.7038789664688;79.38759515896214;83.38744265369397;93.70699416600372;483.5123846530576;720.000395182093;11.612557346306032;-3.7069941660037102;83.4087233543396;93.0451521873474;96.09406590461732;79.42197978496552;False;True;False;False;0.16833083928983072;0.927019158176513;0.22753612961291422;0.17808282033277584
83.94858080608958;88.62776726983627;96.18510355854282;79.44173473655522;83.94858080608958;94.20646833830548;96.18510355854282;79.44173473655522;83.94858080608958;94.20646833830548;482.0191704196535;720.4264598568093;11.05141919391042;-4.206468338305484;83.56091046333313;93.4628767967224;96.50206446647644;79.3226945400238;False;True;False;False;0.17210795382628516;0.9223643764059762;0.2295265776844659;0.17844309156368357
84.1394995641578;88.58286631617666;96.72067808482336;79.092775594972;84.1394995641578;94.5149855062195;96.72067808482336;79.092775594972;84.1394995641578;94.5149855062195;480.84127363871806;721.5181448998609;10.860500435842198;-4.514985506219503;84.1237006187439;93.94339561462402;96.88577771186829;79.18212950229645;False;True;False;False;0.1719891728454754;0.9195266970083338;0.22961669967944076;0.17844098985650347
84.36091867512361;88.59494155800418;97.256209502064;78.81843473853313;84.36091867512361;95.02108694313436;97.256209502064;78.81843473853313;84.36091867512361;95.02108694313436;479.2270726973924;722.5233734027082;10.639081324876386;-5.02108694313435;84.2971556186676;94.25318360328674;97.29413032531738;79.01041448116302;False;True;False;False;0.17004053711686654;0.9184445630856073;0.2296445250348663;0.1792872034952167
84.46980906906582;88.84615162971448;97.98198633268122;78.63941315660884;84.46980906906582;95.30771373711391;97.98198633268122;78.63941315660884;84.46980906906582;95.30771373711391;477.9843408503487;723.7241367914739;10.530190930934182;-5.307713737113929;84.52538442611694;94.72494912147522;97.72785007953644;78.82255733013153;False;True;False;False;0.1694257584008735;0.9145355766287829;0.228944073695857;0.18007248799339462
84.70259028381476;88.71673297266392;98.10373547568229;78.26666167167122;84.70259028381476;95.70461685654293;98.10373547568229;78.26666167167122;84.70259028381476;95.70461685654293;476.4828394465422;724.6625998194339;10.297409716185244;-5.704616856542913;84.64011764526367;94.99693059921265;98.28973650932312;78.51842045783997;False;True;False;False;0.16848663785847812;0.9115921193326693;0.22892506336751373;0.18164954631049454
85.07583254380351;88.99552538683933;98.24586192517656;78.08779365084744;85.07583254380351;96.14169891183369;98.24586192517656;78.08779365084744;85.07583254380351;96.14169891183369;474.8480597550883;725.2891032616144;9.924167456196486;-6.141698911833672;84.86658334732056;95.35164666175842;98.7494134902954;78.24892163276672;False;True;False;False;0.16943681923662163;0.9083753783889416;0.23388802329052769;0.18187896523307204
85.28752046880471;89.0947236143589;98.51554520158668;77.7823393178816;85.28752046880471;96.44810244090692;98.51554520158668;77.7823393178816;85.28752046880471;96.44810244090692;473.4163595086973;726.1889497391048;9.712479531195283;-6.448102440906908;85.2032880783081;95.7102484703064;99.1066974401474;77.977534532547;False;True;False;False;0.16856759293394455;0.9062331203090098;0.2402512183113852;0.18274847243948522
85.81666261560301;89.18169691222872;98.93322342598884;77.3595464441478;85.81666261560301;96.76544803122512;98.93322342598884;77.3595464441478;85.81666261560301;96.76544803122512;471.92192133594;726.4256627163343;9.183337384396992;-6.765448031225134;85.41949319839478;96.02011251449584;99.40777897834778;77.66425132751465;False;True;False;False;0.17102451845255157;0.9024223664886692;0.2444470611087116;0.1848936158715832
86.37675364913872;89.26468535376108;99.27758484060334;76.87974688894873;86.37675364913872;97.18520725153812;99.27758484060334;76.87974688894873;86.37675364913872;97.18520725153812;470.1803431578173;726.5299256338491;8.62324635086128;-7.185207251538117;85.91298985481262;96.26178240776062;99.65276956558228;77.38239347934723;False;True;False;False;0.17545581658401793;0.8971441503402597;0.24697407370002722;0.19011634457332724
86.4403849611288;89.49398445991099;100.03135263878904;76.39991641259097;86.4403849611288;97.46566920604268;100.03135263878904;76.39991641259097;86.4403849611288;97.46566920604268;468.66139161526974;727.5524291899837;8.5596150388712;-7.465669206042676;86.43161249160767;96.6548719406128;99.93847608566284;76.99927687644958;False;True;False;False;0.17525918761187662;0.8919495412520279;0.24712837815952063;0.19771053904372632
86.4921482390508;89.30823750325405;100.4038087181354;76.36080906974523;86.4921482390508;97.8687675834351;100.4038087181354;76.36080906974523;86.4921482390508;97.8687675834351;466.8597722996792;728.5901846393225;8.507851760949194;-7.868767583435101;86.51543259620667;96.9103147983551;100.37464141845705;76.5313321352005;False;True;False;False;0.17511016604463012;0.8915023179382998;0.24584403905761534;0.19713038181452663
86.54014232102602;89.21350163244722;100.91281168119556;76.36103964951573;86.54014232102602;98.28007459361876;100.91281168119556;76.36103964951573;86.54014232102602;98.28007459361876;464.9879892681872;729.6285767101652;8.459857678973975;-8.28007459361875;86.58366823196411;97.28753638267516;100.82719147205351;76.12065851688385;False;True;False;False;0.17514315683054285;0.8913932356281529;0.24593851409287512;0.19832653995324365
86.61964220573664;89.05278590172169;101.20773880045816;76.11922417000612;86.61964220573664;98.42196729517228;101.20773880045816;76.11922417000612;86.61964220573664;98.42196729517228;463.6001939192644;730.5975579646072;8.380357794263361;-8.421967295172266;86.59580254554749;97.66930055618286;101.29856526851654;75.87918877601624;False;True;False;False;0.17506791910222783;0.8864273723075891;0.24609082934924031;0.19944336820882472
87.26171029762322;89.15100193147413;101.51621714553144;75.63623406349052;87.26171029762322;98.94380365863054;101.51621714553144;75.63623406349052;87.26171029762322;98.94380365863054;461.4335922196582;730.4308028200692;7.738289702376775;-8.943803658630543;86.68372964859009;97.82791090011597;101.75633430480956;75.7760614156723;False;True;False;False;0.18143985296078677;0.8862140678897079;0.24708644812779307;0.19637271662822875
87.3773322146856;89.13875513130562;102.11884374007272;75.33831865192519;87.3773322146856;99.43796048934992;102.11884374007272;75.33831865192519;87.3773322146856;99.43796048934992;459.2527714037354;731.2313309462613;7.622667785314405;-9.43796048934992;87.3098533153534;98.26734590530396;102.10658311843872;75.56568920612335;False;True;False;False;0.1815416339997867;0.8855062675960408;0.2467942152437882;0.1955865423892051
87.595002467817;89.13950484014845;102.69314010594957;75.11322364493755;87.595002467817;99.79688222643352;102.69314010594957;75.11322364493755;87.595002467817;99.79688222643352;457.2765331976549;731.8123461447071;7.404997532183003;-9.79688222643351;87.42614221572876;98.68518114089966;102.51442432403564;75.20330429077148;False;True;False;False;0.1815764118350403;0.8878000294913247;0.24722488698356632;0.19431405379303673
87.81975728538366;89.25793444838529;103.1295278501283;75.17652180159966;87.81975728538366;100.15586620984196;103.1295278501283;75.17652180159966;87.81975728538366;100.15586620984196;455.2523142673135;732.3501695138649;7.180242714616341;-10.155866209841946;87.60519766807556;99.05241870880128;102.96326339244844;74.81115609407425;False;True;False;False;0.18272514214945945;0.8893922367797428;0.24681419552875236;0.19741088116691774
87.92420576584834;89.35003763451833;103.72097445960615;74.60862680223705;87.92420576584834;100.34870918153598;103.72097445960615;74.60862680223705;87.92420576584834;100.34870918153598;453.51251282927984;733.0986382482178;7.075794234151658;-10.34870918153598;87.80390310287476;99.37820601463318;103.4278118610382;74.56928968429565;False;True;False;False;0.1829040455286838;0.8833615914734148;0.24540631847221822;0.1973760111462191
87.59026726739104;89.38103412058237;104.12380586587447;74.20229830226404;87.59026726739104;100.83281025571392;104.12380586587447;74.20229830226404;87.59026726739104;100.83281025571392;451.1644827900525;734.7099544763526;7.409732732608958;-10.832810255713923;87.91015958786011;99.56987977027892;103.9458680152893;74.34426367282867;False;True;False;False;0.18524798145321691;0.8842575779975064;0.24594447857983426;0.19776239595617737
87.92084699466845;89.5352091499596;104.34212918100228;73.82471211920438;87.92084699466845;101.23948036546663;104.34212918100228;73.82471211920438;87.92084699466845;101.23948036546663;448.9067678697852;735.0367593861456;7.079153005331548;-11.239480365466648;87.6085786819458;99.98824048042296;104.42145764827728;74.05179738998413;False;True;False;False;0.1873608744517267;0.8858345437491538;0.2449465823802688;0.1986756487284436
87.93759144522795;89.34548849971374;104.62670333361048;73.10957479599121;87.93759144522795;101.69804513627632;104.62670333361048;73.10957479599121;87.93759144522795;101.69804513627632;446.4910409461036;735.9471575524042;7.062408554772048;-11.698045136276336;87.91038084030151;100.3376326560974;104.80074524879456;73.57198864221573;False;True;False;False;0.186717826386727;0.8888271541843221;0.24462663597111484;0.2034172657942013
88.46751995596433;89.31425528791539;105.13875530986284;72.59371719593321;88.46751995596433;102.10125145044172;105.13875530986284;72.59371719593321;88.46751995596433;102.10125145044172;444.1248889662693;735.828955004901;6.532480044035665;-12.101251450441708;87.91461229324341;100.72994089126588;105.15655398368835;73.08474153280258;False;True;False;False;0.19401641895862307;0.8885702885996553;0.24292667408399105;0.20873503703762367
88.45064159851714;89.2372994564518;105.56791682227356;72.28953098129892;88.45064159851714;102.50728175255954;105.56791682227356;72.28953098129892;88.45064159851714;102.50728175255954;441.69932816864144;736.7337090590001;6.549358401482863;-12.507281752559535;88.42668724060059;101.116455078125;105.49108028411864;72.55429357290268;False;True;False;False;0.1940173521857421;0.894763564236832;0.24284678531374299;0.21024004474417748
88.35841007161937;89.35197951096093;105.94871899847678;71.9517819895409;88.35841007161937;102.73319509229374;105.94871899847678;71.9517819895409;88.35841007161937;102.73319509229374;439.5798639221651;737.79141989966;6.6415899283806255;-12.73319509229374;88.42343759536743;101.4808578491211;105.8513867855072;71.98456227779388;False;True;False;False;0.19407436200854838;0.8984216502006401;0.23945110258123886;0.21022536723079807
88.21489493556827;89.21969874861809;105.98152788325554;71.42305387534839;88.21489493556827;102.97075747899942;105.98152788325554;71.42305387534839;88.21489493556827;102.97075747899942;437.40697980311455;738.9639954955463;6.785105064431733;-12.970757478999415;88.33285546302795;101.68635296821594;106.23904705047607;71.5393391251564;False;True;False;False;0.19432539439449775;0.9014642092480676;0.23837761502975952;0.2077230788137614
88.31069162785455;89.10320743842605;106.3041719428478;70.9004059676904;88.31069162785455;103.50159368187704;106.3041719428478;70.9004059676904;88.31069162785455;103.50159368187704;434.615873066826;739.6770827862313;6.689308372145447;-13.501593681877054;88.14944410324097;101.87730073928832;106.55588388442992;71.15659296512604;False;True;False;False;0.194922938132398;0.9096488226462517;0.23957915364222268;0.20903559385080236
88.41501801453896;88.87307545084676;106.7494310305128;70.48356596747671;88.41501801453896;103.950488488659;106.7494310305128;70.48356596747671;88.41501801453896;103.950488488659;431.9178709623452;740.3603377958152;6.584981985461042;-13.95048848865899;88.24525332450867;102.32777762413023;106.84297382831572;70.68053781986237;False;True;False;False;0.19508630021284687;0.9172812871221852;0.23923854862488153;0.2098407650243291
88.88304933199932;88.90145523544395;107.24686113141873;69.97478994791359;88.88304933199932;104.26398888971524;107.24686113141873;69.97478994791359;88.88304933199932;104.26398888971524;429.4308050284115;740.302272758956;6.116950668000683;-14.26398888971525;88.33867716789246;102.73215794563292;107.14123606681824;70.15904933214188;False;True;False;False;0.2007298189420752;0.9230466284170681;0.23901413055189663;0.20805140825064755
89.06226323913727;88.70500475141846;107.59245579671008;69.4971635493783;89.06226323913727;104.23010716641616;107.59245579671008;69.4971635493783;89.06226323913727;104.23010716641616;427.5967032897143;740.7594383670802;5.937736760862734;-14.23010716641616;88.77446842193604;103.01956486701964;107.46367871761322;69.65145409107208;False;True;False;False;0.20195757110254836;0.9222702859344644;0.23573395173389744;0.20832435471370234
88.99132911549867;88.48800068785133;107.94601244301586;68.92996005520675;88.99132911549867;104.37243910134784;107.94601244301586;68.92996005520675;88.99132911549867;104.37243910134784;425.4146917976621;741.693004849139;6.008670884501328;-14.372439101347853;88.93809843063354;102.9497528076172;107.84993588924408;69.17526125907898;False;True;False;False;0.20160428959967533;0.9223155480274763;0.2350559322092211;0.20956417446521558
89.1784737755674;88.2257741284041;108.37845116391128;68.29439608401462;89.1784737755674;104.5592777881853;108.37845116391128;68.29439608401462;89.1784737755674;104.5592777881853;423.1246892104742;742.119871646935;5.821526224432603;-14.559277788185298;88.86794757843018;103.08463382720949;108.22593212127686;68.6529728770256;False;True;False;False;0.20366692751742108;0.9237726272320365;0.2351678911046985;0.21198280854963303
89.21300841885427;87.80776207990279;108.64423084421864;67.9972956597396;89.21300841885427;104.77151246657444;108.64423084421864;67.9972956597396;89.21300841885427;104.77151246657444;420.7589828152712;742.8270058569523;5.786991581145728;-14.77151246657445;89.00954914093018;103.2137415409088;108.6067670583725;68.09405982494354;False;True;False;False;0.2043218195928946;0.9317981396629358;0.23518938560528854;0.21049491400951525
89.34887672904661;87.73898142639138;109.04415150405224;67.62441244211125;89.34887672904661;105.05364724073344;109.04415150405224;67.62441244211125;89.34887672904661;105.05364724073344;418.22517827141;743.3268681140537;5.651123270953391;-15.053647240733426;89.06280875205994;103.41368460655212;108.9386510848999;67.53944128751755;False;True;False;False;0.2061274004628939;0.9391319278816207;0.23514338818521527;0.21056102965801984
89.21153946108194;87.55218299773128;109.58965424353032;67.02201030978021;89.21153946108194;105.27092192171396;109.58965424353032;67.02201030978021;89.21153946108194;105.27092192171396;415.78347594401777;744.3550257527768;5.788460538918059;-15.270921921713963;89.18973851203918;103.66281485557556;109.28608059883118;67.05849170684814;False;True;False;False;0.20594954766768342;0.9451577181800703;0.23647094302989413;0.21052979275061906
89.02437458841369;87.2869577720186;109.82298595406752;66.59962407813283;89.02437458841369;105.31416459380668;109.82298595406752;66.59962407813283;89.02437458841369;105.31416459380668;413.6608676769372;745.5011502366357;5.975625411586307;-15.314164593806666;89.0749568939209;103.80399465560912;109.69542980194092;66.6456151008606;False;True;False;False;0.2059870505597297;0.9483600863468566;0.2360866509731615;0.20903827923191562
89.28130629407683;87.10636046180423;110.06915625921944;66.03679786971516;89.28130629407683;105.6903617078601;110.06915625921944;66.03679786971516;89.28130629407683;105.6903617078601;410.8665848363228;745.7840368801876;5.718693705923172;-15.690361707860106;88.89942073822021;103.84551405906676;110.051651597023;66.16349846124649;False;True;False;False;0.20873969910197787;0.9563871890995531;0.2351664314334564;0.20850606210087727
89.1812418866375;86.82192807661868;110.51242213305297;65.6350723792965;89.1812418866375;105.93965493689528;110.51242213305297;65.6350723792965;89.1812418866375;105.93965493689528;408.27595015053777;746.7466581891894;5.818758113362506;-15.939654936895266;89.09666728973389;104.18203902244568;110.3956127166748;65.61196148395538;False;True;False;False;0.2086977041450622;0.9621381434411422;0.23536406769555163;0.2077350314618028
89.4011890712083;86.7854944827774;110.90237170309776;65.46134171124346;89.4011890712083;106.24432317957972;110.90237170309776;65.46134171124346;89.4011890712083;106.24432317957972;405.5413263402495;747.0825982351628;5.598810928791707;-16.24432317957971;88.99027252197266;104.38361382484436;110.7434618473053;65.11345028877258;False;True;False;False;0.2123422065608996;0.9686034678952133;0.2341227427236767;0.208491943482365
89.72578935651266;86.64369402426885;111.33419924198414;64.89689317009253;89.72578935651266;106.27941110683348;111.33419924198414;64.89689317009253;89.72578935651266;106.27941110683348;403.30524072846464;747.179905788393;5.274210643487336;-16.279411106833493;89.19347214698792;104.69089889526369;111.0637867450714;64.65652704238892;False;True;False;False;0.21801895491040604;0.9750241945802424;0.2320921518538522;0.20901795859372752
89.57104126671419;86.73636785199743;111.52178251135992;64.0827188354057;89.57104126671419;106.2165361961226;111.52178251135992;64.0827188354057;89.57104126671419;106.2165361961226;401.2604024023086;748.1926300537882;5.4289587332858105;-16.216536196122604;89.52181077003479;104.66278600692748;111.4219295978546;64.27068948745728;False;True;False;False;0.21646908832032324;0.9783114548645404;0.23222040958275947;0.2097830519779192
89.88495259397455;86.27903804728379;111.47181244377784;63.589995420160285;89.88495259397455;106.48580630312031;111.47181244377784;63.589995420160285;89.88495259397455;106.48580630312031;398.55965736216353;748.2886685637056;5.115047406025454;-16.485806303120313;89.36483907699585;104.5756471157074;111.76434993743896;63.80965858697891;False;True;False;False;0.22084615384179265;0.9849587693823387;0.23248960232919372;0.21024439650720364
89.92041646349647;86.41397725922849;111.58292205911977;63.14664068186007;89.92041646349647;106.65995398662588;111.58292205911977;63.14664068186007;89.92041646349647;106.65995398662588;396.0132544880697;748.8997471454652;5.0795835365035344;-16.659953986625865;89.64548397064209;104.80078530311584;111.97569251060486;63.16042959690094;False;True;False;False;0.22112384351028022;0.9915989624869175;0.22868815264863324;0.21022638671552307
90.13643978513124;86.18226407435898;111.78554240705084;62.60671020474095;90.13643978513124;107.11078277582494;111.78554240705084;62.60671020474095;90.13643978513124;107.11078277582494;392.8902697114548;749.1449783070627;4.863560214868755;-17.110782775824944;89.62938785552979;104.9405961036682;112.1341109275818;62.52976208925247;False;True;False;False;0.22528505477782135;1.0069600173003066;0.2277733966038321;0.20928065976476523
90.2973995910095;85.81912011924177;112.18825459349092;62.20241312909616;90.2973995910095;107.40509434235656;112.18825459349092;62.20241312909616;90.2973995910095;107.40509434235656;390.0202088749482;749.4715333906221;4.702600408990506;-17.405094342356563;89.84043502807617;105.32358407974245;112.25745856761932;62.02151119709015;False;True;False;False;0.22920878653761753;1.0157599425010144;0.2249215085120704;0.20854344128792937
90.27753621993;85.71121705076403;112.581310881338;61.69249411439211;90.27753621993;107.58375252564778;112.581310881338;61.69249411439211;90.27753621993;107.58375252564778;387.3422132627182;750.1382735206465;4.722463780070001;-17.583752525647782;89.97497034072876;105.56576561927795;112.43091106414796;61.51657789945602;False;True;False;False;0.23099462453349548;1.0266380230474446;0.22532564052008316;0.20916878037759903
90.47808041627248;85.79266062472831;112.89104785651126;61.32262427770912;90.47808041627248;107.85284988970407;112.89104785651126;61.32262427770912;90.47808041627248;107.85284988970407;384.45951819785256;750.3668469653041;4.5219195837275095;-17.852849889704075;89.99007081985474;105.70290064811708;112.7163028717041;60.99118173122406;False;True;False;False;0.234962284473798;1.0425551721879311;0.22547850999304264;0.2115381250264515
90.20089251381404;85.6069719289787;113.46138875177216;60.62627701500729;90.20089251381404;108.14750902222865;113.46138875177216;60.62627701500729;90.20089251381404;108.14750902222865;381.4898199475096;751.5241453813848;4.799107486185974;-18.147509022228636;90.13280630111694;105.94389295578004;113.02504897117616;60.51725089550018;False;True;False;False;0.2341497810459016;1.0564329096376464;0.22928399775306743;0.2117926016729506
90.27330241307614;85.51334562200103;114.17035815742048;59.852616180547344;90.27330241307614;108.4678444638355;114.17035815742048;59.852616180547344;90.27330241307614;108.4678444638355;378.4294811946653;752.0192065810187;4.726697586923862;-18.467844463835505;89.8366322517395;106.18246531486513;113.42711389064787;59.99444782733917;False;True;False;False;0.2375475879204843;1.0707604918710292;0.23921151430352647;0.21187678017104417
90.24986387590228;85.31490881022991;114.51003900588928;59.16530397211336;90.24986387590228;108.45637914605663;114.51003900588928;59.16530397211336;90.24986387590228;108.45637914605663;375.9900325683783;752.6963100002896;4.750136124097722;-18.456379146056637;89.95013475418091;106.46053814888;113.91379714012146;59.41063642501831;False;True;False;False;0.2389766705588945;1.0809964631154823;0.2458723242314789;0.21196335228811738
90.27439078915803;85.40284658585823;114.70942113493795;58.67473844379647;90.27439078915803;108.68560324627964;114.70942113493795;58.67473844379647;90.27439078915803;108.68560324627964;373.0707338151248;753.280607656991;4.725609210841952;-18.68560324627964;89.87161087989807;106.4337112903595;114.38602983951569;58.663272857666016;True;True;False;False;0.24171551080690898;1.097725043138842;0.24777199178518175;0.21168997422470007
90.21374557850773;85.13236783787374;114.91187353995436;58.28932113750797;90.21374557850773;108.92776726983642;114.91187353995436;58.28932113750797;90.21374557850773;108.92776726983642;370.0949920018406;754.031979306404;4.7862544214922735;-18.927767269836423;89.9211368560791;106.6167562007904;114.80937719345091;57.97043651342392;True;True;False;False;0.24322413867195586;1.1153683359293536;0.24756238961037216;0.2137890621942498
90.43497375756245;84.70811641737288;115.09537449235404;57.70239491048272;90.43497375756245;108.9328663161768;115.09537449235404;57.70239491048272;90.43497375756245;108.9328663161768;367.5610916065149;754.2276902044935;4.565026242437554;-18.932866316176813;89.86395692825317;106.80899000167848;115.13618648052216;57.38427460193634;True;True;False;False;0.24915021708948476;1.1262734314938234;0.2467073329033925;0.21560803704069115
90.2909316515575;84.33633881963463;115.2685775040634;57.07999781767387;90.2909316515575;108.99494155800434;115.2685775040634;57.07999781767387;90.2909316515575;108.99494155800434;364.9125589473696;755.1244445821617;4.7090683484425;-18.994941558004346;90.06258630752563;106.77408742904665;115.35946190357208;56.88149839639664;True;True;False;False;0.24994427619524676;1.139623195608329;0.24619520210125412;0.21630230271736528
90.30849619943774;84.05353151958724;115.57942587142944;56.24714868684393;90.30849619943774;109.29615162971464;115.57942587142944;56.24714868684393;90.30849619943774;109.29615162971464;361.77747992954846;755.7171912661936;4.691503800562259;-19.296151629714643;89.8849413394928;106.80020213127136;115.5484664440155;56.36552721261978;True;True;False;False;0.25315874547861267;1.159928840732938;0.2443805900733848;0.2165294539365376
90.43909187259382;83.3380338062081;115.40830139969889;55.81164449853966;90.43909187259382;109.21673297266408;115.40830139969889;55.81164449853966;90.43909187259382;109.21673297266408;359.3634970263543;756.0815337599564;4.560908127406179;-19.21673297266408;89.85119342803955;107.06638956069946;115.77654123306274;55.703647434711456;True;True;False;False;0.25887863186242216;1.1721717416466844;0.24688891580134212;0.21485207436911186
90.42342634664672;83.16711479358574;115.69946889969609;54.7832190102615;90.42342634664672;109.54552538683949;115.69946889969609;54.7832190102615;90.42342634664672;109.54552538683949;356.1436811349816;756.7209858955048;4.576573653353279;-19.545525386839486;89.98736047744751;106.93225526809692;115.88893294334412;55.02745151519776;True;True;False;False;0.2618870749925905;1.1923436025888532;0.24753775008223325;0.2160075820150144
90.32992658405624;83.04827382142255;115.98816265061367;53.80045484970105;90.32992658405624;109.69472361435903;115.98816265061367;53.80045484970105;90.32992658405624;109.69472361435903;353.23921462836387;757.5181952411328;4.670073415943747;-19.69472361435905;89.92609429359436;107.18576216697691;116.03415966033936;54.27388548851013;True;True;False;False;0.2644457726035146;1.212105818983473;0.24755591497240945;0.2206502260011213
90.36443829104354;82.78969015105272;116.40075047434858;53.164628597048285;90.36443829104354;109.83169691222888;116.40075047434858;53.164628597048285;90.36443829104354;109.83169691222888;350.33930488404303;758.0718482826175;4.635561708956459;-19.83169691222888;89.83866500854492;107.28724098205566;116.20975613594057;53.5152480006218;True;True;False;False;0.2691471189106806;1.2312201314096773;0.24739144519545483;0.2231682986093456
90.20739175694126;82.53301973697738;116.62407782742396;52.42817558778107;90.20739175694126;109.96468535376124;116.62407782742396;52.42817558778107;90.20739175694126;109.96468535376124;347.42910174601445;759.0040162453496;4.792608243058737;-19.96468535376124;89.84692049026489;107.36150574684144;116.4323103427887;52.597031593322754;True;True;False;False;0.2708543500727642;1.2531339467224074;0.24618053826403452;0.2235079845742642
90.25416577335405;81.95870128929937;116.89364733939976;51.86966780894187;90.25416577335405;110.24398445991116;116.89364733939976;51.86966780894187;90.25416577335405;110.24398445991116;344.2085454865465;759.5494826449318;4.745834226645954;-20.243984459911147;89.71087098121643;107.430743932724;116.73489332199097;51.789574325084686;True;True;False;False;0.2752494230657721;1.279611947580041;0.24651665915594337;0.22299558794198335
89.94449235079506;81.7561372184197;117.17473513209022;51.159666249398974;89.94449235079506;110.1082375032542;117.17473513209022;51.159666249398974;89.94449235079506;110.1082375032542;341.78084147187224;760.8016073869359;5.055507649204941;-20.1082375032542;89.6900041103363;107.65978169441225;117.01930820941924;51.11439138650894;True;True;False;False;0.27630324945891566;1.2984655755971335;0.2464076863796023;0.22176185401301987
89.8443465517822;81.25859387473777;117.44285351892;50.39594721563412;89.8443465517822;110.06350163244738;117.44285351892;50.39594721563412;89.8443465517822;110.06350163244738;339.18921487971863;761.6759666715222;5.155653448217805;-20.063501632447384;89.43196845054626;107.52737593650818;117.30875849723816;50.43106198310852;True;True;False;False;0.2787625252111282;1.3184835002757977;0.24625579521992433;0.21939876326233979
89.8111205974987;80.86210369168892;117.66004499224027;49.77178539734065;89.8111205974987;109.95278590172184;117.66004499224027;49.77178539734065;89.8111205974987;109.95278590172184;336.7355127901767;762.4298390398516;5.1888794025013;-19.952785901721853;89.29199862480164;107.44179964065552;117.56709814071657;49.76916581392288;True;True;False;False;0.28252611933516647;1.3373928822831247;0.24607529282369456;0.2174141511769685
89.73657581335614;80.30857135691481;118.01692067294528;49.048110626685336;89.73657581335614;110.10100193147429;118.01692067294528;49.048110626685336;89.73657581335614;110.10100193147429;333.77870927710893;763.2707791951368;5.26342418664386;-20.101001931474286;89.29208159446716;107.30747866630554;117.8205531835556;49.05006408691406;True;True;False;False;0.28510711390806;1.362156276491614;0.24667415581516264;0.215244625375641
89.74940057056662;80.23189597222407;118.24845655886296;48.12185765212684;89.74940057056662;110.13875513130576;118.24845655886296;48.12185765212684;89.74940057056662;110.13875513130576;331.0230692865827;763.9469195722684;5.250599429433379;-20.13875513130577;89.16621661186218;107.4301769733429;118.103728890419;48.34892392158508;True;True;False;False;0.28983560018128746;1.3848788538200032;0.24688707518206598;0.2097376262576193
89.54808173329887;79.62973487977933;118.44816462432772;47.43981891541879;89.54808173329887;110.18950484014862;118.44816462432772;47.43981891541879;89.54808173329887;110.18950484014862;328.23640251805625;765.0496371707284;5.451918266701128;-20.18950484014861;89.14492797851562;107.3756935596466;118.36908400058746;47.62577682733536;True;True;False;False;0.292327905974406;1.4090810519933321;0.24663615113234483;0.20517345139806606
89.37279244357077;79.10594244756818;118.95191837680542;46.70219248558888;89.37279244357077;110.35793444838544;118.95191837680542;46.70219248558888;89.37279244357077;110.35793444838544;325.2076093228961;766.1271381857447;5.6272075564292265;-20.35793444838545;88.97262072563171;107.39652585983276;118.62514197826384;46.83467969298363;True;True;False;False;0.29468573228170114;1.4359031876207369;0.24853632888011595;0.20314675129741022
89.1573419233562;78.70980126275825;118.9079258785122;45.82423270284527;89.1573419233562;110.50003763451848;118.9079258785122;45.82423270284527;89.1573419233562;110.50003763451848;322.2090116908453;767.308333567031;5.842658076643801;-20.50003763451849;88.7689163684845;107.52082133293152;118.94387364387512;46.03669986128807;True;True;False;False;0.2942669974745671;1.462084110337482;0.2484473261236922;0.20404677582516562
89.0254448125316;78.32726684703691;119.27942565806632;45.38741338453229;89.0254448125316;110.58103412058252;119.27942565806632;45.38741338453229;89.0254448125316;110.58103412058252;319.31368036744806;768.3511488655661;5.974555187468397;-20.58103412058253;88.5488600730896;107.62301921844482;119.16297256946564;45.29479458928108;True;True;False;False;0.29419206480983356;1.4883745338757772;0.2486811316884183;0.20414481016093128
88.91547638706791;77.86778782146308;119.6281052963751;44.74287381426736;88.91547638706791;110.78520914995975;119.6281052963751;44.74287381426736;88.91547638706791;110.78520914995975;316.16119242594925;769.3676930748226;6.084523612932088;-20.78520914995977;88.44819021224976;107.6630036830902;119.42126631736755;44.55476611852646;True;True;False;False;0.2975444029641158;1.5171763222594759;0.24786891169630867;0.2043630415972117
88.77169927988398;77.77780683009198;119.86693409418224;43.86291376758721;88.77169927988398;110.6454884997139;119.86693409418224;43.86291376758721;88.77169927988398;110.6454884997139;313.6692725064464;770.466517104248;6.2283007201160245;-20.645488499713903;88.30228805541992;107.84066939353944;119.71387028694151;43.87440517544746;True;True;False;False;0.29864334012620575;1.5393667873666756;0.244697291886881;0.2034633622553387
88.6363064457872;77.36849482188488;120.09618318105916;43.25762299069584;88.6363064457872;110.66425528791557;120.09618318105916;43.25762299069584;88.6363064457872;110.66425528791557;310.8790071300812;771.5677428684571;6.3636935542128015;-20.66425528791555;88.13571262359619;107.64159059524536;119.96431589126588;43.26122060418129;True;True;False;False;0.30243293808002847;1.5654546256229287;0.24159826694346961;0.20181297039980767
88.32007495451188;76.92476914770346;120.34018311779424;42.68763694796303;88.32007495451188;110.63729945645196;120.34018311779424;42.68763694796303;88.32007495451188;110.63729945645196;308.1776847546197;773.0486983249028;6.679925045488119;-20.63729945645196;88.00942587852478;107.66637086868286;120.26874125003816;42.54036337137222;True;True;False;False;0.3038681123106614;1.5897557835615708;0.24043857979257138;0.20230088552804068
88.27680803713642;76.607166615781;120.5721779111758;42.26744336643054;88.27680803713642;110.8019795109611;120.5721779111758;42.26744336643054;88.27680803713642;110.8019795109611;305.09668471807447;774.0258888323855;6.723191962863581;-20.801979510961104;87.66799187660217;107.5979070663452;120.5414855480194;41.823890805244446;True;True;False;False;0.3077561379288498;1.6179761677637612;0.2397481980398198;0.20649460529124228
88.13729548845679;76.20359326307957;120.89491172173412;41.65229456528004;88.13729548845679;110.71969874861826;120.89491172173412;41.65229456528004;88.13729548845679;110.71969874861826;302.487648974632;775.2013395247932;6.862704511543214;-20.719698748618256;87.62642407417297;107.73452353477478;120.779447555542;41.252741664648056;True;True;False;False;0.31068984428851476;1.6418890532951824;0.23922782505309756;0.20997312263406773
87.90147097355984;75.7595727832692;120.97744974961184;40.74602440760586;87.90147097355984;110.65320743842622;120.97744974961184;40.74602440760586;87.90147097355984;110.65320743842622;299.8580050952003;776.5880158227928;7.098529026440161;-20.65320743842622;87.50133347511292;107.65834355354308;121.041157245636;40.70599585771561;True;True;False;False;0.3127159864291018;1.6656233099476236;0.2384469935152163;0.20958685686885278
87.9371209758777;75.09642057720913;121.06688636934145;40.0171432090239;87.9371209758777;110.47307545084692;121.06688636934145;40.0171432090239;87.9371209758777;110.47307545084692;297.4645080785688;777.4631863550158;7.062879024122296;-20.47307545084692;87.28717494010925;107.50961351394652;121.2678289413452;40.10957628488541;True;True;False;False;0.31851652169119066;1.6888719129537877;0.23841777764732863;0.2090703957534131
87.76684685320177;74.59901926138541;121.1955928623252;39.35138063191472;87.76684685320177;110.55145523544412;121.1955928623252;39.35138063191472;87.76684685320177;110.55145523544412;294.57800511592814;778.7454518035839;7.23315314679823;-20.551455235444124;87.24915409088135;107.31218719482422;121.45668268203735;39.38262641429901;True;True;False;False;0.32222387367099353;1.7165976492795825;0.23971254162596992;0.20855091254196217
87.78292610057882;74.24870429252815;121.63042053227976;38.666849510060594;87.78292610057882;110.40500475141864;121.63042053227976;38.666849510060594;87.78292610057882;110.40500475141864;292.13071205258655;779.677713728403;7.21707389942118;-20.40500475141863;87.05031728744507;107.38296723365784;121.62400484085084;38.60277697443962;True;True;False;False;0.32952157052197356;1.7402235457110486;0.23946221053351185;0.20803265795587322
87.51014206993099;73.6858555518669;122.08926774495748;38.17214879845552;87.51014206993099;110.2380006878515;122.08926774495748;38.17214879845552;87.51014206993099;110.2380006878515;289.74405287953164;781.1855583096215;7.489857930069007;-20.238000687851496;87.09334397315979;107.19477128982544;121.8298727273941;37.91060611605644;True;True;False;False;0.32999106278358104;1.7637329279797789;0.23998861622723414;0.20849496121764272
87.82803693135818;73.17205201725946;122.16177057503111;37.5508877160007;87.82803693135818;110.02577412840428;122.16177057503111;37.5508877160007;87.82803693135818;110.02577412840428;287.47010590671255;781.5484163107762;7.171963068641816;-20.025774128404265;86.85264897346497;107.0340313911438;122.13576018810272;37.28014186024666;True;True;False;False;0.342768207892368;1.7860022624481253;0.23761373042512068;0.2090939456178191
87.79268973805762;72.87061654898375;122.693657070942;37.17186845768035;87.79268973805762;109.65776207990297;122.693657070942;37.17186845768035;87.79268973805762;109.65776207990297;285.53602678659456;782.5753724398629;7.207310261942382;-19.65776207990297;87.15221786499023;106.78643608093262;122.40716695785522;36.67625606060028;True;True;False;False;0.3481547554189384;1.8067682412720458;0.23756494740889433;0.21432266369628428
87.6683446750026;72.42260111883058;122.96996458872;36.762372700089415;87.6683446750026;109.63898142639157;122.96996458872;36.762372700089415;87.6683446750026;109.63898142639157;282.9525531496303;783.7850372675653;7.331655324997399;-19.638981426391556;87.11170792579651;106.47542428970335;122.77420043945312;36.16186499595642;True;True;False;False;0.351654195609443;1.8311336871297343;0.2372778555358334;0.2218131352388785
87.79133233228868;72.05292060690493;123.19353804174985;36.26266346137164;87.79133233228868;109.50218299773144;123.19353804174985;36.26266346137164;87.79133233228868;109.50218299773144;280.6076191500983;784.5166159963261;7.208667667711325;-19.50218299773145;86.95457029342651;106.4614715576172;123.10658931732178;35.672462433576584;True;True;False;False;0.3602873627579498;1.8530329920359525;0.23723340059550702;0.22881793106370676
87.63594158633526;71.86373671851835;123.60193169200258;35.44892042914885;87.63594158633526;109.28695777201878;123.60193169200258;35.44892042914885;87.63594158633526;109.28695777201878;278.43777853515945;785.7885531772611;7.364058413664736;-19.28695777201878;87.09131813049316;106.28028655052184;123.37979912757874;35.23851320147514;True;True;False;False;0.3640020126227474;1.8741416662297332;0.23817427302550476;0.2295590867399707
87.59660432762173;71.82861921869062;123.8975649201794;34.93320629133868;87.59660432762173;109.1563604618044;123.8975649201794;34.93320629133868;87.59660432762173;109.1563604618044;276.1273787859857;786.8491021498435;7.403395672378267;-19.15636046180441;86.91470336914062;106.04276514053343;123.73064458370207;34.71648544073105;True;True;False;False;0.3697292155926962;1.8969509571964684;0.23832015036540483;0.2301914882719717
87.35714065887848;71.78617826588923;124.23591017829465;34.332940498018324;87.35714065887848;108.92192807661884;124.23591017829465;34.332940498018324;87.35714065887848;108.92192807661884;274.0420621614496;788.3151489103137;7.642859341121522;-18.92192807661885;86.84458708763123;105.91415524482728;124.03105080127716;34.11725804209709;True;True;False;False;0.3729448752087199;1.9183071705923596;0.23721471096808153;0.2302550871140582
87.4722246966901;71.40469479498643;124.31662195687724;33.80085372600239;87.4722246966901;108.93549448277756;124.31662195687724;33.80085372600239;87.4722246966901;108.93549448277756;271.49200560558296;789.10402874684;7.527775303309895;-18.93549448277757;86.64673900604248;105.69060730934144;124.35845017433168;33.476831167936325;True;True;False;False;0.3811416886901862;1.942331074056266;0.23531341681775625;0.23209626613386852
87.36618382754506;71.22682023932423;124.23194516416332;33.19599577667573;87.36618382754506;108.84369402426904;124.23194516416332;33.19599577667573;87.36618382754506;108.84369402426904;269.1508739248964;790.3198138589047;7.633816172454942;-18.84369402426904;86.7232232093811;105.65984630584715;124.6342432498932;32.933495566248894;True;True;False;False;0.3860091132506241;1.9652410725959948;0.23811237203479715;0.23290699834358708
87.33522235860991;70.58706709844519;124.34812531522448;32.590348396903124;87.33522235860991;108.9863678519976;124.34812531522448;32.590348396903124;87.33522235860991;108.9863678519976;266.35303373287;791.3995789531023;7.664777641390088;-18.986367851997613;86.58952450752258;105.57273507118224;124.79069471359252;32.3626472055912;True;True;False;False;0.3917915719831859;1.9919989116056729;0.2414408636136508;0.2338929668352885
87.28853940050155;70.23487838187806;124.6221372777996;32.17973974879157;87.28853940050155;108.57903804728396;124.6221372777996;32.17973974879157;87.28853940050155;108.57903804728396;264.6361776286976;792.5149152215043;7.7114605994984515;-18.579038047283973;86.54015755653381;105.64054203033449;124.91473734378816;31.799212619662285;True;True;False;False;0.3982112445092558;2.01146061283623;0.24249388878288866;0.23651347585512827
87.30119143695218;70.04482840131384;124.93459912950208;31.64359175382682;87.30119143695218;108.76397725922868;124.93459912950208;31.64359175382682;87.30119143695218;108.76397725922868;261.78909413183703;793.5178058952029;7.69880856304782;-18.763977259228668;86.50448060035706;105.26923203468324;125.03198087215424;31.235791966319084;True;True;False;False;0.40445914642569614;2.038863892071854;0.23948521593014105;0.239594957402881
87.35102465960524;69.74251317541004;125.0347184888304;31.209127225583668;87.35102465960524;108.58226407435916;125.0347184888304;31.209127225583668;87.35102465960524;108.58226407435916;259.65065686701223;794.4446472583031;7.648975340394756;-18.58226407435916;86.50156283378601;105.39769673347472;125.22306382656096;30.72094522416592;True;True;False;False;0.4120701767168756;2.0611203646065306;0.23948273257715047;0.24382325836952007
86.8494514264322;69.37150035378039;125.21644191645925;30.58864597475644;86.8494514264322;108.26912011924196;125.21644191645925;30.58864597475644;86.8494514264322;108.26912011924196;257.79930956733205;796.4676571033685;8.150548573567804;-18.26912011924196;86.52787804603577;105.21882796287537;125.43043315410614;30.2592521160841;True;True;False;False;0.41310043170071964;2.0811870876271477;0.24027502521089952;0.24581900013184355
86.57616782943691;69.18022803683745;125.63803658062614;30.04190689698916;86.57616782943691;108.21121705076422;125.63803658062614;30.04190689698916;86.57616782943691;108.21121705076422;255.47923302172197;798.1009641071681;8.423832170563088;-18.21121705076422;86.06266021728516;104.8949489593506;125.6526529788971;29.753275513648987;True;True;False;False;0.415944255002197;2.1049682875174494;0.24022414822804916;0.2467514761799086
86.77295573756172;68.69492429845538;126.10298338195678;29.62682913546027;86.77295573756172;108.3426606247285;126.10298338195678;29.62682913546027;86.77295573756172;108.3426606247285;252.78818360035817;798.8305659136603;8.227044262438284;-18.34266062472849;85.78103351593018;104.830073595047;125.92567265033722;29.25046406686306;True;True;False;False;0.4263877463633028;2.131132035453874;0.23735600321990888;0.24928505149927424
86.89714785787359;68.33332248763418;126.533645769955;29.2344964135589;86.89714785787359;108.20697192897887;126.533645769955;29.2344964135589;86.89714785787359;108.20697192897887;250.61387290856027;799.6791209080283;8.102852142126409;-18.206971928978877;86.00490641593933;104.96586728096008;126.2346875667572;28.707232549786568;True;True;False;False;0.434667026724132;2.153240700812371;0.23433521328285373;0.2540901380000783
86.73083545778577;68.01098225755773;126.78798222144955;29.09594146618897;86.73083545778577;108.16334562200122;126.78798222144955;29.09594146618897;86.73083545778577;108.16334562200122;248.2735292653184;801.0921259938208;8.269164542214227;-18.163345622001216;86.09505295753479;104.7957034111023;126.6067761182785;28.240964636206627;True;True;False;False;0.4376541356298719;2.17691363093055;0.2334658989699812;0.26662388957815986
86.70818528100368;67.69456924846413;127.04901594629214;28.566235203508715;86.70818528100368;108.0149088102301;127.04901594629214;28.566235203508715;86.70818528100368;108.0149088102301;246.1486234725938;802.2399816196802;8.29181471899632;-18.014908810230096;85.93872427940369;104.80627512931824;126.9876503944397;27.86913670599461;True;True;False;False;0.4437578810849793;2.198233994409696;0.23154120859614316;0.2747171556052826
86.83021503711004;67.32220076186698;127.44789988853164;27.926556189651777;86.83021503711004;108.1528465858584;127.44789988853164;27.926556189651777;86.83021503711004;108.1528465858584;243.4707600799732;803.1014974033336;8.169784962889963;-18.152846585858413;85.92129373550415;104.62801480293274;127.32760548591614;27.52467483282089;True;True;False;False;0.45213189397263553;2.223731636455669;0.23171073420810998;0.27737089574316187
86.7922203552544;67.04275067292859;127.8764994610682;27.578220845282967;86.7922203552544;107.93236783787393;127.8764994610682;27.578220845282967;86.7922203552544;107.93236783787393;241.491338031161;804.2667914287636;8.2077796447456;-17.932367837873926;86.02627110481262;104.69286251068117;127.65279531478882;27.141854092478752;True;True;False;False;0.45792723494710696;2.2449970669900736;0.23122855483792001;0.2803316662288703
86.91208023706574;66.81674504964363;128.25317215252352;26.788219383835543;86.91208023706574;107.55811641737309;128.25317215252352;26.788219383835543;86.91208023706574;107.55811641737309;239.84885849377952;805.1214422844403;8.087919762934263;-17.55811641737307;85.97515487670898;104.48557662963869;128.0028474330902;26.6255534440279;True;True;False;False;0.46651408616117795;2.2639010023647064;0.23217271894254313;0.28071097535332784
86.88429799112649;66.314603106652;128.4139020456875;25.936687323211395;86.88429799112649;107.23633881963482;128.4139020456875;25.936687323211395;86.88429799112649;107.23633881963482;238.15133150027293;806.2553960780433;8.115702008873512;-17.236338819634824;86.06463766098022;104.13146209716795;128.36519956588745;26.082975529134277;True;True;False;False;0.47298316859509754;2.282947435124637;0.23142118666673514;0.28088743221326357
87.06642407108606;65.78132936665625;128.59481664055204;25.237446470822768;87.06642407108606;107.00353151958744;128.59481664055204;25.237446470822768;87.06642407108606;107.00353151958744;236.3187675910831;806.9732375193073;7.933575928913939;-17.003531519587426;86.04462814331055;103.77335810661316;128.68926167488098;25.52296631038189;True;True;False;True;0.48213694341917435;2.3035930030455942;0.2303110540207362;0.2821380450779914
87.15670513304875;65.52660945426034;128.9071487691144;24.726430991352963;87.15670513304875;106.3380338062083;128.9071487691144;24.726430991352963;87.15670513304875;106.3380338062083;235.38262548189635;807.8504855192372;7.843294866951254;-16.3380338062083;86.17867946624756;103.52682757377625;128.97530257701874;24.80447925627232;True;True;False;True;0.48867114778309884;2.3189067943959434;0.22957219191923123;0.2817847867281862
86.83264681842398;65.18947347977922;129.2564347104239;24.023179999340247;86.83264681842398;106.21711479358594;129.2564347104239;24.023179999340247;86.83264681842398;106.21711479358594;233.44605899964665;809.5443747974135;8.167353181576019;-16.217114793585935;86.27742028236389;102.88610124588013;129.2375761270523;24.146828427910805;True;True;False;False;0.49124769630095955;2.3404169163545;0.22711694954731215;0.27998427978401513
86.70092549222198;64.89799815414266;129.48024000565744;23.5429111577819;86.70092549222198;106.14827382142276;129.48024000565744;23.5429111577819;86.70092549222198;106.14827382142276;231.4214589714949;810.8967978740277;8.299074507778016;-16.148273821422748;85.95783495903015;102.7558319568634;129.50920581817627;23.570055849850178;True;True;False;False;0.49633026089677995;2.362014542660686;0.22682131413211745;0.2786607214067725
86.61705194017426;64.72272074725798;129.63313659715556;23.15268416292674;86.61705194017426;105.93969015105291;129.63313659715556;23.15268416292674;86.61705194017426;105.93969015105291;229.68552313604488;812.1710882458269;8.382948059825736;-15.939690151052917;85.84433245658875;102.68700170516968;129.79121446609497;23.04806107655168;True;True;False;False;0.5017619765842198;2.3822071996427496;0.2268436321874238;0.27777880136166727
86.74695178996114;64.1158811802931;129.93527971272042;22.3937972708976;86.74695178996114;105.73301973697758;129.93527971272042;22.3937972708976;86.74695178996114;105.73301973697758;227.97357194405515;813.02901495423;8.253048210038855;-15.733019736977582;85.72555446624756;102.46682095527648;130.0449514389038;22.529089264571667;True;True;False;False;0.511085725482257;2.401996466068567;0.2268988809915658;0.2777748973703233
86.46402036940329;63.886828272761605;129.96742702836087;22.134112190388045;86.46402036940329;105.20870128929955;129.96742702836087;22.134112190388045;86.46402036940329;105.20870128929955;226.92447287448084;814.6952842233509;8.535979630596714;-15.208701289299569;85.82501435279846;102.2694845199585;130.30938863754272;22.05915441736579;True;True;False;False;0.5147004767834918;2.4174658650276193;0.22619044945932473;0.2778474837066251
86.11420944181744;63.43882433251717;130.15907209226725;21.62210541439581;86.11420944181744;105.05613721841988;130.15907209226725;21.62210541439581;86.11420944181744;105.05613721841988;225.2017741776669;816.5330366959355;8.885790558182563;-15.056137218419892;85.55323338508606;101.75603365898132;130.49407243728638;21.605667294934392;True;True;False;False;0.5161503456948452;2.4368259684669096;0.22642667187358062;0.27761998725551174
85.92374440669158;63.28992963599853;130.88064467412013;20.988238632200588;85.92374440669158;104.60859387473796;130.88064467412013;20.988238632200588;85.92374440669158;104.60859387473796;224.0893759025748;818.0987388406115;9.076255593308415;-14.608593874737965;85.23333692550659;101.63646054267883;130.672789812088;21.12045936286449;True;True;False;False;0.5203289397810155;2.4526426371361136;0.2267465527001076;0.2777754571669797
86.02895933410639;62.73618860997259;131.30356251771462;20.63030383466925;86.02895933410639;104.2621036916891;131.30356251771462;20.63030383466925;86.02895933410639;104.2621036916891;222.8345437520408;819.098476398223;8.97104066589361;-14.262103691689106;85.09620881080627;101.21165585517883;131.0057556629181;20.736567554995418;True;True;False;False;0.5278395109435852;2.4687422378588213;0.22848892636146573;0.2773568142164533
86.23525228793373;62.33154790901734;131.76563864492448;20.20017494250988;86.23525228793373;103.758571356915;131.76563864492448;20.20017494250988;86.23525228793373;103.758571356915;221.93999459603043;819.8820292460208;8.764747712066267;-13.758571356915011;85.1823935508728;100.89326667785645;131.38219118118286;20.270781852304932;True;True;False;False;0.5372744628242722;2.483190876812432;0.23012323899809337;0.2768884220726746
86.18741026186032;61.970158385353976;132.21036419238595;19.92750268821905;86.18741026186032;103.73189597222428;132.21036419238595;19.92750268821905;86.18741026186032;103.73189597222428;220.15886918448996;821.1463463264431;8.812589738139678;-13.731895972224264;85.37077617645264;100.41101241111755;131.82316899299622;19.83072000555694;True;True;False;False;0.5428545069037144;2.502387060684456;0.23238997987086854;0.2760002669929313
86.16259978492339;61.41902942635235;132.72318726917425;19.62556925153558;86.16259978492339;103.17973487977952;132.72318726917425;19.62556925153558;86.16259978492339;103.17973487977952;219.43227190641616;822.3709792454023;8.837400215076613;-13.17973487977953;85.3679552078247;100.3625304698944;132.34136939048767;19.4988654833287;True;True;False;False;0.5477531502826948;2.515634690006654;0.2302722107663248;0.2758370373664176
86.16659490616743;60.89316935314224;132.8197104520651;19.2686631128335;86.16659490616743;102.7059424475684;132.8197104520651;19.2686631128335;86.16659490616743;102.7059424475684;218.62255878686784;823.541309031591;8.833405093832567;-12.70594244756839;85.34137725830078;99.8973195552826;132.79321789741516;19.1847254242748;True;True;False;False;0.5533170681662435;2.5288694965452576;0.22328178083736788;0.2753248031271657
86.08719968322514;60.59994199004517;133.08917059559167;19.02005954481777;86.08719968322514;102.35980126275844;133.08917059559167;19.02005954481777;86.08719968322514;102.35980126275844;217.62071549681195;824.87788682332;8.912800316774863;-12.359801262758452;85.2951078414917;99.41958713531494;133.15775990486145;18.90455177985132;True;True;False;False;0.5571619767048713;2.543367911118851;0.21874693604090284;0.2740091101951193
86.24142838220807;60.124396645022856;133.56710017874946;19.01766585919121;86.24142838220807;102.02726684703713;133.56710017874946;19.01766585919121;86.24142838220807;102.02726684703713;216.63781082655348;825.7578028009241;8.75857161779193;-12.027266847037112;85.27107429504395;99.11291742324828;133.49594473838806;18.631614884361625;True;True;False;False;0.5630578180304491;2.556986784133782;0.2159087337034419;0.2722847929519744
86.43237125375315;59.654654511861885;133.91486605474822;18.710983647115533;86.43237125375315;101.61778782146328;133.91486605474822;18.710983647115533;86.43237125375315;101.61778782146328;215.8531332980962;826.5437266068728;8.567628746246854;-11.61778782146328;85.44683861732483;98.81484198570251;133.82096409797668;18.405117550864816;True;True;False;False;0.5708442657408808;2.569752497311773;0.21591276574330442;0.26781289321970136
86.20214367855546;59.480695680389424;134.2371014669571;18.38183524467988;86.20214367855546;101.5778068300922;134.2371014669571;18.38183524467988;86.20214367855546;101.5778068300922;214.38405690464327;828.1465322567678;8.797856321444542;-11.577806830092186;85.5853979587555;98.44424414634705;134.13098216056824;18.24113931506872;True;True;False;False;0.5738607880901588;2.58544818001575;0.21613182090860167;0.2676552950068881
86.2534756288284;59.30310200898381;134.74414254844757;18.14973062943549;86.2534756288284;101.21849482188507;134.74414254844757;18.14973062943549;86.2534756288284;101.21849482188507;213.55897334371184;829.2169158657479;8.746524371171603;-11.218494821885088;85.40065908432007;98.39064574241638;134.4795525074005;18.06967835873365;True;True;False;False;0.5795780911026771;2.597745964181276;0.21744598306512022;0.26678139742107904
86.18356960563182;59.19880762047527;135.12992699285795;17.753080910579396;86.18356960563182;100.82476914770366;135.12992699285795;17.753080910579396;86.18356960563182;100.82476914770366;212.85062538249;830.5229311616306;8.816430394368183;-10.824769147703662;85.4538426399231;98.08329844474792;134.88941311836243;17.800636030733585;True;True;False;False;0.5837349734921666;2.6098770517565404;0.2184803004881282;0.2658365704402683
86.02792617805308;58.46869289309336;135.27240769472607;17.412546179331027;86.02792617805308;100.5571666157812;135.27240769472607;17.412546179331027;86.02792617805308;100.5571666157812;211.94252789330775;832.0097420693705;8.972073821946921;-10.5571666157812;85.35372591018677;97.71284580230711;135.29523491859436;17.52280879765749;True;True;False;False;0.5846724140382396;2.6217713460782264;0.21728835928996723;0.2657101153985272
86.1145457812915;58.0958052334073;135.5645636121869;17.118956837819933;86.1145457812915;100.20359326307975;135.5645636121869;17.118956837819933;86.1145457812915;100.20359326307975;211.24205238327315;833.0327793724866;8.885454218708503;-10.203593263079767;85.25778532028198;97.4462366104126;135.645352602005;17.251011915504932;True;True;False;False;0.5903164527052607;2.632554974352135;0.21742170915181955;0.265123408166956
86.1611389347092;57.96305885050917;135.92555929742088;17.027298484738687;86.1611389347092;99.80957278326942;135.92555929742088;17.027298484738687;86.1611389347092;99.80957278326942;210.66961424114987;834.1243202948124;8.8388610652908;-9.809572783269417;85.30594229698181;97.1293478012085;135.9823441505432;16.94334927946329;True;True;False;False;0.5957038165919397;2.642804558658652;0.21682056146194098;0.2651051132475462
86.15424437386052;57.591180271798585;136.25466838510255;17.013183607733826;86.15424437386052;99.19642057720934;136.25466838510255;17.013183607733826;86.15424437386052;99.19642057720934;210.5879756155008;835.3166242252152;8.845755626139479;-9.196420577209338;85.3654453754425;96.77559971809389;136.28345847129822;16.701582856476307;True;True;False;False;0.6000841010131848;2.650777810591622;0.21625767763920853;0.2644803179762167
86.0548540635986;57.38140551040859;136.69744723761073;16.937130141344507;86.0548540635986;98.7490192613856;136.69744723761073;16.937130141344507;86.0548540635986;98.7490192613856;210.25658883685364;836.6948389292243;8.945145936401403;-8.749019261385612;85.40403318405151;96.22247552871704;136.565021276474;16.558968499302864;True;True;False;False;0.6031749120529117;2.660092406050209;0.21481502552731888;0.26690040812516524
85.9991551217782;57.156830335938594;136.97213922885518;16.76072014654176;85.9991551217782;98.44870429252836;136.97213922885518;16.76072014654176;85.9991551217782;98.44870429252836;209.6906828730501;837.9989229377186;9.000844878221798;-8.448704292528362;85.29346227645874;95.82290744781494;136.92252159118652;16.498882994055748;True;True;False;False;0.6061493102404281;2.6691331460003074;0.2141962673142691;0.26772349359153447
86.04096564917546;57.00439763037594;137.31303687719293;16.619599774339143;86.04096564917546;97.9358555518671;137.31303687719293;16.619599774339143;86.04096564917546;97.9358555518671;209.5898864487021;839.1154145333536;8.959034350824538;-7.935855551867107;85.24888682365417;95.57110142707825;137.27649450302124;16.437674276530743;True;True;False;False;0.6101098698390515;2.6759813041868084;0.21409103505157764;0.26740970878617776
86.25005296024837;56.68160773252675;137.7683388321212;16.242849423018228;86.25005296024837;97.47205201725968;137.7683388321212;16.242849423018228;86.25005296024837;97.47205201725968;209.4593794443347;839.8917778246511;8.749947039751632;-7.472052017259671;85.30414462089539;95.1094720363617;137.63075590133667;16.32611483335495;True;True;False;False;0.6167344207391476;2.6823114446808067;0.21384967779945677;0.2638694808599046
86.49427874651572;56.51279713669828;138.24432032237337;16.157936054669;86.49427874651572;97.22061654898395;138.24432032237337;16.157936054669;86.49427874651572;97.22061654898395;208.96597677858483;840.5699858574166;8.505721253484282;-7.220616548983955;85.53645968437195;94.67722082138062;137.99992680549622;16.158129647374153;True;True;False;False;0.6212264885033344;2.690075674276408;0.21510878251678953;0.2596829616054658
86.46329448834277;56.389246446474814;138.5347198877496;15.916334641723305;86.46329448834277;96.8226011188308;138.5347198877496;15.916334641723305;86.46329448834277;96.8226011188308;208.7992587656933;841.7660505408937;8.536705511657232;-6.822601118830789;85.77615213394165;94.42265605926514;138.40476512908936;15.982483997941015;True;True;False;False;0.62466754289381;2.69653164793949;0.21534076801130606;0.2585299871426158
86.61973455644664;56.101293425884855;138.96123329609958;15.489829745993005;86.61973455644664;96.50292060690516;138.96123329609958;15.489829745993005;86.61973455644664;96.50292060690516;208.5289396403672;842.5913978062403;8.380265443553355;-6.50292060690515;85.74141550064087;94.06023073196413;138.7785518169403;15.776403434574604;True;True;False;False;0.63022553748563;2.7039356961353085;0.2158446424376311;0.2599510950405346
86.97368133206308;55.72670207815841;139.2475102863407;15.252812282877583;86.97368133206308;96.36373671851857;139.2475102863407;15.252812282877583;86.97368133206308;96.36373671851857;207.94025133621963;843.0008729808145;8.02631866793692;-6.363736718518567;85.87572956085205;93.7795512676239;139.166841506958;15.605276450514792;True;True;False;False;0.6387619310165743;2.712375387785527;0.2145814402309403;0.2618797716779472
86.78541941683416;55.64018055643127;139.61567656050332;15.144208589652122;86.78541941683416;96.37861921869084;139.61567656050332;15.144208589652122;86.78541941683416;96.37861921869084;207.0619881067393;844.447572633664;8.21458058316584;-6.3786192186908295;86.21918940544128;93.61096382141112;139.5291543006897;15.352922081947328;True;True;False;False;0.6408549981957375;2.7207776557178107;0.21339461086282305;0.261496413564165
86.82960148301152;55.44239682142017;139.78784113147998;14.75052795594945;86.82960148301152;96.38617826588944;139.78784113147998;14.75052795594945;86.82960148301152;96.38617826588944;206.19638744985;845.454485912398;8.170398516988485;-6.386178265889441;86.05053973197937;93.62591218948364;139.88847732543945;15.099646523594856;True;True;False;False;0.6449424309777978;2.729094578404681;0.21342394818543195;0.26293668504040063
86.87504667792035;54.87196601517699;140.0961906880691;14.50140051094121;86.87504667792035;96.05469479498664;140.0961906880691;14.50140051094121;86.87504667792035;96.05469479498664;206.00786395620364;846.4529819915122;8.124953322079648;-6.054694794986645;86.09396743774414;93.65354800224304;140.20037055015564;14.905404560267923;True;True;False;False;0.6471498705631593;2.73478317878404;0.21341749037740532;0.2651619537462826
86.90341031711405;54.59799416246208;140.41490618168953;14.37508164392819;86.90341031711405;95.92682023932444;140.41490618168953;14.37508164392819;86.90341031711405;95.92682023932444;205.45632042819648;847.4795818227353;8.096589682885948;-5.926820239324442;86.15257167816162;93.33791756629944;140.49433827400208;14.702469892799854;True;True;False;False;0.6505190784123271;2.743473740678848;0.21319855647382102;0.2665873945537138
87.14925342921215;54.67248371893728;140.70857912447028;14.49675113477408;87.14925342921215;95.3370670984454;140.70857912447028;14.49675113477408;87.14925342921215;95.3370670984454;205.84558401137795;848.0674408895906;7.850746570787848;-5.337067098445402;86.15976929664612;93.238844871521;140.7889223098755;14.461368955671787;True;True;False;False;0.6573051262846953;2.7474116719370842;0.21313937003186242;0.2655808642617157
87.23567559466522;54.52630084901511;140.86245490246898;14.560136523919166;87.23567559466522;95.03487838187829;140.86245490246898;14.560136523919166;87.23567559466522;95.03487838187829;205.7383524980528;848.9413627681228;7.764324405334776;-5.034878381878286;86.44342184066772;92.68286514282228;141.06487274169922;14.352378435432913;True;True;False;False;0.6609685915109043;2.752960703622104;0.21351674278839516;0.2641149475592605
87.40742378014129;54.692084864658526;141.2253323899397;14.608956897950744;87.40742378014129;94.89482840131406;141.2253323899397;14.608956897950744;87.40742378014129;94.89482840131406;205.34713534159744;849.6331096512152;7.592576219858714;-4.894828401314058;86.50369930267334;92.43681859970091;141.3297164440155;14.347765929996967;True;True;False;False;0.666279118002162;2.7589232943530098;0.21371872838981618;0.2651259567851823
87.52558372189418;54.34503824930376;141.93537217955742;14.254051171955965;87.52558372189418;94.64251317541026;141.93537217955742;14.254051171955965;87.52558372189418;94.64251317541026;205.1991220065632;850.4091332636906;7.474416278105821;-4.642513175410258;86.67403602600098;92.291255235672;141.5914261341095;14.41557090729475;True;True;False;False;0.6706534366527445;2.7635966162548438;0.2159860049935801;0.2654492513308051
87.83301309948291;54.41254670546102;142.33525343783438;14.280234634800593;87.83301309948291;94.3215003537806;142.33525343783438;14.280234634800593;87.83301309948291;94.3215003537806;205.22214589310116;850.790863345594;7.166986900517088;-4.321500353780607;86.8004264831543;92.07787799835204;141.9845676422119;14.387879483401775;True;True;False;False;0.677838297753815;2.7676197867627716;0.21663371995427486;0.26562482213260674
88.12255875638434;54.20895427537786;142.54967500299304;14.09852989723342;88.12255875638434;94.18022803683766;142.54967500299304;14.09852989723342;88.12255875638434;94.18022803683766;204.92849047981628;851.1673702851933;6.877441243615664;-4.180228036837661;87.12059950828552;91.77012276649477;142.3957395553589;14.31371796876192;True;True;False;False;0.6845203173451742;2.7734080043100042;0.2167894684297936;0.266379954313115
88.58505668965773;54.07016540412452;142.8838141629472;13.974703660268707;88.58505668965773;93.7449242984556;142.8838141629472;13.974703660268707;88.58505668965773;93.7449242984556;205.24173421833535;851.159366584462;6.414943310342267;-3.744924298455601;87.40306282043457;91.65572142601012;142.8035283088684;14.15951292961836;True;True;False;False;0.692779382851991;2.7749830813829286;0.21691815598587835;0.2666886545755941
88.70889907941314;53.90357638464372;143.50040271212575;14.004192108974726;88.70889907941314;93.4333224876344;143.50040271212575;14.004192108974726;88.70889907941314;93.4333224876344;205.3656146001837;851.7670075796634;6.291100920586857;-3.433322487634399;87.85519218444824;91.2288978099823;143.18894624710083;14.10179514437914;True;True;False;False;0.6974982741170932;2.7778812980603487;0.21865797687142968;0.26684187472536386
88.92673187350103;53.61704219042661;143.8140363785933;14.046359049433676;88.92673187350103;93.16098225755796;143.8140363785933;14.046359049433676;88.92673187350103;93.16098225755796;205.452518728652;852.1701554475659;6.073268126498974;-3.160982257557947;87.97495198249817;90.93281364440918;143.58258605003357;14.005297236144544;True;True;False;False;0.7022849409675489;2.7803387493716087;0.21924583764615715;0.2648011621514927
88.92547629934153;53.59754298814642;144.1085477317434;14.00867420150076;88.92547629934153;92.89456924846436;144.1085477317434;14.00867420150076;88.92547629934153;92.89456924846436;205.56388044583147;852.9824356794181;6.0745237006584745;-2.8945692484643644;88.18553590774536;90.73310565948486;143.95415663719177;13.983436189591885;True;True;False;False;0.7039925450640702;2.783849110230586;0.218221630403555;0.26381851861983063
89.01074090919278;53.39066761525408;144.52508289420575;13.874564342910537;89.01074090919278;92.5722007618672;144.52508289420575;13.874564342910537;89.01074090919278;92.5722007618672;205.82267485256384;853.6218429531367;5.989259090807224;-2.572200761867208;88.20397591590881;90.47809839248656;144.30989980697632;13.99873498827219;True;True;False;False;0.7081669776017886;2.7870656948604897;0.21897712529046837;0.2634751768104134
89.31669266422958;53.51362678376685;144.92624785170773;13.683367189710625;89.31669266422958;92.34275067292882;144.92624785170773;13.683367189710625;89.31669266422958;92.34275067292882;205.9386149288584;853.8085073218374;5.683307335770422;-2.3427506729288154;88.27133345603943;90.1706473827362;144.69415068626404;13.98886989802122;True;True;False;False;0.7134252161982407;2.7888091221938964;0.21831792628395663;0.2642517492056833
89.60626699290881;53.54298720170346;145.2372691202398;13.574091879245636;89.60626699290881;92.16674504964384;145.2372691202398;13.574091879245636;89.60626699290881;92.16674504964384;205.97825941903776;853.987132975915;5.3937330070911855;-2.1667450496438505;88.60948324203491;89.950266122818;145.0387477874756;13.91321923583746;True;True;False;False;0.7192502363396133;2.791181675209569;0.21591330236220155;0.2662194206975605
89.88947096645907;53.53546493348541;145.51904113303087;13.640815870743907;89.88947096645907;91.71460310665222;145.51904113303087;13.640815870743907;89.88947096645907;91.71460310665222;206.5936439650685;854.1398894297599;5.110529033540928;-1.7146031066522198;88.86930966377258;89.78688502311707;145.37740468978882;13.797633685171604;True;True;False;False;0.724185603384251;2.7895631014395073;0.2137671167758753;0.2665380172382812
89.97069300112184;53.50292289954207;146.02214427707491;13.829230495118562;89.97069300112184;91.23132936665648;146.02214427707491;13.829230495118562;89.97069300112184;91.23132936665648;207.3315776975064;854.6588492315732;5.029306998878155;-1.2313293666564815;89.16957688331604;89.37715315818787;145.70325016975403;13.716291971504688;True;True;False;False;0.7268981241538515;2.78810482569839;0.21581781216535814;0.26619723055005573
90.1271215545422;53.65117150627756;146.29137863789194;13.87980277218228;90.1271215545422;91.02660945426057;146.29137863789194;13.87980277218228;90.1271215545422;91.02660945426057;207.57684027341068;855.0165663912495;4.8728784454578005;-1.0266094542605655;89.25388789176941;88.98183727264404;146.0597014427185;13.737476877868176;True;True;False;False;0.7310819381845552;2.7882822330400097;0.2164708736027096;0.26601463316366664
90.24412560227482;53.65363950211601;146.80926992300866;13.901013070132208;90.24412560227482;90.73947347977943;146.80926992300866;13.901013070132208;90.24412560227482;90.73947347977943;208.01423096180483;855.4322754218454;4.755874397725179;-0.7394734797794484;89.41668820381165;88.78288984298706;146.3998007774353;13.837848864495754;True;True;False;False;0.7338527677423705;2.786987453091579;0.21933141122462782;0.2641995098671594
90.3595973890023;53.64074388149353;146.82947990652397;14.128773469687662;90.3595973890023;90.49799815414288;146.82947990652397;14.128773469687662;90.3595973890023;90.49799815414288;208.39858514910736;855.8354484347537;4.640402610997697;-0.4979981541428913;89.56700849533081;88.53249430656433;146.76978468894958;13.934361524879932;True;True;False;False;0.7377049714643698;2.785367902274676;0.21542475145516662;0.2646448945129431
90.56628586418772;53.47522463838382;147.09135090125676;14.29121077146996;90.56628586418772;90.3727207472582;147.09135090125676;14.29121077146996;90.56628586418772;90.3727207472582;208.582740208991;856.0407918325159;4.4337141358122665;-0.3727207472582137;89.65864849090576;88.34294319152832;147.0967972278595;14.001796878874302;True;True;False;False;0.7415957825290339;2.783567393379842;0.2034359003745037;0.26573577797042264
90.58367864872962;53.61800950339294;147.31038378462802;14.3211675248146;90.58367864872962;89.81588118029333;147.31038378462802;14.3211675248146;90.58367864872962;89.81588118029333;209.64672324328637;856.5971681482071;4.416321351270383;0.1841188197066685;89.90360260009766;88.19684052467346;147.34444975852966;14.105927385389805;True;True;False;False;0.7438764523436335;2.7813422675884687;0.1953582801794488;0.26549859974739937
90.80968499832925;53.56650625276163;147.82980308191114;14.20335889855846;90.80968499832925;89.63682827276183;147.82980308191114;14.20335889855846;90.80968499832925;89.63682827276183;210.02937823431023;856.7339982958439;4.190315001670768;0.3631717272381678;89.90702509880066;87.73617219924927;147.57352113723755;14.24394030123949;True;True;False;False;0.7478533074289248;2.7789576285997475;0.19445104186412265;0.2655245426430744
90.8948600748326;53.77538054002165;148.3175599147518;14.31157053241949;90.8948600748326;89.2388243325174;148.3175599147518;14.31157053241949;90.8948600748326;89.2388243325174;210.8738090117642;857.1223568097266;4.105139925167407;0.761175667482604;90.17393851280212;87.52385973930359;147.84813404083252;14.31094128638506;True;True;False;False;0.750487179175338;2.775029789464224;0.1992962161544521;0.2637780419304504
90.86795183487368;53.70178272333701;148.63678480376183;14.293803670053366;90.86795183487368;89.13992963599877;148.63678480376183;14.293803670053366;90.86795183487368;89.13992963599877;211.17308849379916;857.7235252796668;4.132048165126321;0.8600703640012313;90.28266334533691;87.1757881641388;148.2292377948761;14.324862398207188;True;True;False;False;0.7505871221211431;2.7739599815028426;0.20301179860823357;0.262045072604587
91.1414691203701;53.76215909695696;149.0775571069737;14.449357863959346;91.1414691203701;88.63618860997282;149.0775571069737;14.449357863959346;91.1414691203701;88.63618860997282;212.2952465943845;857.7274304640241;3.858530879629896;1.3638113900271804;90.22769594192503;87.13069415092468;148.596533536911;14.32332243770361;True;True;False;False;0.7553130169542326;2.769588512580284;0.20794755986761096;0.2616368252649919
91.21719475057532;53.62952943946038;149.08410678123076;14.285145088918702;91.21719475057532;88.28154790901758;149.08410678123076;14.285145088918702;91.21719475057532;88.28154790901758;213.1863695149653;858.0904499875643;3.7828052494246833;1.7184520909824244;90.54279398918152;86.6740083694458;149.02319192886353;14.403097964823246;True;True;False;False;0.7569686589011169;2.76359890140694;0.2080077091038919;0.2616350776175076
91.48872482114017;53.69880362367792;149.56680309970963;14.207733280818513;91.48872482114017;87.97015838535421;149.56680309970963;14.207733280818513;91.48872482114017;87.97015838535421;214.0382755077564;858.0517638796912;3.511275178859833;2.0298416146457896;90.61409950256348;86.35131859779358;149.321631193161;14.43416353315115;True;True;False;False;0.7594825716369314;2.760301931990825;0.20635145359349394;0.2623222829714178
91.57099350090049;53.59817197343138;149.87679633889732;14.104637528362764;91.57099350090049;87.46902942635259;149.87679633889732;14.104637528362764;91.57099350090049;87.46902942635259;215.31117897437903;858.3553965440185;3.429006499099515;2.5309705736474086;90.891010761261;86.03350329399109;149.60055828094482;14.458978287875652;True;True;False;False;0.7611100655809746;2.7524384192532247;0.20723970102367784;0.2634618425563705
91.62643739480168;53.55770146056544;149.95605712933616;14.444213145300306;91.62643739480168;86.99316935314246;149.95605712933616;14.444213145300306;91.62643739480168;86.99316935314246;216.6003618639523;858.7017096227627;3.373562605198316;3.006830646857537;91.01859045028688;85.55794882774353;149.90535736083984;14.385155253112316;True;True;False;False;0.7623417028012532;2.7454356635696398;0.20724967477689246;0.2596271266471883
91.72914101537688;53.29708325043254;150.08946600950108;14.448267384436694;91.72914101537688;86.7499419900454;150.08946600950108;14.448267384436694;91.72914101537688;86.7499419900454;217.48772734306075;858.946110728972;3.2708589846231177;3.2500580099546;91.10016345977785;85.16552305221558;150.12450218200684;14.411786161363125;True;True;False;False;0.7630519529682257;2.7388650527644205;0.20647508638054712;0.2574893440247569
91.7849216930488;53.36261487470545;150.41699194562287;14.50452694961434;91.7849216930488;86.32439664502309;150.41699194562287;14.50452694961434;91.7849216930488;86.32439664502309;218.77215910109933;859.2706639049113;3.215078306951213;3.675603354976914;91.16478300094604;84.9040994644165;150.3328549861908;14.498312436044216;True;True;False;False;0.7645672785991267;2.7309550369344215;0.20582031003066553;0.25698620622806656
92.0219515726916;53.5769225312288;150.63742055826006;14.325657584269154;92.0219515726916;85.90465451186212;150.63742055826006;14.325657584269154;92.0219515726916;85.90465451186212;220.10172381475152;859.2252812532192;2.9780484273084085;4.09534548813788;91.2517421245575;84.54821491241455;150.5421257019043;14.66058935970068;True;True;False;False;0.7663371970159173;2.7208259134388935;0.20546395998784522;0.25885015758686114
92.18232116571642;53.519954357582186;150.69794770356484;14.442037717178614;92.18232116571642;85.78069568038967;150.69794770356484;14.442037717178614;92.18232116571642;85.78069568038967;220.89568754278147;859.3016151908107;2.8176788342835835;4.21930431961033;91.53883790969849;84.16692781448364;150.73648691177368;14.679205752909184;True;True;False;False;0.7684062809393044;2.7151554660220634;0.20496177063065707;0.25980015594271155
92.34776757450008;53.48712453306539;150.9547509044845;14.529190448499197;92.34776757450008;85.65310200898405;150.9547509044845;14.529190448499197;92.34776757450008;85.65310200898405;221.7134487948741;859.3464128844812;2.6522324254999177;4.34689799101595;91.62930250167848;84.01652455329895;150.91534852981567;14.700654558837414;True;True;False;False;0.7704511060355405;2.708864345636205;0.20459710049699759;0.26029249643960145
92.40952907153353;53.49195002488791;151.2260470788163;14.846428689465482;92.40952907153353;85.59880762047551;151.2260470788163;14.846428689465482;92.40952907153353;85.59880762047551;222.4016239706933;859.576520880481;2.5904709284664733;4.401192379524488;91.81166982650755;83.9174656867981;151.11100792884827;14.705858789384363;True;True;False;False;0.7709698013268672;2.7030217491997823;0.2046991579081323;0.2606372128927509
92.72157642383536;53.68049128780907;151.29649213682268;14.766946173291094;92.72157642383536;84.9186928930936;151.29649213682268;14.766946173291094;92.72157642383536;84.9186928930936;224.3486790760604;859.2978222996728;2.278423576164627;5.081307106906394;91.89713549613953;83.89356350898743;151.3266122341156;14.841791652143002;True;True;False;False;0.7738070909119229;2.6916420156617047;0.20386133894221883;0.26073482299756434
93.021135725136;53.79189402434972;151.67619030568116;14.91530410793832;93.021135725136;84.59580523340753;151.67619030568116;14.91530410793832;93.021135725136;84.59580523340753;225.6719620096867;859.0024935072269;1.9788642748639944;5.404194766592468;92.22743082046507;83.24741649627686;151.47347807884216;14.976208321750164;True;True;False;False;0.7755079243485965;2.682307009072129;0.20431003970306255;0.25989930749719187
93.34183666913393;54.1473950623045;151.77267917548693;15.020562710220831;93.34183666913393;84.51305885050941;151.77267917548693;15.020562710220831;93.34183666913393;84.51305885050941;226.55801407769528;858.6249401892129;1.6581633308660884;5.48694114949059;92.52446913719176;82.93912196159363;151.69933676719666;15.129168443381786;True;True;False;False;0.778465484797431;2.673072017886624;0.20429058002098247;0.25950050559415183
93.47918346715502;54.12956471847542;152.24761212543626;14.968701024866178;93.47918346715502;84.19118027179883;152.24761212543626;14.968701024866178;93.47918346715502;84.19118027179883;227.93336338838185;858.5713350372862;1.5208165328449752;5.808819728201172;92.84751844406128;82.88884925842285;151.8970024585724;15.194775350391865;True;True;False;False;0.7798589587509961;2.6610159827489315;0.2046494751173472;0.2600876269283958
93.60301624591284;53.98386739166112;152.23482815207606;15.00234537498476;93.60301624591284;84.03140551040883;152.23482815207606;15.00234537498476;93.60301624591284;84.03140551040883;229.02742220825533;858.5264450174833;1.3969837540871737;5.968594489591169;92.99026083946228;82.57388949394226;152.1322500705719;15.29783345758915;True;True;False;False;0.7811669259762932;2.6494584177553135;0.20485437985885385;0.26082359100080976
93.8624736055664;53.93104548131834;152.48444980421417;15.174124222521092;93.8624736055664;83.85683033593884;152.48444980421417;15.174124222521092;93.8624736055664;83.85683033593884;230.17238515580743;858.1937947987211;1.137526394433607;6.143169664061162;93.09713959693909;82.41608119010925;152.35156536102295;15.35745058208704;True;True;False;False;0.7832507865951435;2.637983382254389;0.20494526581075956;0.2612594379566944
94.09321695154244;54.27691152269721;152.65262512597116;15.219363405459529;94.09321695154244;83.75439763037619;152.65262512597116;15.219363405459529;94.09321695154244;83.75439763037619;231.19633985547424;857.8839782926935;0.9067830484575552;6.2456023696238105;93.392760515213;82.26358985900879;152.5203824043274;15.402572490274906;True;True;False;False;0.7848293402635053;2.624984045993688;0.20438349852883703;0.261227789746128
94.43012942093937;54.238781932968266;152.67674344281548;15.247770600518606;94.43012942093937;83.481607732527;152.67674344281548;15.247770600518606;94.43012942093937;83.481607732527;232.57466663378912;857.3310577603607;0.569870579060634;6.518392267473004;93.6129343509674;82.20941758155823;152.70700693130493;15.499070808291435;True;True;False;False;0.7874166111807016;2.61414160107397;0.20388220622002903;0.26232206327498986
94.70002155121176;54.49712094943995;152.74666463241994;15.365688732512444;94.70002155121176;83.36279713669853;152.74666463241994;15.365688732512444;94.70002155121176;83.36279713669853;233.68140679444244;856.8672562436907;0.2999784487882522;6.637202863301468;93.93038320541382;81.93783712387085;152.8001356124878;15.604562610387802;True;True;False;False;0.7893869322021639;2.6017564055933384;0.20355801283971967;0.26330871828264935
94.88416308022774;54.5687521146914;153.1175117387126;15.670106392675496;94.88416308022774;83.28924644647506;153.1175117387126;15.670106392675496;94.88416308022774;83.28924644647506;234.7134685566629;856.5389703121638;0.1158369197722635;6.710753553524938;94.22110891342165;81.83635830879211;152.91614651679993;15.680961944162846;True;True;False;False;0.7913603255854446;2.5899973159200775;0.20434794563029832;0.26293606655054386
94.96648055730176;54.55234730841507;153.49721489195952;15.86690565222208;94.96648055730176;83.0512934258851;153.49721489195952;15.86690565222208;94.96648055730176;83.0512934258851;236.0841417383128;856.389780280652;0.0335194426982354;6.948706574114894;94.41971755027772;81.74871468544006;153.06175351142883;15.803119577467442;True;True;False;False;0.790948342231707;2.5749141234696196;0.2085027514521556;0.2595839511959611
95.1305592120522;54.72792070939575;153.45013287678367;15.929661166846882;95.1305592120522;82.72670207815867;153.45013287678367;15.929661166846882;95.1305592120522;82.72670207815867;237.65981864364767;856.0660922301776;-0.1305592120521908;7.273297921841333;94.5342779159546;81.55471086502075;153.28455686569214;15.991562306880953;True;True;False;False;0.7914915872225214;2.5615733696714464;0.20880955115123176;0.2568411302337032
95.252277799382;54.91942145884403;153.4759144084361;16.219575523141078;95.252277799382;82.69018055643151;153.4759144084361;16.219575523141078;95.252277799382;82.69018055643151;238.7026347433475;855.8052471605777;-0.252277799382;7.309819443568486;94.65499186515808;81.23494577407837;153.44871878623962;16.20327327400446;True;True;False;False;0.7926200686813167;2.549386544188595;0.20873728831268568;0.25681747601060717
95.81939008648231;54.88890952505657;153.59057536669323;16.241314214354233;95.81939008648231;82.54239682142043;153.59057536669323;16.241314214354233;95.81939008648231;82.54239682142043;239.97284480584543;854.6373855464594;-0.8193900864823291;7.457603178579575;94.82577109336852;81.25207209587097;153.60892057418823;16.371108889579773;True;True;False;False;0.7958527268652081;2.5366651764791004;0.20786352030138364;0.25696438632786434
96.13136378703152;54.89576373373136;153.53759133379538;16.38831529284658;96.13136378703152;82.02196601517724;153.53759133379538;16.38831529284658;96.13136378703152;82.02196601517724;242.0080535088091;853.9041861338301;-1.1313637870315318;7.978033984822758;95.36482501029968;81.07541584968567;153.7009346485138;16.510328613221645;True;True;False;False;0.7976758729672165;2.5194097860566878;0.20695431824515997;0.2572103400637182
96.60355204122696;55.04066291583848;153.5963383197439;16.518411863277983;96.60355204122696;81.79799416246233;153.5963383197439;16.518411863277983;96.60355204122696;81.79799416246233;243.51973507888195;852.8089611205017;-1.6035520412269475;8.20200583753767;95.6723382472992;80.59946036338806;153.68692994117737;16.680250018835068;True;True;False;False;0.7995566457359713;2.50548597394048;0.20713358805836393;0.25760035630797473
96.78896189301042;55.29690921897575;153.55881092920197;16.46770289899742;96.78896189301042;81.92248371893753;153.55881092920197;16.46770289899742;96.78896189301042;81.92248371893753;244.3643567442699;852.2243344781045;-1.7889618930104234;8.077516281062472;96.11762261390686;80.382563829422;153.71708989143372;16.793503500521183;True;True;False;False;0.8011296969431043;2.492954990503671;0.20620470892165244;0.25826545980191234
97.04094135174344;55.227063925879904;153.29397344567383;16.835312953122838;97.04094135174344;81.82630084901535;153.29397344567383;16.835312953122838;97.04094135174344;81.82630084901535;245.6337246549226;851.4818473082371;-2.0409413517434274;8.173699150984646;96.31643867492676;80.47567653656006;153.69304060935974;16.915609501302242;True;True;False;False;0.7987062806698886;2.4799273555011685;0.20967117283249914;0.25708610986094615
97.09087475788928;55.48683501510107;153.27842715360964;16.893802840548474;97.09087475788928;82.04208486465878;153.27842715360964;16.893802840548474;97.09087475788928;82.04208486465878;246.2919831771004;851.1098549823796;-2.0908747578892672;7.957915135341224;96.53910160064696;80.43548464775085;153.59553217887878;17.04232882708311;True;True;False;False;0.7981042248115825;2.469525197291867;0.2100713967596299;0.2531023470261214
97.31261905744282;55.316702751155546;153.173090596663;17.073035483196545;97.31261905744282;81.745038249304;153.173090596663;17.073035483196545;97.31261905744282;81.745038249304;247.94713175918875;850.3875830822205;-2.3126190574428165;8.254961750695998;96.59383392333984;80.59297490119934;153.52760672569275;17.15671207755804;True;True;False;False;0.799281191283037;2.453495045491214;0.21195319325960227;0.24667018940342345
97.37785165633848;55.38355470002424;153.0116431185872;17.102018856359315;97.37785165633848;81.86254670546127;153.0116431185872;17.102018856359315;97.37785165633848;81.86254670546127;248.81277641363369;849.9487686767701;-2.3778516563384926;8.13745329453873;96.80791640281676;80.33104658126831;153.41729998588562;17.364952191710472;True;True;False;False;0.7971437761544622;2.4406775135677057;0.2152937652251488;0.24147043378328825
97.71355064214448;55.28655549445718;153.19907230151392;17.338518731032284;97.71355064214448;81.70895427537812;153.19907230151392;17.338518731032284;97.71355064214448;81.70895427537812;250.2049550464052;848.9603238176463;-2.713550642144469;8.291045724621881;96.8652000427246;80.4308660030365;153.27980995178223;17.47252158820629;True;True;False;False;0.7995526363688417;2.4268445235692258;0.214387717590938;0.24097458008786088
97.72735802217728;55.19088917540226;153.2787339306021;17.589506142897676;97.72735802217728;81.62016540412478;153.2787339306021;17.589506142897676;97.72735802217728;81.62016540412478;251.48800555219475;848.5709023052948;-2.7273580221772704;8.379834595875224;97.2083694934845;80.27706789970398;153.24565052986145;17.61604893952608;True;True;False;False;0.7984396498592935;2.412020301164593;0.2138194308841534;0.2401003369862854
97.98460723574748;55.35775433955171;153.45969936816957;17.66190919963929;97.98460723574748;81.50357638464398;153.45969936816957;17.66190919963929;97.98460723574748;81.50357638464398;252.8384948706064;847.692756141864;-2.984607235747489;8.496423615356022;97.21576070785522;80.2382173538208;153.242267370224;17.76336882263422;True;True;False;False;0.800307100211998;2.3979480787550176;0.21393226842278773;0.2394135644673937
98.27553417937906;55.27577005095719;153.5515832918136;18.03135334093779;98.27553417937906;81.26704219042686;153.5515832918136;18.03135334093779;98.27553417937906;81.26704219042686;254.44441974108807;846.7129546231679;-3.275534179379065;8.732957809573136;97.50145983695984;80.12975525856018;153.29391956329346;17.97169826924801;True;True;False;False;0.799839895760957;2.380376550658246;0.2153013258245007;0.23747999232568387
98.53232724141576;55.562969394151125;153.56863158746924;18.219061577880783;98.53232724141576;81.29754298814669;153.56863158746924;18.219061577880783;98.53232724141576;81.29754298814669;255.54781252025816;845.7626306085106;-3.532327241415772;8.702457011853312;97.80653929710388;79.93084239959717;153.40208888053894;18.178014047443867;True;True;False;False;0.8004839119228133;2.364533707109449;0.21245117990314868;0.23618984433427878
98.94359054248962;55.62128452302912;153.52000589360065;18.40298849288018;98.94359054248962;81.14066761525433;153.52000589360065;18.40298849288018;98.94359054248962;81.14066761525433;257.0218908676233;844.4691270408408;-3.943590542489616;8.85933238474567;98.08305644989014;79.93035840988159;153.45157742500305;18.37758901529014;True;True;False;False;0.8015306260615446;2.344866969160502;0.20832056166986257;0.23520238834726942
98.94836822750976;55.70501049042215;153.23668791951425;18.64381946230358;98.94836822750976;81.31362678376712;153.23668791951425;18.64381946230358;98.94836822750976;81.31362678376712;257.85721684856384;843.9337595984686;-3.948368227509775;8.68637321623288;98.46657681465148;79.76883029937744;153.47423672676086;18.629309656098485;True;True;False;False;0.7996686556871296;2.332723259651592;0.2076827747660304;0.23239127705702228
99.05056248371864;55.962430020983696;153.37424407850767;18.728578305393054;99.05056248371864;81.39298720170372;153.37424407850767;18.728578305393054;99.05056248371864;81.39298720170372;258.8566791081884;843.2029219890495;-4.050562483718636;8.607012798296282;98.46548438072205;79.98747611045837;153.39285731315613;18.82152155973017;True;True;False;False;0.7980046918703988;2.312688274235067;0.20748270665065632;0.2292867478939601
98.93378900997006;55.97105918512563;153.58499041194486;18.882214000445373;98.93378900997006;81.43546493348568;153.58499041194486;18.882214000445373;98.93378900997006;81.43546493348568;259.91932535106395;842.8963939387176;-3.933789009970056;8.564535066514324;98.55901885032654;80.0395257472992;153.34707975387573;19.000961584970355;True;True;False;False;0.7946876515406072;2.2965293042470214;0.2079450453294441;0.22479778237944928
98.91262479586617;56.02053615148706;153.7299506647232;19.15571300432417;98.91262479586617;81.45292289954233;153.7299506647232;19.15571300432417;98.91262479586617;81.45292289954233;261.0263474278192;842.414217165596;-3.912624795866151;8.54707710045767;98.48377227783205;80.10711145401001;153.3766233921051;19.161211317405105;True;True;False;False;0.7951479909681102;2.281650278331092;0.20966582758508379;0.22259369106502483
98.8640261131194;56.35923079767663;153.89568767484772;19.631009793533373;98.8640261131194;81.65117150627782;153.89568767484772;19.631009793533373;98.8640261131194;81.65117150627782;261.76946049440926;841.989731224974;-3.864026113119408;8.34882849372218;98.42998027801514;80.1233389377594;153.4391462802887;19.308368926867843;True;True;False;False;0.7947174555017077;2.2643255417457007;0.21413228545395346;0.22301780802537047
98.91017883159373;56.55615003191393;154.01220714104835;19.60033772630201;98.91017883159373;81.70363950211627;154.01220714104835;19.60033772630201;98.91017883159373;81.70363950211627;262.77770163522865;841.382222306276;-3.9101788315937256;8.296360497883725;98.41043400764464;80.31085729598999;153.57556104660034;19.54932172782719;True;True;False;False;0.7905071843960767;2.2433544123250933;0.21748585409296084;0.22016555060079657
99.18194182605872;56.648457193605736;153.99453821957624;19.764583118084087;99.18194182605872;81.74074388149378;153.99453821957624;19.764583118084087;99.18194182605872;81.74074388149378;263.80967427619146;840.3173391398002;-4.181941826058733;8.259256118506215;98.4605062007904;80.36012053489685;153.7157392501831;19.80747020803392;True;True;False;False;0.7889207329389412;2.225863782503304;0.21724229243436777;0.21438808871875628
99.42597332185964;56.71487948374778;153.8966076503244;19.791915298104996;99.42597332185964;81.62522463838408;153.8966076503244;19.791915298104996;99.42597332185964;81.62522463838408;265.141946911545;839.2716839047239;-4.425973321859644;8.374775361615917;98.73528790473938;80.40954279899597;153.77216458320618;20.02575622871518;True;True;False;False;0.7893402220295238;2.205630237457561;0.21687897596172434;0.19953454896367112
99.3399240637135;56.812114176250525;153.6660212680704;20.126989796501316;99.3399240637135;81.8180095033932;153.6660212680704;20.126989796501316;99.3399240637135;81.8180095033932;265.8730138964089;838.8536526447682;-4.339924063713497;8.181990496606801;98.93868112564088;80.29268002510071;153.76193642616272;20.096864150837064;True;True;False;False;0.7868539435618268;2.1891464127322786;0.2169928341958952;0.18816108245584756
99.33294140130884;57.145986498974544;153.56291710392355;20.53837554242496;99.33294140130884;81.8165062527619;153.56291710392355;20.53837554242496;99.33294140130884;81.8165062527619;266.9669524638858;838.2889614277491;-4.33294140130883;8.183493747238103;98.88842225074768;80.46690249443054;153.6741316318512;20.243303002789617;True;True;False;False;0.783214608216272;2.16701892639347;0.21694879660002617;0.18635412045798974
99.72942072279513;57.14794387517142;153.33901250762352;20.537421316711686;99.72942072279513;82.07538054002191;153.33901250762352;20.537421316711686;99.72942072279513;82.07538054002191;267.5403363889975;836.918277264602;-4.729420722795126;7.924619459978089;98.91004967689514;80.487624168396;153.53237986564636;20.44698224402964;True;True;False;False;0.7837059637283815;2.1502291390347517;0.21668354026023742;0.18185477938075398
99.87386537108765;57.01225048774991;153.12938587760172;20.72632512051867;99.87386537108765;82.05178272333728;153.12938587760172;20.72632512051867;99.87386537108765;82.05178272333728;268.64414795036384;835.998798538311;-4.873865371087646;7.948217276662717;99.2637701034546;80.7346179485321;153.3575439453125;20.711912410333756;True;True;False;False;0.7807679275669216;2.1338778418553366;0.21646093216413406;0.18119741129095707
100.0838430391048;57.12757758645446;152.97135896897518;20.64596701622839;100.0838430391048;82.16215909695723;152.97135896897518;20.64596701622839;100.0838430391048;82.16215909695723;269.483157506679;834.9289944861316;-5.083843039104806;7.837840903042775;99.39121842384338;80.73431372642517;153.158540725708;20.916141169145703;True;True;False;False;0.7796486798536925;2.11762365481208;0.21714578147546945;0.18248708642113734
99.99959044337494;57.21411165934507;152.9197048290728;20.91194946347871;99.99959044337494;82.07952943946064;152.9197048290728;20.91194946347871;99.99959044337494;82.07952943946064;270.6934622754112;834.419653939044;-4.999590443374942;7.920470560539357;99.57385540008544;80.76931309700012;152.9847013950348;20.981373945251107;True;True;False;False;0.7746020118791954;2.098828548505373;0.21704747353480514;0.18056646265773066
100.14823336635465;57.156068026308205;152.89468645645485;21.030755345873917;100.14823336635465;82.19880362367819;152.89468645645485;21.030755345873917;100.14823336635465;82.19880362367819;271.51097664838136;833.455756033968;-5.148233366354631;7.801196376321812;99.5004825592041;80.73021364212036;152.8181529045105;21.097379522398118;True;True;False;False;0.7714446739842014;2.0863469954901728;0.2170728632908978;0.1805248526652828
100.66378661931854;57.33222279326285;152.6918214027987;20.904452683500825;100.66378661931854;82.14817197343166;152.6918214027987;20.904452683500825;100.66378661931854;82.14817197343166;272.65239946571734;831.7382184125262;-5.663786619318543;7.851828026568342;99.66129159927368;80.833172082901;152.70620703697205;21.189976818859577;True;True;False;False;0.7755389745256605;2.0658398905487942;0.217069749532008;0.18218496009337776
100.72735225773822;57.36977033137086;152.2691966634213;21.190546602025176;100.72735225773822;82.1577014605657;152.2691966634213;21.190546602025176;100.72735225773822;82.1577014605657;273.6802508949917;830.8559155864443;-5.727352257738218;7.842298539434296;100.13239336013794;80.7492344379425;152.58341670036316;21.329506235197183;True;True;False;False;0.774376404013571;2.04477495410196;0.21911009252570696;0.1826477611193105
100.83968303402573;57.50397478733961;151.99185994600103;21.633129704714985;100.83968303402573;81.94708325043281;151.99185994600103;21.633129704714985;100.83968303402573;81.94708325043281;275.1471271205154;829.8676070661709;-5.839683034025725;8.052916749567189;100.18911695480348;80.75650119781494;152.36478328704834;21.410941379144788;True;True;False;False;0.7733552075995678;2.024304618919179;0.22146411153499027;0.18360145009393886
100.90374370249216;57.63175994546861;151.81463405545236;21.901786945289945;100.90374370249216;82.06261487470573;151.81463405545236;21.901786945289945;100.90374370249216;82.06261487470573;275.9897861052452;828.9608613247012;-5.90374370249215;7.93738512529427;100.30211472511292;80.61341309547424;152.12708353996277;21.5557948872447;True;True;False;False;0.7693404224451198;2.0049736843316546;0.2232140348639082;0.1860950576526993
101.05761313823966;58.00216002032244;151.64206100820832;22.315628128897803;101.05761313823966;82.32692253122907;151.64206100820832;22.315628128897803;101.05761313823966;82.32692253122907;276.5194888089044;827.8659566262072;-6.05761313823966;7.673077468770927;100.36244750022888;80.72494506835938;151.85388684272766;21.86156576499343;True;True;False;False;0.7697829799949976;1.9911588193110887;0.22174161932795974;0.19093084696920876
101.06903309354298;58.03776407208822;151.30183279897304;22.185894625162405;101.06903309354298;82.31995435758246;151.30183279897304;22.185894625162405;101.06903309354298;82.31995435758246;277.5565021520337;827.0354349638353;-6.069033093542984;7.680045642417539;100.5065450668335;80.94926738739014;151.5884006023407;22.200851272791624;True;True;False;False;0.7697930101708175;1.970478894437206;0.2211236574326779;0.19092973970020327
100.9397296651255;58.24617202536399;151.004558526625;22.448913608803647;100.9397296651255;82.33712453306566;151.004558526625;22.448913608803647;100.9397296651255;82.33712453306566;278.54616788672297;826.4848374081979;-5.939729665125498;7.662875466934338;100.50266623497008;80.9328601360321;151.34261012077332;22.41881100460887;True;True;False;False;0.7681045299825369;1.9545865873741255;0.22257989664674438;0.19053470336208672
101.20132220040368;58.28060138218423;150.69925192024584;22.7130526089398;101.20132220040368;82.39195002488819;150.69925192024584;22.7130526089398;101.20132220040368;82.39195002488819;279.4582336320025;825.1696883822915;-6.201322200403666;7.608049975111811;100.3980622291565;80.9977285861969;151.098130941391;22.603970766067505;True;True;False;False;0.7667730826501987;1.937391830286151;0.22401328478840882;0.1905491804941105
101.38148729994924;58.47154573265526;150.57189949983965;22.78633565871372;101.38148729994924;82.63049128780935;150.57189949983965;22.78633565871372;101.38148729994924;82.63049128780935;279.9955577695084;823.9825152231465;-6.381487299949242;7.369508712190651;100.66391777992249;81.04674291610718;150.81807613372803;22.701750062406063;True;True;False;False;0.7632460590156636;1.9239681282740575;0.2222526341271232;0.19060092311040877
101.25293237072488;58.439348225481005;150.5821258634563;23.030485385882155;101.25293237072488;82.79189402435;150.5821258634563;23.030485385882155;101.25293237072488;82.79189402435;280.65535345805256;823.3887601082686;-6.252932370724892;7.20810597565;100.81853866577148;81.25109720230103;150.5703055858612;22.911006435751915;True;True;False;False;0.7603928816305011;1.9034123822707785;0.21916795693010716;0.19071794118350763
101.4699372879626;58.56334680512802;150.31312951508636;23.440225501463203;101.4699372879626;83.19739506230478;150.31312951508636;23.440225501463203;101.4699372879626;83.19739506230478;280.80543217889635;822.1210259576965;-6.469937287962594;6.802604937695222;100.73428297042848;81.42366027832031;150.41032671928406;23.089251331985;True;True;False;False;0.759853060309398;1.8919378018433652;0.21632189129670198;0.19325432283965363
101.69376592284624;58.629331953128485;149.98005997933927;23.590342347482228;101.69376592284624;83.2295647184757;149.98005997933927;23.590342347482228;101.69376592284624;83.2295647184757;281.6481068582472;820.8107103828676;-6.693765922846225;6.7704352815243;100.87153553962708;81.80117917060852;150.21284461021423;23.269837722182277;True;True;False;False;0.759823620056353;1.8778350053067967;0.2174428765295664;0.19549176550576058
101.86196843728251;58.614755478538974;149.77828819318844;23.364711995296805;101.86196843728251;83.1338673916614;149.77828819318844;23.364711995296805;101.86196843728251;83.1338673916614;282.7422262160791;819.5818032309488;-6.861968437282513;6.866132608338603;101.08488512039185;81.79471445083618;149.9980270862579;23.521451614797115;True;True;False;False;0.7596827190057621;1.8611764248131195;0.21835199248962953;0.19575259446591528
102.04374003642496;58.316187058872806;149.63096679923905;23.38710672634328;102.04374003642496;83.13104548131862;149.63096679923905;23.38710672634328;102.04374003642496;83.13104548131862;283.6633543845431;818.303330907693;-7.04374003642495;6.868954518681377;101.23719668388368;81.7140679359436;149.76348757743835;23.69934163987637;True;True;False;False;0.7579391125474337;1.845268982784635;0.218612023470027;0.1945520237150236
102.38909234303192;58.53226752952038;149.51168067251095;23.486139962739777;102.38909234303192;83.52691152269749;149.51168067251095;23.486139962739777;102.38909234303192;83.52691152269749;283.7874829042762;816.673460956289;-7.389092343031919;6.473088477302511;101.39687871932983;81.70012211799622;149.5152711868286;23.71924925595522;True;True;False;False;0.7580183501844897;1.83410268435126;0.2184288767733229;0.19363366926950604
102.2633104478088;58.64298547465431;149.27673328857378;23.64816142185504;102.2633104478088;83.53878193296855;149.27673328857378;23.64816142185504;102.2633104478088;83.53878193296855;284.62682054737445;815.939812434331;-7.263310447808791;6.461218067031453;101.7405321598053;82.05649065971375;149.315927028656;23.67795143276453;True;True;False;False;0.7573759842636227;1.8151147335829816;0.21822640463942033;0.1931893058014672
102.11346050583391;58.75931577362884;148.83952678161853;23.87010948420716;102.11346050583391;83.84712094944024;148.83952678161853;23.87010948420716;102.11346050583391;83.84712094944024;284.87163825670194;815.2710709252395;-7.113460505833928;6.152879050559761;101.57179260253906;82.06183528900146;149.11260962486267;23.756327144801617;True;True;False;False;0.7547674538208606;1.8030304768281307;0.21832149676475454;0.19334307522408983
102.04914920154552;58.55184927751861;148.61548626742055;23.93088945757564;102.04914920154552;83.96875211469168;148.61548626742055;23.93088945757564;102.04914920154552;83.96875211469168;285.44875979960705;814.4512321330385;-7.049149201545532;6.031247885308318;101.45863580703735;82.33215737342834;148.85315537452698;23.89225877821445;True;True;False;False;0.7536597656092799;1.790794287391097;0.21829317307244944;0.1933249915889848
102.1544153337968;58.62006342466627;148.30023343124537;24.05485494955312;102.1544153337968;84.00234730841535;148.30023343124537;24.05485494955312;102.1544153337968;84.00234730841535;286.1857357968675;813.3008133083299;-7.1544153337968055;5.997652691584648;101.40964221954346;82.43244004249573;148.56796026229858;24.04200866818428;True;True;False;False;0.7542634917184835;1.7764579357054868;0.2197698508775297;0.1930428106773143
102.27367558090592;58.67828020885819;148.2349297124214;24.09057907009878;102.27367558090592;84.22792070939603;148.2349297124214;24.09057907009878;102.27367558090592;84.22792070939603;286.5342760204508;812.1083707696055;-7.273675580905916;5.772079290603969;101.45536541938782;82.48018217086792;148.24901223182678;24.17687527835369;True;True;False;False;0.7538752529806121;1.7647814234873354;0.21963891991376652;0.1928074035493474
102.22893941000612;58.78318081451504;147.92003668117712;24.37869901562209;102.22893941000612;84.46942145884431;147.92003668117712;24.37869901562209;102.22893941000612;84.46942145884431;286.8208850936348;811.2280197006176;-7.22893941000612;5.530578541155691;101.58897423744202;82.68337488174438;148.01590204238892;24.25549767911434;True;True;False;False;0.7519324365752477;1.7544650529345907;0.21976234505470174;0.19299899988505412
102.37552099431817;59.06153734569703;147.86929469115418;24.6112083982856;102.37552099431817;84.48890952505685;147.86929469115418;24.6112083982856;102.37552099431817;84.48890952505685;287.5193194333637;809.9709979439926;-7.375520994318165;5.5110904749431455;101.53559708595276;82.901930809021;147.79152512550354;24.37679886817932;True;True;False;False;0.7524356276971311;1.745785486743816;0.21987027062900547;0.19200379576858326
102.1769593277192;59.16979651935463;147.5370101910349;24.57177150721355;102.1769593277192;84.54576373373165;147.5370101910349;24.57177150721355;102.1769593277192;84.54576373373165;288.1404230793399;809.3847184779481;-7.176959327719203;5.454236266268353;101.66651630401611;82.95886874198914;147.59498715400696;24.52463671565056;True;True;False;False;0.7514502063239274;1.735692627563256;0.21957702402500226;0.18864145394019732
102.19754172517284;59.22631007942633;147.17721831561093;24.639669915212004;102.19754172517284;84.74066291583877;147.17721831561093;24.639669915212004;102.19754172517284;84.74066291583877;288.47785621729474;808.3866257726783;-7.197541725172854;5.259337084161231;101.47347354888916;83.00377607345581;147.38742113113403;24.70597054809332;True;True;False;False;0.7516091084904667;1.7255068966566278;0.22043904448025428;0.18708901321933644
102.10238496712094;59.53053206448593;147.00478728573864;24.522548701386835;102.10238496712094;85.04690921897604;147.00478728573864;24.522548701386835;102.10238496712094;85.04690921897604;288.56660855557504;807.617267058759;-7.1023849671209405;4.95309078102396;101.4655430316925;83.15437984466553;147.117201089859;24.812915436923504;True;True;False;False;0.7502664163247298;1.7202028181345275;0.22067195881293483;0.18832922888499234
101.88945971670888;59.36192916008915;146.92812752905456;24.77915373959682;101.88945971670888;85.02706392588019;146.92812752905456;24.77915373959682;101.88945971670888;85.02706392588019;289.2667112459033;807.0961328973003;-6.889459716708885;4.972936074119815;101.412006855011;83.40478229522705;146.86397552490234;24.806503169238567;True;True;False;False;0.7462158178546227;1.7123900480428766;0.22036661377825942;0.18817988716092734
101.64646595519436;59.16996672763232;146.79682017694972;24.7762003850566;101.64646595519436;85.33683501510136;146.79682017694972;24.7762003850566;101.64646595519436;85.33683501510136;289.31022721067694;806.6635257914348;-6.646465955194358;4.663164984898643;101.18984866142272;83.42210221290588;146.66152358055115;24.851330034434795;True;True;False;False;0.7418849895366295;1.704934294406049;0.21951052717344638;0.1883161780151688
101.73932967547648;59.237125298887584;146.88139425775262;24.74954787896728;101.73932967547648;85.21670275115584;146.88139425775262;24.74954787896728;101.73932967547648;85.21670275115584;290.1722470698878;805.591602890178;-6.739329675476469;4.783297248844164;100.9131724834442;83.73674392700195;146.48402571678162;24.887089245021343;True;True;False;False;0.7431727942820499;1.6953912022111888;0.22241135900216844;0.18866685427673063
101.70773878730556;59.39022911939062;146.5634609440833;25.026995981734476;101.70773878730556;85.33355470002452;146.5634609440833;25.026995981734476;101.70773878730556;85.33355470002452;290.576316138663;804.7562073764562;-6.707738787305573;4.666445299975479;101.01888275146484;83.56926274299622;146.4007580280304;24.995957240462303;True;True;False;False;0.7413545128652966;1.6877220754166529;0.2222702921202708;0.1867012424793584
101.75460158867207;59.6503892924435;146.6938549056798;24.99605220700527;101.75460158867207;85.28655549445747;146.6938549056798;24.99605220700527;101.75460158867207;85.28655549445747;291.2925072564605;803.7681166020825;-6.754601588672074;4.713444505542526;101.0290949344635;83.68037986755371;146.27041459083557;25.04379067569971;True;True;False;False;0.7371787640939983;1.676648236873469;0.22577630425195103;0.18370819018937418
101.74898331628324;59.72825232838451;146.50128331114763;25.05327836916205;101.74898331628324;85.24088917540256;146.50128331114763;25.05327836916205;101.74898331628324;85.24088917540256;292.012299161976;802.8787396017038;-6.748983316283244;4.7591108245974425;101.03885769844057;83.6763904094696;146.184104681015;25.126753076910973;True;True;False;False;0.7383103578302745;1.6624575568436313;0.22764325227611606;0.1827614967532775
102.0551910955608;59.623393199751206;146.11226017614865;25.37077778007852;102.0551910955608;85.457754339552;146.11226017614865;25.37077778007852;102.0551910955608;85.457754339552;292.21311694362345;801.3664596009776;-7.055191095560801;4.542245660448003;101.05281734466551;83.61856746673584;146.11156344413757;25.252589732408524;True;True;False;False;0.7407554879206651;1.6508336837497295;0.22744094889271535;0.1800575351694329
102.19523015310206;59.54540424670895;145.83421927292332;25.550233777988904;102.19523015310206;85.42577005095748;145.83421927292332;25.550233777988904;102.19523015310206;85.42577005095748;292.8827182755389;800.1456893398203;-7.19523015310206;4.574229949042518;101.33450627326964;83.82634425163269;145.9038269519806;25.322921834886078;True;True;False;False;0.7415574337787859;1.6419787414788736;0.22732084176282316;0.17721918130451994
102.06624203715964;59.37738692704097;145.50844511484482;25.597423033369854;102.06624203715964;85.76296939415141;145.50844511484482;25.597423033369854;102.06624203715964;85.76296939415141;292.81821691569;799.4443015512915;-7.06624203715964;4.237030605848588;101.44494581222534;83.7708306312561;145.67303776741028;25.48338260501623;True;True;False;False;0.7404670968845968;1.6343932997842852;0.22773600036730765;0.1747869445469566
102.2933673365946;59.57187621021305;145.04399294529225;25.55412181228045;102.2933673365946;85.87128452302942;145.04399294529225;25.55412181228045;102.2933673365946;85.87128452302942;293.16652407204714;798.047885347467;-7.293367336594585;4.128715476970584;101.31305861473083;84.08371615409851;145.3667175769806;25.675383061170574;True;True;False;False;0.740356141044906;1.6310326471896062;0.22967767148015658;0.17513643383298902
102.21978399427849;59.71501206863609;144.6112619697007;25.54957172453833;102.21978399427849;86.00501049042245;144.6112619697007;25.54957172453833;102.21978399427849;86.00501049042245;293.44956753419046;797.2226030538866;-7.219783994278487;3.9949895095775503;101.52701663970949;84.1648051738739;144.99255061149597;25.75545445084572;True;True;False;False;0.7394485310686417;1.6250421362709773;0.231734755351175;0.1751162996357087
102.11053066618732;59.6394227059731;144.38538200300297;25.72131686304463;102.11053066618732;86.312430020984;144.38538200300297;25.72131686304463;102.11053066618732;86.312430020984;293.367393741011;796.4784718441651;-7.110530666187316;3.687569979016004;101.44834065437315;84.26042771339417;144.60892915725708;25.762366242706776;True;True;False;False;0.7371198989157033;1.6199122175927907;0.23249998927807186;0.1733806467552976
102.16996335845704;59.83096966525441;143.95429047789153;25.94735994098804;102.16996335845704;86.37105918512593;143.95429047789153;25.94735994098804;102.16996335845704;86.37105918512593;293.7418114099293;795.411535704134;-7.1699633584570535;3.6289408148740714;101.32547640800476;84.57918334007263;144.2648959159851;25.78028231859207;True;True;False;False;0.7370460496445365;1.6133959676933465;0.2320729471439261;0.17342851974288637
102.15413940413328;59.955368890408245;143.76961473939815;26.14219249672109;102.15413940413328;86.47053615148735;143.76961473939815;26.14219249672109;102.15413940413328;86.47053615148735;294.026716252523;794.4871884983206;-7.154139404133289;3.5294638485126484;101.36946415901184;84.63161325454712;143.89244675636292;25.87688349187374;True;True;False;False;0.7342623809134345;1.6087344446933736;0.22995001402889312;0.17496288217389733
102.09272852374994;59.93997557162791;143.48776400333097;26.391819867176764;102.09272852374994;86.85923079767693;143.48776400333097;26.391819867176764;102.09272852374994;86.85923079767693;293.71992213994554;793.6561250052029;-7.0927285237499405;3.140769202323071;101.3094356060028;84.74362230300903;143.57610821723938;26.048480086028576;True;True;False;False;0.731841775639661;1.6049641977833395;0.22963567118373446;0.176812623326514
101.81607491523572;60.10760710543965;143.41624986608073;26.42291082861761;101.81607491523572;87.10615003191423;143.41624986608073;26.42291082861761;101.81607491523572;87.10615003191423;293.64485289844737;793.2637350857312;-6.816074915235731;2.8938499680857745;101.2588517665863;85.06620836257935;143.30651760101318;26.238707825541496;True;True;False;False;0.7250614421197503;1.6043880219582716;0.22974640000012972;0.1768068719031926
101.8609515667054;60.07453266644201;143.27745491532778;26.2913562441901;101.8609515667054;87.24845719360604;143.27745491532778;26.2913562441901;101.8609515667054;87.24845719360604;293.74608523747514;792.2651717940938;-6.860951566705396;2.7515428063939567;100.99560284614564;85.33144164085388;143.07865262031555;26.38616293668747;True;True;False;False;0.7251868936477293;1.6010285393526975;0.22860629390302661;0.17679303902286042
101.73551737166328;59.93383679420783;142.68904101551658;26.28142516264768;101.73551737166328;87.36487948374808;142.68904101551658;26.28142516264768;101.73551737166328;87.36487948374808;293.88011303137694;791.6012466419506;-6.735517371663278;2.6351205162519165;101.0175621509552;85.41817259788513;142.9141891002655;26.46860983222723;True;True;False;False;0.7227355741590626;1.5976889404592736;0.22854907057753723;0.17764847002330358
101.40262692608466;59.797007754714805;142.45752578891057;26.52898835894883;101.40262692608466;87.51211417625083;142.45752578891057;26.52898835894883;101.40262692608466;87.51211417625083;293.93699304853834;791.3689585502194;-6.402626926084665;2.487885823749167;100.8861174583435;85.51078057289124;142.63216733932495;26.439291164278984;True;True;False;False;0.7209678366562299;1.595791356539554;0.22868154919924727;0.17783793205829526
101.18635841200606;59.54547173086181;142.43822218613627;26.703130343051946;101.18635841200606;87.89598649897485;142.43822218613627;26.703130343051946;101.18635841200606;87.89598649897485;293.5009665129235;790.947811988232;-6.186358412006058;2.1040135010251504;100.56678104400636;85.6877133846283;142.35674142837524;26.431784369051456;True;True;False;False;0.7192825638013645;1.5971898939609208;0.22789177967372173;0.17931958766154044
100.70984692559033;59.52306677281562;142.3111605422354;26.98029607615215;100.70984692559033;87.94794387517172;142.3111605422354;26.98029607615215;100.70984692559033;87.94794387517172;293.67758689399983;791.0759871727961;-5.709846925590313;2.052056124828283;100.34572219848631;86.0679702758789;142.12689638137817;26.52928501367569;True;True;False;False;0.7131889056617701;1.5938175421454763;0.22749419859703107;0.1820885316840179
100.60200798504118;59.39915176454051;141.9225243792082;26.97690540619322;100.60200798504118;87.86225048775022;141.9225243792082;26.97690540619322;100.60200798504118;87.86225048775022;294.12258115215326;790.5303521304824;-5.602007985041183;2.1377495122497834;99.93489789962769;86.14561605453491;141.9227921962738;26.71817481517792;True;True;False;False;0.7096842043379564;1.5882009097941565;0.22670538542039528;0.18088469017909883
100.54613655473209;59.37544345873686;141.62998683882205;26.9953188621968;100.54613655473209;88.02757758645475;141.62998683882205;26.9953188621968;100.54613655473209;88.02757758645475;294.0769602230442;789.895160593095;-5.5461365547320725;1.972422413545246;99.80442810058594;86.03152585029602;141.7299258708954;26.867465749382973;True;True;False;False;0.7065349893864273;1.58896810371798;0.22650332977132223;0.18067737235860373
100.43932420436975;59.68476927517504;141.22720412859684;26.91924608416122;100.43932420436975;88.16411165934538;141.22720412859684;26.91924608416122;100.43932420436975;88.16411165934538;294.0668817324023;789.3693004198554;-5.439324204369754;1.83588834065462;99.7329912185669;86.18272423744202;141.50089383125305;26.982492357492447;True;True;False;False;0.7056151751075449;1.5903632704318853;0.22596512251754614;0.18045698047001915
100.30102455756123;59.69507357819678;140.99945193251648;26.97212583127485;100.30102455756123;88.1560680263085;140.99945193251648;26.97212583127485;100.30102455756123;88.1560680263085;294.3277541105633;788.9206564862232;-5.3010245575612345;1.8439319736914968;99.63021945953368;86.27623796463013;141.20227098464966;26.974745839834213;True;True;False;False;0.7035988509562547;1.5885120376095392;0.22571275531938279;0.17994619403618195
100.01104403730342;59.68056004998471;140.55747364062114;26.82643257695201;100.01104403730342;88.38222279326315;140.55747364062114;26.82643257695201;100.01104403730342;88.38222279326315;294.1213021731462;788.7938142523973;-5.011044037303421;1.6177772067368466;99.50055170059204;86.27253890037537;140.8689510822296;26.969944834709167;True;True;False;False;0.700854008366879;1.5902924285103028;0.22428554215106733;0.1803651763794943
100.11829607646236;59.73400249902295;140.34067313297734;27.01167619368545;100.11829607646236;88.46977033137117;140.34067313297734;27.01167619368545;100.11829607646236;88.46977033137117;294.1619107244951;787.9111709691056;-5.118296076462357;1.5302296686288344;99.21920156478882;86.47158312797546;140.53018927574158;26.933801248669624;True;True;False;False;0.7020215698666337;1.5906626624388052;0.22494026147051868;0.1795637176431699
100.29020705081052;59.898929589323245;139.93400582558945;26.857669704421227;100.29020705081052;88.65397478733992;139.93400582558945;26.857669704421227;100.29020705081052;88.65397478733992;293.9975324350414;786.8849095435476;-5.290207050810508;1.346025212660081;99.31700897216795;86.57561326026917;140.21792888641355;26.94258369505405;True;True;False;False;0.7028195177625414;1.5912329048883134;0.22656277431012445;0.17761536944399076
100.17833721968606;59.9771682138543;139.83643057364242;26.930306432180544;100.17833721968606;88.83175994546892;139.83643057364242;26.930306432180544;100.17833721968606;88.83175994546892;293.8214321471381;786.4032882656884;-5.178337219686057;1.1682400545310827;99.43380951881409;86.70909762382507;139.87603306770325;26.913308054208755;True;True;False;False;0.7034130964332519;1.596606742788933;0.22657095706320454;0.17643321600624906
100.1234670640796;60.07072335720737;139.7500620496818;27.07302864855641;100.1234670640796;89.25216002032275;139.7500620496818;27.07302864855641;100.1234670640796;89.25216002032275;293.1363973380346;785.8225836142765;-5.123467064079591;0.7478399796772521;99.3345639705658;86.86982369422913;139.62390899658203;26.947512552142143;True;True;False;False;0.702168533657492;1.6024693242956591;0.22557034786473087;0.17679629285370332
100.07812342821396;59.70671856116926;139.44618602096867;26.989116815986247;100.07812342821396;89.33776407208853;139.44618602096867;26.989116815986247;100.07812342821396;89.33776407208853;293.0649012317933;785.2301419441304;-5.078123428213971;0.6622359279114676;99.26915621757507;87.29462838172913;139.44242477416992;26.92824214696884;True;True;False;False;0.7030399672574343;1.605963807973234;0.22108557573549184;0.17689153167784577
100.33591334344098;59.676426525420304;139.43268602201013;26.931125327577742;100.33591334344098;89.5961720253643;139.43268602201013;26.931125327577742;100.33591334344098;89.5961720253643;292.63638344896333;784.0374789899146;-5.3359133434409785;0.4038279746357034;99.2137463092804;87.33014631271362;139.2335605621338;26.97302557528019;True;True;False;False;0.7089420270459311;1.6095741774149224;0.21847046569963285;0.17691185591314748
100.37081698029856;59.59243259694363;139.20565058456475;26.87937060205189;100.37081698029856;89.68060138218453;139.20565058456475;26.87937060205189;100.37081698029856;89.68060138218453;292.5213684652743;783.2562166037405;-5.370816980298571;0.3193986178154659;99.42471742630003;87.57684969902039;139.10622000694275;26.98041558265686;True;True;False;False;0.7093274067270277;1.6156604367713279;0.2138123783928751;0.17676599023268952
100.2068790860377;59.45684426080933;139.02278419532308;26.93252242681625;100.2068790860377;89.92154573265557;139.02278419532308;26.93252242681625;100.2068790860377;89.92154573265557;292.0820662467076;782.8679834615558;-5.206879086037702;0.0784542673444264;99.46443223953248;87.61778831481934;138.93800616264343;26.917445212602612;True;True;False;False;0.7099449506550549;1.623303494934276;0.21388627697336754;0.17641372150245552
100.247255309297;59.55219907469241;138.56424060604888;26.92241302144304;100.247255309297;89.93934822548133;138.56424060604888;26.92241302144304;100.247255309297;89.93934822548133;292.0569218300354;782.0929804702322;-5.247255309297003;0.0606517745186749;99.2717559337616;87.82700324058533;138.7494146823883;26.87792830169201;True;True;False;False;0.7111388510975739;1.6284513700575876;0.21333685521676238;0.17513907086805872
100.13893748074142;59.58646304647445;138.2379651454075;26.883644520706603;100.13893748074142;90.11334680512832;138.2379651454075;26.883644520706603;100.13893748074142;90.11334680512832;291.71701157401054;781.6099820861037;-5.1389374807414185;-0.1133468051283301;99.31295037269592;87.86629629135132;138.5144817829132;26.86784602701664;True;True;False;False;0.712542881554196;1.6367718390601567;0.21334013609240113;0.17185613895054147
99.83556281469582;59.238499209679645;137.6904496241969;26.84634381030824;99.83556281469582;90.2293319531288;137.6904496241969;26.84634381030824;99.83556281469582;90.2293319531288;291.46992837065915;781.5315397540961;-4.83556281469582;-0.229331953128792;99.18136048316956;88.01371264457703;138.2219433784485;26.87067188322544;True;True;False;False;0.7129159849041863;1.6446650303034673;0.21922293857570757;0.1717795255804485
99.71777326502948;59.17633124239524;137.5920997067009;27.07850339944956;99.71777326502948;90.26475547853929;137.5920997067009;27.07850339944956;99.71777326502948;90.26475547853929;291.3685037260877;781.1223771448027;-4.717773265029479;-0.2647554785392856;98.9086184501648;88.1119487285614;137.8494679927826;26.84223834425211;True;True;False;False;0.7145661806456802;1.6505253443058063;0.22056678125088436;0.1732153911810733
99.34661020035784;59.39409485062405;137.36112661555217;27.170923601773723;99.34661020035784;90.01618705887313;137.36112661555217;27.170923601773723;99.34661020035784;90.01618705887313;291.83033983494806;781.2356668388087;-4.346610200357844;-0.0161870588731289;98.74467039108276;88.17763996124268;137.52392411231995;26.84943698346615;True;True;False;False;0.7144246919663161;1.6542747427374727;0.22096670967000442;0.17590565439238037
99.4368054211453;59.670627299861295;137.2249269661872;27.088654639746863;99.4368054211453;90.2822675295207;137.2249269661872;27.088654639746863;99.4368054211453;90.2822675295207;291.2960206191365;780.4757283705194;-4.436805421145294;-0.2822675295206949;98.42630887031557;87.92483830451965;137.25481867790222;26.92372225224972;True;True;False;False;0.7171418722278545;1.6644581041573097;0.2207982203247627;0.17369595471934354
99.12287694409044;59.48677498347833;137.0179053365652;27.31019416312977;99.12287694409044;90.44298547465462;137.0179053365652;27.31019416312977;99.12287694409044;90.44298547465462;290.9369490582659;780.5120112684764;-4.122876944090436;-0.4429854746546198;98.46283626556396;88.17279314994812;137.0095920562744;27.02246740460396;True;True;False;False;0.7172786585155553;1.671406082860583;0.22076906467462368;0.1743890458883798
99.33133863494716;59.76647018791235;136.7172959191596;27.57671493478913;99.33133863494716;90.60931577362916;136.7172959191596;27.57671493478913;99.33133863494716;90.60931577362916;290.54522373036286;779.5453709608842;-4.331338634947173;-0.609315773629163;98.18425869941711;88.34635877609253;136.82075142860413;27.06726394593716;True;True;False;False;0.7223280195025807;1.678035650625762;0.2209573855707513;0.1802878933754342
99.13013013811975;59.82039573934598;136.78701235438083;27.37050216606127;99.13013013811975;90.45184927751892;136.78701235438083;27.37050216606127;99.13013013811975;90.45184927751892;290.7789146194328;779.370276136546;-4.130130138119768;-0.4518492775189315;98.38870978355408;88.50610303878784;136.6088581085205;27.141236141324043;True;True;False;False;0.7235369119109425;1.680631425312865;0.2213377348492463;0.18111304124628674
98.91679706628078;59.78965859266995;136.9169379075418;27.4464242035331;98.91679706628078;90.5700634246666;136.9169379075418;27.4464242035331;98.91679706628078;90.5700634246666;290.48223975480164;779.246258261808;-3.916797066280779;-0.5700634246665857;98.18201160430908;88.33945846557617;136.45437359809875;27.26296842098236;True;True;False;False;0.7226581597924274;1.6912129237534268;0.22567075243716275;0.18181576305523825
98.7938473314331;59.99683130706203;136.62262298930756;27.244363724906563;98.7938473314331;90.67828020885852;136.62262298930756;27.244363724906563;98.7938473314331;90.67828020885852;290.1897977297956;778.9699181226658;-3.793847331433099;-0.67828020885851;97.96383595466614;88.45174407958984;136.3870906829834;27.31250368058681;True;True;False;False;0.7230288637547129;1.699629472535613;0.2259602731781815;0.1818391051249205
98.38000368643796;59.76636117001652;136.1443559009641;27.370471313323844;98.38000368643796;90.83318081451534;136.1443559009641;27.370471313323844;98.38000368643796;90.83318081451534;289.7895591573008;779.2917591017983;-3.380003686437973;-0.8331808145153445;97.8685176372528;88.54122686386108;136.3096582889557;27.218498066067696;True;True;False;False;0.7204689726251243;1.707036809029333;0.22640130755013788;0.18212137010535426
98.4504998742899;59.89689350313429;136.09952043639436;27.520752790351324;98.4504998742899;91.16153734569734;136.09952043639436;27.520752790351324;98.4504998742899;91.16153734569734;289.0217553196681;778.7000995679027;-3.450499874289904;-1.16153734569734;97.4553771018982;88.70836234092712;136.1373269557953;27.202929630875587;True;True;False;False;0.7241896919218045;1.7185067909182716;0.2239487141178888;0.1833626124137857
98.27590593914547;59.7184147174296;136.17738331547588;27.826837429779328;98.27590593914547;91.31979651935494;136.17738331547588;27.826837429779328;98.27590593914547;91.31979651935494;288.5503653262599;778.5892207882862;-3.2759059391454883;-1.319796519354938;97.51090455055235;88.97157669067383;135.96247792243958;27.17106088995933;True;True;False;False;0.7255050656038479;1.7274495082032941;0.22467137589674802;0.19167047723181693
98.11135089356608;59.6810029392414;136.2003539749423;27.60487965377888;98.11135089356608;91.42631007942664;136.2003539749423;27.60487965377888;98.11135089356608;91.42631007942664;288.1613653368692;778.4815434208923;-3.111350893566069;-1.426310079426628;97.37434339523315;89.15445566177368;135.82741379737854;27.30081588029861;True;True;False;False;0.7252383929796665;1.735549592719836;0.227114730457902;0.19306096839367343
97.67885424981104;59.58684609449704;136.04267434050055;27.33370954181862;97.67885424981104;91.78053206448624;136.04267434050055;27.33370954181862;97.67885424981104;91.78053206448624;287.2627466894931;778.9316899225936;-2.678854249811039;-1.7805320644862377;97.20064640045166;89.24736785888672;135.75183033943176;27.40216314792633;True;True;False;False;0.7235947098887219;1.7465003340401526;0.2284537586498366;0.19237981972960747
97.39757699940648;59.34664175400462;135.57422062254955;27.052299972174257;97.39757699940648;91.66192916008944;135.57422062254955;27.052299972174257;97.39757699940648;91.66192916008944;287.26254822302184;779.1370638567613;-2.397576999406468;-1.6619291600894428;96.74629068374634;89.55076026916504;135.72079181671145;27.387570813298225;True;True;False;False;0.7220626360532812;1.7538724483373282;0.2288626110049166;0.19354008738602438
97.29641572461948;59.41559908980753;135.32247535427848;27.067457148331776;97.29641572461948;91.51996672763262;135.32247535427848;27.067457148331776;97.29641572461948;91.51996672763262;287.32488253325687;779.0197094730811;-2.2964157246194787;-1.519966727632621;96.45374655723572;89.42479157447815;135.5761158466339;27.15787574648857;True;True;False;False;0.7228034919961435;1.7599762137811128;0.23008031744690494;0.19238855074028807
96.9076224153092;59.42273496940808;135.03545808909274;26.84619293822987;96.9076224153092;91.63712529888788;135.03545808909274;26.84619293822987;96.9076224153092;91.63712529888788;286.8879031603953;779.491107328419;-1.9076224153091916;-1.6371252988878808;96.39859247207642;89.31883239746094;135.3586757183075;26.967948377132416;True;True;False;False;0.7216673140568857;1.76838495416907;0.23133970408845642;0.19273570066187393
96.848775736801;59.38062311441385;134.84070178334846;26.49690504648464;96.848775736801;91.84022911939093;134.84070178334846;26.49690504648464;96.848775736801;91.84022911939093;286.26341214620425;779.3544510300609;-1.8487757368010025;-1.840229119390912;96.00436902046204;89.41341781616211;135.08904576301575;26.8256413564086;True;True;False;False;0.7242706755221053;1.7791292298120798;0.22881184358161855;0.19517298695791985
96.52976077183246;59.10572660854465;134.85601574861252;26.32155047634443;96.52976077183246;92.1503892924438;134.85601574861252;26.32155047634443;96.52976077183246;92.1503892924438;285.397727917513;779.7459775284245;-1.529760771832457;-2.15038929244379;95.9259557723999;89.54356265068054;134.8263657093048;26.701186895370483;True;True;False;False;0.7243273390444974;1.7929282081084914;0.22828407907167025;0.19841339974227837
96.268956415775;58.90773776511279;134.72909373343197;26.53520530061602;96.268956415775;92.2782523283848;134.72909373343197;26.53520530061602;96.268956415775;92.2782523283848;284.8552832733052;780.0636181376284;-1.2689564157750084;-2.278252328384795;95.59002542495728;89.85132479667664;134.6581518650055;26.460244953632355;True;True;False;False;0.7249809223362805;1.802466341911994;0.22836954561661377;0.1985360004449572
96.07004365039442;58.932863048377165;134.66498881683776;26.63450106255483;96.07004365039442;92.22339319975148;134.66498881683776;26.63450106255483;96.07004365039442;92.22339319975148;284.6612345534538;780.2922494796196;-1.0700436503944246;-2.2233931997514844;95.40001797676086;89.97636008262634;134.52728390693665;26.292896568775177;True;True;False;False;0.7215977401983089;1.8109805491699527;0.2287399779371982;0.2008089719665378
95.93977871858743;59.000857880893854;134.66076020713513;26.538363167198103;95.93977871858743;92.19540424670924;134.66076020713513;26.538363167198103;95.93977871858743;92.19540424670924;284.4207600329048;780.4101068565143;-0.9397787185874336;-2.1954042467092307;95.18887400627136;89.93314671516418;134.43516492843628;26.292013078927997;True;True;False;False;0.7214482848174762;1.8215463270258487;0.22922061062823895;0.20184305041496733
95.67341538571124;59.00723290828394;134.55853485833794;26.728689916178936;95.67341538571124;92.07738692704126;134.55853485833794;26.728689916178936;95.67341538571124;92.07738692704126;284.3640741060129;780.8175296931217;-0.6734153857112375;-2.0773869270412604;95.04786014556883;89.93259358406067;134.39160346984863;26.37572251260281;True;True;False;False;0.7184440211744019;1.8294238228114836;0.22961012338379005;0.20404683663501574
95.52821255690976;59.02646819091074;134.21679860731462;26.7187486468732;95.52821255690976;92.32187621021332;134.21679860731462;26.7187486468732;95.52821255690976;92.32187621021332;283.59811061606325;781.0181466326299;-0.5282125569097502;-2.321876210213333;94.8197627067566;89.84441757202148;134.31881308555603;26.413974836468697;True;True;False;False;0.7187679106653883;1.8387582658353137;0.2293200163233751;0.2037512590711456
95.58017395347537;59.13371925593235;133.71665546530895;26.58139721742837;95.58017395347537;92.51501206863637;133.71665546530895;26.58139721742837;95.58017395347537;92.51501206863637;282.90225540452207;780.8437954985774;-0.5801739534753523;-2.5150120686363664;94.62127161026;90.05342507362366;134.19458031654358;26.42379403114319;True;True;False;False;0.7212589599844341;1.8491982049235338;0.23068674647306617;0.20416113381605305
95.3238999322394;58.98416866631332;133.66315458458604;26.56388953710408;95.3238999322394;92.48942270597335;133.66315458458604;26.56388953710408;95.3238999322394;92.48942270597335;282.6180991873632;781.2789870139192;-0.3238999322394136;-2.489422705973368;94.66484451293944;90.18810558319092;133.9715015888214;26.45712282508612;True;True;False;False;0.7220771429325294;1.8558596056883019;0.23057878810794494;0.2039236422120976
95.38930570864584;59.094160150037865;133.5235889059067;26.448072428322003;95.38930570864584;92.73096966525468;133.5235889059067;26.448072428322003;95.38930570864584;92.73096966525468;281.8030822413375;781.1049888034744;-0.3893057086458498;-2.730969665254676;94.43070411682127;90.19273114204408;133.74362349510193;26.39483228325844;True;True;False;False;0.7246049643574306;1.8683464765437365;0.2290505514368194;0.20383073290528647
94.9668658776771;58.86148908396029;133.4992149965018;26.256070612143837;94.9668658776771;92.90536889040852;133.4992149965018;26.256070612143837;94.9668658776771;92.90536889040852;281.0901545023292;781.8979610375925;0.033134122322906;-2.9053688904085107;94.45807027816772;90.39040637016296;133.53726387023926;26.30442291498184;True;True;False;False;0.7241911208672805;1.8780032555236337;0.2257904757894026;0.20233568980979333
94.8028776610074;58.5154142804686;133.41729260466272;26.19902817141732;94.8028776610074;92.93997557162815;133.41729260466272;26.19902817141732;94.8028776610074;92.93997557162815;280.6335586211688;782.2303553539083;0.1971223389926137;-2.9399755716281675;94.10098958015442;90.54488897323608;133.4081792831421;26.208140142261986;True;True;False;False;0.7227646032500881;1.8879077289548256;0.22566088334149095;0.20193375855981757
94.82812052830376;58.62670825177791;133.34702064259798;26.25598501543447;94.82812052830376;93.15760710543992;133.34702064259798;26.25598501543447;94.82812052830376;93.15760710543992;279.8062988106615;782.2061525978479;0.1718794716962293;-3.157607105439908;93.94427371025084;90.597975730896;133.3458399772644;26.081327386200428;True;True;False;False;0.7259763957664555;1.8993044590595376;0.22563886376075462;0.20260345237270347
94.58309155317178;58.65595625290575;133.16778865527516;26.41866969680848;94.58309155317178;93.17453266644227;133.16778865527516;26.41866969680848;94.58309155317178;93.17453266644227;279.35143340793144;782.7191278110047;0.4169084468282165;-3.174532666442275;93.91641664505003;90.80826926231384;133.27184319496155;25.983428843319416;True;True;False;False;0.7250574926594257;1.9088487394791143;0.22490339998674233;0.2065834197763665
94.45425052725126;58.613715705073005;132.87959915147962;26.316827176213383;94.45425052725126;93.08383679420808;132.87959915147962;26.316827176213383;94.45425052725126;93.08383679420808;279.1095541302075;783.0323976557562;0.5457494727487386;-3.083836794208082;93.7024655342102;90.8232729434967;133.1709909439087;25.991974845528603;True;True;False;False;0.7248442467864954;1.9179158041074376;0.22527736248931698;0.2088150189453869
94.33085837525876;58.70378129819007;132.70069225943183;26.27641971395391;94.33085837525876;92.99700775471506;132.70069225943183;26.27641971395391;94.33085837525876;92.99700775471506;278.87203396996586;783.3519485561077;0.6691416247412434;-2.9970077547150566;93.5931806564331;90.7103443145752;133.01966667175293;26.034387685358524;True;True;False;False;0.7249533546604998;1.9258647943449136;0.2267657202729416;0.21004984123252268
94.36880747614823;58.696957397248944;132.5519932934365;26.13310654396209;94.36880747614823;92.79547173086206;132.5519932934365;26.13310654396209;94.36880747614823;92.79547173086206;278.87550498370985;783.3652692376276;0.6311925238517659;-2.7954717308620616;93.42554044723512;90.65836381912231;132.84732222557068;26.04626152664423;True;True;False;False;0.7258884466700408;1.9331732145608305;0.2284141539723713;0.2101990368840917
94.46486660843703;58.71280422227283;132.46434569037896;26.24974837711596;94.46486660843703;92.82306677281586;132.46434569037896;26.24974837711596;94.46486660843703;92.82306677281586;278.4475853356873;783.2573099762302;0.5351333915629652;-2.823066772815864;93.4851610660553;90.43704915046692;132.68076062202454;25.964296124875546;True;True;False;False;0.7304310312490118;1.9409326212849256;0.22822315271074303;0.2119492288176364
94.37930050684332;59.09479866440323;132.65412384853357;26.131877678434236;94.37930050684332;92.74915176454076;132.65412384853357;26.131877678434236;94.37930050684332;92.74915176454076;278.2190064491954;783.4997932982927;0.6206994931566925;-2.7491517645407555;93.56916093826294;90.4930191040039;132.53946781158447;25.919985994696617;True;True;False;False;0.7323824993517449;1.9482131944070848;0.22847793551636486;0.21272543021705398
94.10748963142498;59.24066968642638;132.59228670813684;26.227038623991017;94.10748963142498;92.7754434587371;132.59228670813684;26.227038623991017;94.10748963142498;92.7754434587371;277.7998694921973;784.1261749815503;0.8925103685750173;-2.775443458737101;93.47874474525452;90.3869562149048;132.50537395477295;25.8760192617774;True;True;False;False;0.7339626027664318;1.9569573709697758;0.2275000642843991;0.2150442989570397
94.28988456603976;59.30710168093877;132.44365071653647;26.334154620336037;94.28988456603976;93.13476927517527;132.44365071653647;26.334154620336037;94.28988456603976;93.13476927517527;276.7111587314893;783.8803864947974;0.7101154339602544;-3.134769275175273;93.20517301559448;90.45253682136536;132.49237895011902;25.89136764407158;True;True;False;False;0.7400847980530182;1.9694212329019831;0.22503989538437133;0.21914867579784522
94.2032306592162;59.312988268532415;132.37707493055515;26.26336640910692;94.2032306592162;93.195073578197;132.37707493055515;26.26336640910692;94.2032306592162;93.195073578197;276.1725808887558;784.1483763663059;0.796769340783797;-3.195073578197011;93.40788865089417;90.76611375808716;132.46797561645508;25.88324412703514;True;True;False;False;0.7428078121513594;1.9776335091969504;0.22095984592759557;0.21998494683870717
94.09182027971424;59.45434145014635;132.5083587611786;26.19798876041652;94.09182027971424;93.23056004998494;132.5083587611786;26.19798876041652;94.09182027971424;93.23056004998494;275.67559813475367;784.4774330374144;0.9081797202857588;-3.2305600499849447;93.28467178344728;90.81348252296448;132.42823004722595;25.91910168528557;True;True;False;False;0.7452621432831046;1.9865827080115976;0.21713671196990478;0.22153281760772406
93.92218055032632;59.38720855927604;132.3025297392357;26.133168844940187;93.92218055032632;93.33400249902316;132.3025297392357;26.133168844940187;93.92218055032632;93.33400249902316;275.0379718966792;784.9378031255617;1.077819449673683;-3.334002499023171;93.19444918632507;90.86878871917725;132.38970398902893;25.907646641135216;True;True;False;False;0.7453177871335809;1.9961038237935371;0.2156636516314971;0.22253636643394575
93.85759230646886;59.42827339805481;132.3510251268823;25.840735491071857;93.85759230646886;93.54892958932348;132.3510251268823;25.840735491071857;93.85759230646886;93.54892958932348;274.1635840495422;785.210688873233;1.1424076935311405;-3.5489295893234782;93.00549268722534;90.9713876247406;132.32585668563843;25.83260040730238;True;True;False;False;0.7468349813813632;2.0078328265582037;0.2153503813732053;0.2214180000315707
93.71849782547366;59.409011734662506;132.1921068429865;25.89277711446663;93.71849782547366;93.67716821385451;132.1921068429865;25.89277711446663;93.71849782547366;93.67716821385451;273.4339161885703;785.6411988610275;1.281502174526338;-3.6771682138545145;92.953595161438;91.1625566482544;132.3072624206543;25.72251945734024;True;True;False;False;0.7494116117797458;2.016860372512006;0.21543608275585163;0.22199370376946503
93.62897193944492;59.444744225184415;131.85482178046837;25.57307462313411;93.62897193944492;93.82072335720758;131.85482178046837;25.57307462313411;93.62897193944492;93.82072335720758;272.6565168066836;785.9911175896885;1.3710280605550764;-3.820723357207584;92.83855772018433;91.2718415260315;132.2594654560089;25.601482577621937;True;True;False;False;0.7519980137094691;2.027369998360655;0.21860644309275531;0.2202203793866639
93.55778755558318;59.27630770366431;131.92868020403827;25.558020724922724;93.55778755558318;93.50671856116948;131.92868020403827;25.558020724922724;93.55778755558318;93.50671856116948;272.77509661779874;786.3162900988194;1.4422124444168247;-3.506718561169478;92.7072582244873;91.35352516174316;132.1114456653595;25.42931843549013;True;True;False;False;0.7523124509303039;2.032106998005029;0.2185235112061794;0.22039338296720673
93.686054626591;59.12825489997901;131.85328976231617;25.62491955796905;93.686054626591;93.52642652542052;131.85328976231617;25.62491955796905;93.686054626591;93.52642652542052;272.26811821447404;786.2520509493927;1.3139453734089983;-3.5264265254205185;92.65527772903442;91.09566235542296;132.03476071357727;25.337663739919662;True;True;False;False;0.7564716385819331;2.041421441174724;0.21812534650718166;0.22208444210825082
93.51003044528925;59.28220406574663;132.04460317204504;25.601398298973884;93.51003044528925;93.49243259694384;132.04460317204504;25.601398298973884;93.51003044528925;93.49243259694384;271.865915868038;786.7792920284508;1.489969554710754;-3.492432596943843;92.75972962379456;91.0960772037506;131.92404747009277;25.212595835328106;True;True;False;False;0.7569715370098824;2.049651726118819;0.21769766387012734;0.22367871073059375
93.09609203521418;59.1540033391781;132.30849010003917;25.392797773043075;93.09609203521418;93.40684426080956;132.30849010003917;25.392797773043075;93.09609203521418;93.40684426080956;271.571434860714;787.8058314558956;1.903907964785816;-3.406844260809549;92.6036913394928;91.105459690094;131.9255292415619;25.22259246557951;True;True;False;False;0.7573389896737343;2.0575750199518437;0.22065160691038804;0.22416893604784421
92.8400569865302;59.11488222689689;132.60218846166504;25.40491118589805;92.8400569865302;93.55219907469262;132.60218846166504;25.40491118589805;92.8400569865302;93.55219907469262;270.8264793315066;788.5717559485684;2.159943013469814;-3.5521990746926235;92.26265144348145;91.00580620765686;132.04700827598572;25.195119865238667;True;True;False;False;0.7568215475609631;2.067112623926603;0.2267949040138711;0.224969935872187
92.77476939355569;59.1605853418521;132.69221404572983;25.06145092937744;92.77476939355569;93.63646304647466;132.69221404572983;25.06145092937744;92.77476939355569;93.63646304647466;270.1843248446502;788.9903235363133;2.2252306064443275;-3.63646304647466;91.99590396881104;91.18166732788086;132.23305583000183;25.10801661759615;True;True;False;False;0.7544251822560655;2.076539523752242;0.2309775954135469;0.22336082216376163
92.6791226838636;58.91270614610759;132.9380506683657;24.91395911054546;92.6791226838636;93.33849920967984;132.9380506683657;24.91395911054546;92.6791226838636;93.33849920967984;270.2953907787099;789.4783143698901;2.320877316136404;-3.3384992096798385;91.92257261276244;91.21315431594849;132.44632601737976;24.95808068662882;True;True;False;False;0.7557398604779785;2.0820774478457444;0.23377592913853032;0.2230071990352177
92.6462333634833;58.984955683052654;133.1668680737305;24.84836904938026;92.6462333634833;93.32633124239544;133.1668680737305;24.84836904938026;92.6462333634833;93.32633124239544;269.8745934853214;789.8535433194688;2.353766636516696;-3.3263312423954403;91.8034281730652;90.95272636413574;132.6531708240509;24.82744548469782;True;True;False;False;0.7574645830558756;2.0912624055278317;0.23619028155156158;0.2220076438878131
92.8482799251013;59.13548083538589;133.31335002179904;24.76875063121236;92.8482799251013;93.59409485062424;133.31335002179904;24.76875063121236;92.8482799251013;93.59409485062424;268.8955554365444;789.7632857477684;2.151720074898705;-3.594094850624245;91.85036134719849;90.95582389831544;132.86307096481323;24.635061882436275;True;True;False;False;0.7612589421235806;2.101799915193933;0.2382048383167093;0.21991269985293782
93.0392288132905;59.14248303247143;133.2593871461554;24.86371425178753;93.0392288132905;93.92062729986148;133.2593871461554;24.86371425178753;93.0392288132905;93.92062729986148;267.76327789132;789.6682839813765;1.9607711867094932;-3.9206272998614793;91.99356007575987;91.15942454338074;133.046954870224;24.53481938689947;True;True;False;False;0.7648935595012872;2.1127100778962227;0.23820974786197902;0.21787767028692173
92.9579395609194;59.10555058552695;133.32007362750034;24.51866175891779;92.9579395609194;93.78677498347852;133.32007362750034;24.51866175891779;92.9579395609194;93.78677498347852;267.5082322174377;790.0922986443466;2.0420604390805863;-3.786774983478523;92.19747877120972;91.47166705131532;133.16595554351807;24.48039378970861;True;True;False;False;0.7664483920408159;2.1201860296256574;0.2370933555162461;0.21790355350311447
92.81234971249258;58.84011448578386;133.02970162641824;24.30654129189463;92.81234971249258;94.11647018791254;133.02970162641824;24.30654129189463;92.81234971249258;94.11647018791254;266.3439384774392;790.655753066411;2.187650287507424;-4.11647018791254;92.06326842308044;91.34787631034852;133.2559895515442;24.39654216170311;True;True;False;False;0.768640142063081;2.132356616913204;0.2358810536159433;0.21805356804335715
92.90083324257976;58.76052323066566;133.0486739409883;24.02251437999512;92.90083324257976;94.22039573934616;133.0486739409883;24.02251437999512;92.90083324257976;94.22039573934616;265.5872246828502;790.7704727112376;2.0991667574202357;-4.2203957393461735;91.94559669494627;91.64478325843812;133.21632266044617;24.271943867206573;True;True;False;False;0.7702189402991475;2.1423306081716254;0.23334304593866206;0.21909992862648608
92.77765590586462;58.87417112735091;133.11083062035274;24.44827001779706;92.77765590586462;94.23965859267014;133.11083062035274;24.44827001779706;92.77765590586462;94.23965859267014;264.9859795442895;791.2967162856573;2.22234409413538;-4.239658592670139;91.97394466400146;91.67947149276732;133.14616799354553;24.01247650384903;True;True;False;False;0.7709919201541926;2.1508986428501973;0.23218396457323806;0.22285924875969446
92.70449765156638;58.96662416466848;133.35890607982472;24.43515477538372;92.70449765156638;94.4968313070622;133.35890607982472;24.43515477538372;92.70449765156638;94.4968313070622;263.90634630314935;791.7393453401385;2.2955023484336152;-4.496831307062209;91.89638876914978;91.7690372467041;133.13443183898926;23.89932833611965;True;True;False;False;0.773724649040852;2.161579709565372;0.23316561106920558;0.2283562144951507
93.00906860684822;58.87875113149144;133.36875384225397;24.500507480864314;93.00906860684822;94.31636117001668;133.36875384225397;24.500507480864314;93.00906860684822;94.31636117001668;263.6677090696321;791.436270409366;1.990931393151783;-4.316361170016691;91.82586455345154;91.981107711792;133.1677782535553;23.88941243290901;True;True;False;False;0.7787534686088846;2.166426102045723;0.23376806942564582;0.23328437517010442
92.75885471458592;58.93333950031052;133.41997906798295;24.57427475520416;92.75885471458592;94.49689350313446;133.41997906798295;24.57427475520416;92.75885471458592;94.49689350313446;262.73112958072767;792.2021557129775;2.241145285414092;-4.496893503134459;92.11209607124329;91.82449555397034;133.2458531856537;24.041881635785103;True;True;False;False;0.7772474747781446;2.177103270703974;0.2333034946871222;0.23677943679147628
92.70722950409932;59.17701774808561;133.58684552644468;24.35506700208131;92.70722950409932;94.36841471742976;133.58684552644468;24.35506700208131;92.70722950409932;94.36841471742976;262.3885013517191;792.6042255053392;2.292770495900669;-4.368414717429772;91.91856932640076;91.99554443359376;133.34976077079773;24.049991220235825;True;True;False;False;0.7773534733012565;2.18510002772722;0.23345782702444698;0.238090874743033
92.72622508317944;59.2598739295746;133.6056910454171;24.3126905182323;92.72622508317944;94.38100293924155;133.6056910454171;24.3126905182323;92.72622508317944;94.38100293924155;261.7808696124382;792.8719370799657;2.273774916820571;-4.381002939241569;91.83783292770386;91.88301682472228;133.45491409301758;24.04557377099991;True;True;False;False;0.7781642436603893;2.1938860161269647;0.23355850352569374;0.23759131881470694
92.63758648447002;59.06641683997473;133.57225577683883;24.394121763419648;92.63758648447002;94.3368460944972;133.57225577683883;24.394121763419648;92.63758648447002;94.3368460944972;261.28504957669475;793.3523842662939;2.36241351552998;-4.33684609449719;91.85383915901184;91.88594841957092;133.54557752609253;23.98361187428236;True;True;False;False;0.7759986346483586;2.1994104242586734;0.23357210371799697;0.2397657616748706
92.594531040466;59.19495347379475;133.6777148258229;24.29809629051029;92.594531040466;94.14664175400478;133.6777148258229;24.29809629051029;92.594531040466;94.14664175400478;261.0872121117466;793.7534836230393;2.405468959534005;-4.146641754004776;91.73528933525084;91.8396098613739;133.59496116638184;23.88882480561733;True;True;False;False;0.7787176292816639;2.205859742330945;0.23367545595560985;0.24290390833834788
92.3891714249837;59.16781141962598;133.63586319102322;24.21999861983927;92.3891714249837;94.2655990898077;133.63586319102322;24.21999861983927;92.3891714249837;94.2655990898077;260.2964118729401;794.4849320486085;2.610828575016299;-4.265599089807694;91.75313472747804;91.68265199661256;133.64960312843323;23.870210871100426;True;True;False;False;0.7793660864624653;2.2130280840942276;0.23222400246651673;0.24494264641993396
92.36754441766;59.14874995471928;133.62766473696718;24.121737186363774;92.36754441766;94.32273496940824;133.62766473696718;24.121737186363774;92.36754441766;94.32273496940824;259.6133935684314;794.8762965399247;2.632455582339986;-4.322734969408231;91.52300453186037;91.79288411140442;133.68645071983337;23.84472325444221;True;True;False;False;0.7814892902754388;2.2206591284519894;0.23118366945867055;0.24633501565150187
92.27414769880356;58.94217200594825;133.8230226028623;24.007914104587005;92.27414769880356;94.330623114414;133.8230226028623;24.007914104587005;92.27414769880356;94.330623114414;259.02125261583205;795.414084055283;2.725852301196454;-4.33062311441401;91.4996416568756;91.83804726600648;133.70010137557983;23.756368942558765;True;True;False;False;0.7817519881472598;2.228318346079033;0.23006875977593733;0.2474968013486167
92.1127711174113;58.799609608760974;133.80957775534395;23.893736696807853;92.1127711174113;94.1057266085448;133.80957775534395;23.893736696807853;92.1127711174113;94.1057266085448;258.89362921231526;796.1002841915603;2.887228882588701;-4.105726608544799;91.39822506904602;91.84003853797913;133.7896764278412;23.66021156311035;True;True;False;False;0.7808266210866297;2.2325546803769054;0.23007266658830253;0.24836008109683466
92.01348572074494;58.80398255561172;133.99599260348415;23.87536586186718;92.01348572074494;93.95773776511294;133.99599260348415;23.87536586186718;92.01348572074494;93.95773776511294;258.6421766847063;796.6838188359048;2.9865142792550614;-3.957737765112938;91.26066827774048;91.63273882865906;133.8304054737091;23.559461757540703;True;True;False;False;0.7817410756075691;2.2370611845474087;0.23043252690780155;0.24990392919316212
92.00195896661045;58.79110409119504;133.8329304870679;23.88048520495076;92.00195896661045;94.03286304837732;133.8329304870679;23.88048520495076;92.00195896661045;94.03286304837732;257.9642277494959;797.1050742480745;2.998041033389569;-4.032863048377308;91.1650733947754;91.53727531433104;133.92560601234436;23.46950765699148;True;True;False;False;0.7817114517090081;2.2445857250243173;0.2304826376408347;0.2519681047275967
91.90040198837173;58.8438111895229;133.72240248221237;23.825354066518663;91.90040198837173;94.150857880894;133.72240248221237;23.825354066518663;91.90040198837173;94.150857880894;257.19052301134553;797.7079270090039;3.099598011628288;-4.150857880893994;91.13675999641418;91.58761715888976;133.97518634796145;23.41146819293499;True;True;False;False;0.7835850265522868;2.2527763189456347;0.23167346617940876;0.25500002969301644
91.7553278188175;59.09333170699043;133.75157286016864;23.380571421530547;91.7553278188175;94.20723290828408;133.75157286016864;23.380571421530547;91.7553278188175;94.20723290828408;256.52432523911284;798.4113550829961;3.2446721811824943;-4.207232908284084;91.02313995361328;91.69159889221191;133.95442843437195;23.38118325918913;True;True;False;False;0.7836536147379832;2.2594483726460624;0.23161391469436798;0.2549216682933866
91.85330629517104;59.088324613696166;134.04201441258175;23.177922643233416;91.85330629517104;94.27646819091088;134.04201441258175;23.177922643233416;91.85330629517104;94.27646819091088;255.82489028608805;798.6480210877801;3.146693704828948;-4.276468190910876;90.9065191745758;91.72204875946044;133.95626425743103;23.275698833167557;True;True;False;False;0.7864954884521508;2.2653620131147547;0.2315101966840781;0.2535852664277387
91.90983149790968;59.18548429018196;133.92013403814283;22.67488784775345;91.90983149790968;94.43371925593247;133.92013403814283;22.67488784775345;91.90983149790968;94.43371925593247;254.9401923972567;798.9545298429466;3.090168502090308;-4.433719255932488;91.00394630432127;91.76380324363708;134.01148319244385;23.071831092238423;True;True;False;False;0.7899133071991554;2.2743666638399747;0.23159321737814778;0.2563807459168265
91.82657878481092;58.83534153530271;133.9019217163349;22.5088353029236;91.82657878481092;94.33416866631345;133.9019217163349;22.5088353029236;91.82657878481092;94.33416866631345;254.54813100903712;799.5330577360895;3.173421215189066;-4.334168666313445;91.0440068244934;91.8830099105835;134.0250289440155;22.73877795785665;True;True;False;False;0.7922342005541134;2.2790424363126154;0.23153138875012932;0.2572167235620133
91.80852729920828;58.899687220389765;134.06293319754607;22.364082548192265;91.80852729920828;94.494160150038;134.06293319754607;22.364082548192265;91.80852729920828;94.494160150038;253.65025888607957;799.9922835359868;3.1914727007917207;-4.494160150037999;90.93612551689148;91.77333784103394;134.05316948890686;22.474606707692143;True;True;False;False;0.7926847493394065;2.289415135381434;0.22841230284638894;0.2570982599434527
91.9067571075505;58.4715708254894;134.08487722192604;22.35920379405106;91.9067571075505;94.3114890839604;134.08487722192604;22.35920379405106;91.9067571075505;94.3114890839604;253.4163796648963;800.2213536127412;3.093242892449496;-4.31148908396041;90.91941404342651;91.92665886878969;134.13197875022888;22.193456143140796;True;True;False;False;0.7955485585433265;2.2945212847485426;0.22792913821367825;0.2575665061436849
91.71771006254012;58.377794518652806;134.47136347371668;21.9567323365546;91.71771006254012;94.01541428046872;134.47136347371668;21.9567323365546;91.71771006254012;94.01541428046872;253.43366406068495;801.0118800884219;3.282289937459879;-4.015414280468718;91.02263522148132;91.76843571662904;134.1550314426422;22.0719232223928;True;True;False;False;0.7953015158325581;2.299407402709637;0.22634347147641892;0.25776038094541914
91.63800214461368;58.03599026732294;134.70284252351811;22.193398825879765;91.63800214461368;94.17670825177802;134.70284252351811;22.193398825879765;91.63800214461368;94.17670825177802;252.5756875473372;801.6089345826027;3.361997855386321;-4.176708251778024;90.84647679328918;91.50050592422484;134.3269431591034;21.93837098777294;True;True;False;False;0.7959998235957149;2.3087079954525964;0.2271593038847444;0.2588099724770822
91.6406571835599;58.0655366355342;134.59176467659483;22.051056332369125;91.6406571835599;94.25595625290586;134.59176467659483;22.051056332369125;91.6406571835599;94.25595625290586;251.86029711151116;802.0518908854285;3.3593428164401047;-4.255956252905861;90.77711415290833;91.68174624443054;134.5510447025299;21.851966623216867;True;True;False;False;0.7945191944439676;2.3150859707656197;0.2271924706340126;0.259260390369026
91.3924256651624;57.899921843184025;134.55349188529118;21.910520368938048;91.3924256651624;94.26371570507312;134.55349188529118;21.910520368938048;91.3924256651624;94.26371570507312;251.27731737345584;802.9962662977489;3.6075743348375937;-4.263715705073111;90.7686858177185;91.72155785560608;134.67674612998962;21.728073358535767;True;True;False;False;0.7925040197051115;2.32273925153431;0.22739937711314262;0.25893787766216536
91.38599753561974;57.86696651510458;134.79979175925615;21.713041928499344;91.38599753561974;94.40378129819018;134.79979175925615;21.713041928499344;91.38599753561974;94.40378129819018;250.4286907598786;803.4901324681459;3.6140024643802633;-4.403781298190182;90.497713804245;91.72242903709412;134.7667145729065;21.737864892929792;True;True;False;False;0.794812312468519;2.329034080833928;0.2268791387749164;0.2587203062270591
91.18131358228128;57.61445180502476;134.8092681303731;21.651928980880697;91.18131358228128;94.44695739724904;134.8092681303731;21.651928980880697;91.18131358228128;94.44695739724904;249.75516772200217;804.3813673700736;3.818686417718723;-4.446957397249051;90.50357699394226;91.87420129776;134.85455870628357;21.59159825183451;True;True;False;False;0.7919380658674254;2.3357063283245902;0.22482429190986974;0.25852584116221533
91.20850050881693;57.56132796746315;134.8867775718141;21.558631094817517;91.20850050881693;94.51280422227292;134.8867775718141;21.558631094817517;91.20850050881693;94.51280422227292;249.03054641898785;804.8361517060314;3.7914994911830746;-4.512804222272933;90.33427047729492;91.88052082061768;134.90792870521545;21.458027064800262;True;True;False;False;0.793568468485238;2.3425902641751177;0.22187470230837414;0.2579579006211066
90.97947162485195;57.63960311246695;134.95275093965355;21.380314043101087;90.97947162485195;94.94479866440332;134.95275093965355;21.380314043101087;90.97947162485195;94.94479866440332;247.5648503050907;805.7997427394524;4.020528375148032;-4.944798664403322;90.33039164543152;91.9814465045929;134.97888326644895;21.32972249761224;True;True;False;False;0.7934699958071318;2.3514423979405885;0.22086260138614136;0.2579733088222617
91.15176112891788;57.5792245742771;134.94101674326438;21.321326305942428;91.15176112891788;95.14066968642648;134.94101674326438;21.321326305942428;91.15176112891788;95.14066968642648;246.51380177245727;805.9912341813404;3.848238871082131;-5.140669686426477;90.09922432899477;92.3421986103058;135.08235812187195;21.22329249978065;True;True;False;False;0.7957277130959884;2.360357388022922;0.21928257823990235;0.25765058760695014
90.98561961363984;57.4346003448099;135.00104309804345;21.188232487682235;90.98561961363984;95.25710168093886;135.00104309804345;21.188232487682235;90.98561961363984;95.25710168093886;245.59551515857564;806.8366157280408;4.014380386360173;-5.25710168093886;90.25163960456848;92.54592370986938;135.12056946754456;21.09933264553547;True;True;False;False;0.7952878077446206;2.3679880575583843;0.21926597074130105;0.25654585087701653
90.9790730850402;57.23314314036035;134.9846553194957;21.1834240076077;90.9790730850402;95.31298826853252;134.9846553194957;21.1834240076077;90.9790730850402;95.31298826853252;244.7827950925965;807.3849595034213;4.020926914959787;-5.312988268532507;90.09752345085144;92.64921402931212;135.18555760383606;20.96127741970122;True;True;False;False;0.7962222088698971;2.373011727312951;0.21993985292442286;0.2553287007590407
90.9489122010121;57.214530813526565;135.2530336069021;21.10907390541698;90.9489122010121;95.50434145014644;135.2530336069021;21.10907390541698;90.9489122010121;95.50434145014644;243.6916902935643;807.9814048601388;4.0510877989878935;-5.504341450146441;90.08360528945924;92.70225930213928;135.21378993988037;20.87619572877884;True;True;False;False;0.7987202096452504;2.380069927784818;0.21972272144042038;0.25568986000897503
91.1529251272666;57.2610023370904;135.53657615927804;20.95845807787756;91.1529251272666;95.48720855927613;135.53657615927804;20.95845807787756;91.1529251272666;95.48720855927613;242.99204388195207;808.1135240474948;3.847074872733401;-5.487208559276127;90.092102766037;92.86248755455016;135.3095018863678;20.78926653601229;True;True;False;False;0.8008600645921695;2.386200529653737;0.21997166238581917;0.2560387215948449
91.18083944376728;57.29863922347477;135.74200183820415;21.0912714794148;91.18083944376728;95.5782733980549;135.74200183820415;21.0912714794148;91.18083944376728;95.5782733980549;242.07828639649105;808.5706387308579;3.819160556232717;-5.578273398054904;90.25681138038637;92.85853266716003;135.4838001728058;20.715730348601937;True;True;False;False;0.8027782491245162;2.393062223088381;0.22030154928176943;0.2579135515061741
90.9563067577462;57.21588178681088;135.946763209197;20.78149435559963;90.9563067577462;95.6090117346626;135.946763209197;20.78149435559963;90.9563067577462;95.6090117346626;241.27303993686837;809.5289255103978;4.043693242253809;-5.609011734662587;90.31451678276062;92.9244589805603;135.65933108329773;20.641793701797724;True;True;False;False;0.8035994775844629;2.399135517962894;0.22137427262078754;0.2581156310912384
90.67133642174274;57.059967459683065;135.87339605379637;20.744564046746223;90.67133642174274;95.6947442251845;135.87339605379637;20.744564046746223;90.67133642174274;95.6947442251845;240.35370672453615;810.6380252813719;4.328663578257263;-5.694744225184493;90.10127782821657;92.96642088890076;135.88988423347473;20.555278696119785;True;True;False;False;0.8032661956959224;2.4039946183769443;0.2212434958428855;0.2574491123213322
90.5440758598462;56.99530511694816;136.051273291803;20.357246789264348;90.5440758598462;95.57630770366438;136.051273291803;20.357246789264348;90.5440758598462;95.57630770366438;239.8312805375518;811.4697015489327;4.455924140153812;-5.576307703664384;89.82899212837219;93.02835774421692;136.04731917381287;20.485365288332105;True;True;False;False;0.805406627128006;2.4095806161544426;0.22054514367561126;0.25412610271963654
90.2835877665353;56.84084397651889;136.25544742974083;20.246650454019477;90.2835877665353;95.47825489997908;136.25544742974083;20.246650454019477;90.2835877665353;95.47825489997908;239.2838784511005;812.5848009542416;4.716412233464695;-5.478254899979078;89.6683075428009;92.90991854667664;136.1630940437317;20.27424758300185;True;True;False;False;0.8050314264901626;2.416455292513074;0.2207208586769504;0.25293959846684894
90.3374967849866;56.65483709859025;136.3951852128041;20.09975890805746;90.3374967849866;95.6822040657467;136.3951852128041;20.09975890805746;90.3374967849866;95.6822040657467;238.14554613290136;813.105837881801;4.662503215013402;-5.682204065746703;89.46586155891418;92.86606907844543;136.31273984909058;20.116311172023416;True;True;False;False;0.806214117038987;2.423867258613934;0.22065514327536756;0.25265060334866696
90.2814662899398;56.75111889265731;136.33343817948335;19.990934300376693;90.2814662899398;95.60400333917816;136.33343817948335;19.990934300376693;90.2814662899398;95.60400333917816;237.5443203772722;813.8395659672296;4.718533710060186;-5.604003339178163;89.50474667549133;93.0178759098053;136.46852254867554;19.89542539231479;True;True;False;False;0.8068024392009183;2.429041585364196;0.21948489037632954;0.25274273429711247
90.48417135383458;56.65335224122123;136.61573774011217;19.676908691033717;90.48417135383458;95.61488222689697;136.61573774011217;19.676908691033717;90.48417135383458;95.61488222689697;236.77536215661087;814.0632936674481;4.515828646165417;-5.6148822268969525;89.4458589553833;92.96091032028198;136.57426595687866;19.77548426948488;True;True;False;False;0.8103334471140909;2.435600613620346;0.21866708241031613;0.25291730864993683
90.35429017169388;56.68995747620923;136.9140059706813;19.67986815610402;90.35429017169388;95.71058534185217;136.9140059706813;19.67986815610402;90.35429017169388;95.71058534185217;235.8353049631142;814.9251665178848;4.64570982830611;-5.710585341852152;89.60495328903198;92.94529819488524;136.7363953590393;19.6157465595752;True;True;False;False;0.8120195689769987;2.4415579699608516;0.21730183354912544;0.2526208794839137
90.34614049490531;56.68761550222987;137.29876587359823;19.49324308951367;90.34614049490531;95.51270614610765;137.29876587359823;19.49324308951367;90.34614049490531;95.51270614610765;235.4696519756896;815.5608938485694;4.653859505094687;-5.512706146107647;89.50677251815796;93.05911874771118;136.90015077590942;19.467020509764552;True;True;False;False;0.8114381369107032;2.445329359293465;0.21985919425347342;0.2525241136867805
90.5120208349882;56.24515639504117;137.4802393546893;19.48608075870905;90.5120208349882;95.63495568305272;137.4802393546893;19.48608075870905;90.5120208349882;95.63495568305272;234.4901254156518;815.8496477690829;4.487979165011808;-5.634955683052709;89.50206398963928;92.85047769546507;137.1344017982483;19.303713394328952;True;True;False;False;0.8118463907148267;2.4517037773809403;0.2206638433482413;0.2529925358052378
90.56156629618492;56.2307130372805;137.58700271101355;19.307818806688218;90.56156629618492;95.83548083538594;137.58700271101355;19.307818806688218;90.56156629618492;95.83548083538594;233.3377476865783;816.348954068691;4.438433703815079;-5.835480835385937;89.66965579986572;92.95827603340148;137.42321610450745;19.23064640723169;True;True;False;False;0.8131956304320441;2.458688244985844;0.22118351468795475;0.25309432635126916
90.49334706822803;56.05069447397072;137.65434407491563;19.305989853741195;90.49334706822803;95.89248303247147;137.65434407491563;19.305989853741195;90.49334706822803;95.89248303247147;232.4456791810224;817.0771836851134;4.506652931771953;-5.892483032471489;89.72281169891357;93.15750002861024;137.6547396183014;19.10849082283676;True;True;False;False;0.813035509306851;2.4620222159921106;0.22085622127440568;0.2535115697589545
90.70509872721622;55.8265865909649;137.60750352433072;19.091588948548555;90.70509872721622;95.905550585527;137.60750352433072;19.091588948548555;90.70509872721622;95.905550585527;231.63387967058185;817.2545674247066;4.294901272783775;-5.905550585526996;89.65696144104004;93.21387791633606;137.82534003257751;19.02725954540074;True;True;False;False;0.8155149246508306;2.467684913276016;0.2218304092127524;0.2535193251906377
90.55146787288388;55.69223196815019;137.715703003872;18.702547505728333;90.55146787288388;95.69011448578392;137.715703003872;18.702547505728333;90.55146787288388;95.69011448578392;231.2773451253311;818.1344826364091;4.44853212711611;-5.6901144857839085;89.79172492027283;93.19903326034546;137.89730429649353;18.89912237413228;True;True;False;False;0.8117044673658964;2.469656186182501;0.22169365493801943;0.254179810282787
90.56721327660291;55.75253525300493;137.93264614589404;18.667583252412687;90.56721327660291;95.6605232306657;137.93264614589404;18.667583252412687;90.56721327660291;95.6605232306657;230.5778457041297;818.6961294459198;4.432786723397086;-5.660523230665703;89.70217299461365;92.97175860404968;137.95974850654602;18.75738495029509;True;True;False;False;0.8108819327855363;2.474811046317696;0.2215059311449327;0.25414143542399237
90.60458423298942;55.79684678537014;137.97908263855828;18.42789155435004;90.60458423298942;95.82417112735097;137.97908263855828;18.42789155435004;90.60458423298942;95.82417112735097;229.49581348000373;819.2124257629331;4.395415767010576;-5.824171127350951;89.6901285648346;92.97706866264345;138.05515885353088;18.549998002126813;True;True;False;False;0.8124779595898179;2.4799460456954927;0.22147720597310253;0.25440390709783134
90.7243991961778;55.64497370558557;138.23652928279455;18.50089566455612;90.7243991961778;95.96662416466852;138.23652928279455;18.50089566455612;90.7243991961778;95.96662416466852;228.43435125505516;819.5588512721578;4.275600803822201;-5.9666241646685165;89.73372912406921;93.1179027557373;138.14574360847473;18.339580511674285;True;True;False;False;0.8126448178085349;2.486632946525676;0.22094197930956846;0.25483313546476893
90.98001818944516;55.459681400156406;138.42584424113204;18.43608488092679;90.98001818944516;95.92875113149148;138.42584424113204;18.43608488092679;90.98001818944516;95.92875113149148;227.71454743278676;819.6176933927993;4.019981810554853;-5.928751131491481;89.83529090881348;93.23452353477478;138.31134796142578;18.240778297185894;True;True;False;False;0.8161507315919174;2.4906687702002857;0.2196347660752935;0.25550817513408003
90.9905781347184;55.56792795966416;138.65213988748357;18.44178624009089;90.9905781347184;96.03333950031056;138.65213988748357;18.44178624009089;90.9905781347184;96.03333950031056;226.71487054428303;820.1325710769935;4.009421865281595;-6.0333395003105466;90.05237412452698;93.22751951217651;138.46837639808655;18.13689325004816;True;True;False;False;0.8186655877859869;2.496071565114407;0.2144256760577661;0.25714613658886265
90.96418304459428;55.60284165197462;139.11560563899633;18.257792439962817;90.96418304459428;96.32701774808564;139.11560563899633;18.257792439962817;90.96418304459428;96.32701774808564;225.3230687820248;820.7199508392792;4.035816955405721;-6.3270177480856375;90.06253099441528;93.28964304924013;138.66251468658447;18.12262464314699;True;True;False;False;0.8195437356676002;2.5044181442864524;0.2173533724624522;0.25648150861704294
90.93422380903816;55.596777267233485;139.2988884476038;17.95994477350606;90.93422380903816;96.45987392957464;139.2988884476038;17.95994477350606;90.93422380903816;96.45987392957464;224.21375405263535;821.3179782377789;4.065776190961827;-6.459873929574627;90.06172895431519;93.59931349754332;138.9543581008911;18.043029829859734;True;True;False;False;0.8217532728117393;2.513119533952193;0.21927301106860664;0.25476644473125903
91.0754524806282;55.4305659419691;139.5446360950708;17.765542201717523;91.0754524806282;96.31641683997476;139.5446360950708;17.765542201717523;91.0754524806282;96.31641683997476;223.63935170789185;821.5776243867272;3.9245475193718136;-6.31641683997475;89.99224877357483;93.6903727054596;139.22444701194763;17.916839942336082;True;True;False;False;0.8225948718049815;2.515539545158277;0.2213696909257591;0.25468950550499
91.07757201599884;55.03924446646447;139.65885869356103;17.66951325345349;91.07757201599884;96.49495347379477;139.65885869356103;17.66951325345349;91.07757201599884;96.49495347379477;222.4400895282552;822.0966583185688;3.92242798400116;-6.494953473794766;90.16354656219482;93.52185440063477;139.50079083442688;17.705631367862225;True;True;False;False;0.8248010469532852;2.522190349073834;0.22188071619523883;0.2532311142414819
90.98619576423748;55.0243034108262;139.90666371434395;17.667720330842407;90.98619576423748;96.517811419626;139.90666371434395;17.667720330842407;90.98619576423748;96.517811419626;221.5283798400868;822.8024012199583;4.013804235762521;-6.5178114196259855;90.17438793182372;93.72778511047365;139.71998810768127;17.50225331634283;True;True;False;False;0.8211736830700345;2.5269855014492038;0.22237479590287088;0.24902900008274362
91.0966638306368;54.89395102776676;140.03375431201968;17.737929661581045;91.0966638306368;96.54874995471928;140.03375431201968;17.737929661581045;91.0966638306368;96.54874995471928;220.59746124728335;823.1166389852613;3.9033361693632154;-6.548749954719284;90.07189273834229;93.7412815093994;139.90585207939148;17.38103572279215;True;True;False;False;0.8239391835665079;2.5343424471640548;0.2220601992418436;0.2503907689717426
91.17295472618942;54.89332661120711;140.2097115572261;17.637345639503497;91.17295472618942;96.39217200594824;140.2097115572261;17.637345639503497;91.17295472618942;96.39217200594824;220.0374504841962;823.4845020167378;3.827045273810583;-6.392172005948254;90.1429009437561;93.74616980552672;140.0666570663452;17.329561784863472;True;True;False;False;0.8268089628937982;2.537973080854879;0.21806336394803533;0.2514970443982201
91.14826757939602;54.65931528487916;140.46186112755862;17.233914462616188;91.14826757939602;96.299609608761;140.46186112755862;17.233914462616188;91.14826757939602;96.299609608761;219.3702856777776;824.0441490134994;3.85173242060398;-6.2996096087609885;90.2832441329956;93.6410403251648;140.23236632347107;17.310267612338066;True;True;False;False;0.8271351620922274;2.5417501790669985;0.2180048326065163;0.25151849231539036
91.2545780841591;54.55180281844228;140.5173239709846;16.956755062217546;91.2545780841591;96.35398255561172;140.5173239709846;16.956755062217546;91.2545780841591;96.35398255561172;218.42159183624136;824.3450923267204;3.745421915840893;-6.353982555611722;90.22677636146544;93.5172426700592;140.4164731502533;17.223680280148983;True;True;False;False;0.8314912222971225;2.5467419066024304;0.2176468737729227;0.25238721912448425
91.17416337203304;54.48088214103703;140.6193951121923;16.8732514093783;91.17416337203304;96.39110409119505;140.6193951121923;16.8732514093783;91.17416337203304;96.39110409119505;217.50015109099317;825.0053113397513;3.825836627966965;-6.391104091195047;90.30785846710204;93.55258083343506;140.57976961135864;17.01213650405407;True;True;False;False;0.8301793708671028;2.5503788024415703;0.21764981528616154;0.25091109309758786
91.0322586796628;54.41120655423818;140.69952261693365;16.615907692792124;91.0322586796628;96.4938111895229;140.69952261693365;16.615907692792124;91.0322586796628;96.4938111895229;216.4425896821781;825.7992322748873;3.967741320337211;-6.493811189522901;90.255850315094;93.60507297515868;140.73479175567627;16.7538034170866;True;True;False;False;0.8302756359595609;2.5554188343082025;0.21670923575029755;0.24335110794034567
91.02626696980306;54.01511223642639;140.90257755826977;16.65350041000704;91.02626696980306;96.79333170699044;140.90257755826977;16.65350041000704;91.02626696980306;96.79333170699044;214.97770715530663;826.3402478706518;3.9737330301969394;-6.793331706990429;90.10330367088318;93.69889092445374;140.86753487586975;16.561646424233913;True;True;False;False;0.8319638359821786;2.5632586456992184;0.21379815944634858;0.2417766844781407
90.83740994369992;53.82340964217479;141.03358722772097;16.359502058456208;90.83740994369992;96.83832461369616;141.03358722772097;16.359502058456208;90.83740994369992;96.83832461369616;213.98194378096315;827.247792993551;4.16259005630009;-6.838324613696159;90.0919783115387;93.9660325050354;140.97677946090698;16.438473351299763;True;True;False;False;0.8337484155802178;2.566507316086204;0.21206128439897623;0.24180583375549478
90.72022641947828;53.82644954463045;141.1785967051171;16.11944555839833;90.72022641947828;96.98548429018194;141.1785967051171;16.11944555839833;90.72022641947828;96.98548429018194;212.7758478128321;828.037172049501;4.279773580521734;-6.985484290181944;89.90753674507141;94.0113754272461;141.125009059906;16.27787448465824;True;True;False;False;0.8350356382977095;2.5742675354187963;0.21166197834078845;0.24015903677598902
91.07143670118336;53.960727030795454;141.07752290541887;16.247611934622125;91.07143670118336;96.6853415353027;141.07752290541887;16.247611934622125;91.07143670118336;96.6853415353027;212.444735417233;827.9053879634937;3.928563298816641;-6.6853415353026975;89.79923367500305;94.10503435134888;141.26971125602722;16.135846115648746;True;True;False;False;0.8399659414586784;2.578269493762674;0.21107280305861412;0.24024071260767801
91.18486725337628;53.78920343030944;141.2280425175561;16.204743030131247;91.18486725337628;96.79968722038976;141.2280425175561;16.204743030131247;91.18486725337628;96.79968722038976;211.3246651756852;828.2023352989501;3.8151327466237177;-6.799687220389757;90.13424444198608;93.84686732292175;141.34581923484802;15.962089151144028;True;True;False;False;0.8445246264662092;2.5841593629465445;0.20911266689847346;0.2410728391897756
91.44838682178;53.7183196740209;141.41639653046408;15.97357138395405;91.44838682178;96.42157082548938;141.41639653046408;15.97357138395405;91.44838682178;96.42157082548938;211.1742730027673;828.1839805283591;3.551613178219995;-6.421570825489383;90.24559664726256;93.95287489891052;141.44648790359497;15.882643908262253;True;True;False;False;0.8484643048107846;2.584520008044223;0.2077875352551042;0.23918370197260885
91.2288413802444;54.03273906799381;141.94044551808437;15.784908390624732;91.2288413802444;96.3777945186528;141.94044551808437;15.784908390624732;91.2288413802444;96.3777945186528;210.4056161730419;829.096619835193;3.77115861975561;-6.377794518652792;90.43698000907898;93.57156705856325;141.53008341789246;15.863162875175476;True;True;False;False;0.8498692325774142;2.5864176196139677;0.2114203161145202;0.23654660727619778
91.22482564726212;54.02345302139628;141.9612559309784;15.593091566321512;91.22482564726212;96.08599026732291;141.9612559309784;15.593091566321512;91.22482564726212;96.08599026732291;210.13885207321465;829.6074724504583;3.775174352737892;-6.085990267322913;90.29705166816711;93.52331328392027;141.7357349395752;15.735330991446972;True;True;False;False;0.8520049383071917;2.5876077182893233;0.21240329299201408;0.2368272426736971
91.14847706401316;53.75781057780601;142.2770772024608;15.712928726978346;91.14847706401316;96.16553663553418;142.2770772024608;15.712928726978346;91.14847706401316;96.16553663553418;209.16829396781569;830.2635261973213;3.851522935986836;-6.165536635534181;90.2334485054016;93.25514149665833;141.94934606552124;15.559291131794453;True;True;False;False;0.8540742383036162;2.5936105922185138;0.21428766841948413;0.23503378086893886
91.23740670838964;53.78107212866877;142.5653941095167;15.672081499606271;91.23740670838964;96.049921843184;142.5653941095167;15.672081499606271;91.23740670838964;96.049921843184;208.5774520011115;830.5992033000333;3.762593291610372;-6.049921843183995;90.2077624797821;93.37848281860352;142.1859574317932;15.44128868728876;True;True;False;False;0.8567115662348121;2.597146207895587;0.21625303980339755;0.2348901784524585
91.2822457794457;53.54614637335322;142.45740111417922;15.425598131683996;91.2822457794457;96.06696651510455;142.45740111417922;15.425598131683996;91.2822457794457;96.06696651510455;207.73670641151253;831.0112042634692;3.7177542205542977;-6.0669665151045535;90.29841375350952;93.27975583076476;142.47047066688538;15.379995964467524;True;True;False;False;0.8597654222679982;2.6026855565415694;0.21567012309223244;0.23250742162826515
91.26991607156796;53.48269120618015;142.67492354277837;15.170256742899047;91.26991607156796;95.86445180502471;142.67492354277837;15.170256742899047;91.26991607156796;95.86445180502471;207.3328069629916;831.5315642419653;3.730083928432052;-5.864451805024714;90.3266372680664;93.26206946372986;142.60886549949646;15.353784672915936;True;True;False;False;0.8618136144043556;2.603793603452196;0.2155427173590892;0.23134709358121755
91.3360245788772;53.509085648534224;142.72091590077042;15.12585743189118;91.3360245788772;95.86132796746313;142.72091590077042;15.12585743189118;91.3360245788772;95.86132796746313;206.55712773077815;831.8966917511377;3.6639754211228137;-5.861327967463112;90.30377912521362;93.04520058631896;142.78143286705017;15.21589182317257;True;True;False;False;0.8625835117924531;2.6070580548064957;0.21074981010450802;0.2310181019121189
91.32692666249928;53.575988940071845;142.85064211205267;15.14242246845626;91.32692666249928;95.98960311246692;142.85064211205267;15.14242246845626;91.32692666249928;95.98960311246692;205.51906704510884;832.4034176400432;3.6730733375007247;-5.989603112466909;90.34873485565186;93.04452300071716;142.8848946094513;15.033716708421707;True;True;False;False;0.8653325151485088;2.612940042956609;0.2087146470675082;0.2310263225201083
91.20181355614702;53.62426052025284;142.9303208008641;14.924190518856634;91.20181355614702;95.97922457427704;142.9303208008641;14.924190518856634;91.20181355614702;95.97922457427704;204.7412103731596;833.1433869644145;3.798186443852984;-5.979224574277055;90.35806202888487;93.20513844490053;142.97449588775635;14.91394728422165;True;True;False;False;0.8642444909912803;2.6151186702466003;0.20770027896239465;0.23097261147152884
91.1373247147524;53.40076581621868;143.12261837599482;14.990008017530794;91.1373247147524;95.88460034480984;143.12261837599482;14.990008017530794;91.1373247147524;95.88460034480984;204.13322888885708;833.7787895063841;3.8626752852475903;-5.884600344809854;90.23317193984984;93.14693522453308;143.0839765071869;14.84556533396244;True;True;False;False;0.8671775465751437;2.6171511165847674;0.2077012742147744;0.23133690388978442
91.13486374975582;53.4661765410384;143.2741680648903;14.783591824517346;91.13486374975582;95.7331431403603;143.2741680648903;14.783591824517346;91.13486374975582;95.7331431403603;203.6515299184482;834.2987348077436;3.865136250244177;-5.733143140360298;90.18306517601012;93.1088936328888;143.2028329372406;14.780898056924345;True;True;False;False;0.8693410898134825;2.619148095431319;0.20781079182660717;0.2313354150758634
91.25785239397084;53.52244864683292;143.58488375488798;14.704273178596052;91.25785239397084;95.7645308135265;143.58488375488798;14.704273178596052;91.25785239397084;95.7645308135265;202.8243354867344;834.5681090193461;3.742147606029164;-5.764530813526505;90.191424369812;92.94607949256896;143.36931586265564;14.674114622175694;True;True;False;False;0.8712009260008401;2.621562679557268;0.20882471758406349;0.23075316250351555
91.5128550618894;53.373603076312826;143.3419156609399;14.426729141093984;91.5128550618894;95.86100233709035;143.3419156609399;14.426729141093984;91.5128550618894;95.86100233709035;201.8627883311365;834.5570566976462;3.487144938110603;-5.861002337090355;90.3082525730133;92.99390459060668;143.53797554969788;14.610094390809536;True;True;False;False;0.876437144996235;2.626103307708621;0.20942488405799417;0.22766324083148623
91.60671021519497;53.31045557774449;143.46917811843988;14.533043196435523;91.60671021519497;95.94863922347471;143.46917811843988;14.533043196435523;91.60671021519497;95.94863922347471;200.90604758008908;834.8342990494498;3.3932897848050345;-5.948639223474714;90.55474853515624;93.0158224105835;143.62415432929993;14.450133554637432;True;True;False;False;0.879240738078831;2.6321393124885244;0.20809906897994052;0.2256849293474148
91.63287509716002;53.34857136905979;143.4723766523622;14.332899376225283;91.63287509716002;95.9158817868108;143.4723766523622;14.332899376225283;91.63287509716002;95.9158817868108;200.1784105569536;835.2344079234937;3.367124902839976;-5.9158817868108144;90.59037017822266;93.13157892227171;143.69221091270447;14.339067079126837;True;True;False;False;0.8820416316389422;2.636493577723054;0.2069289931449836;0.22450276662586266
91.80777137316387;53.289093836040806;143.30128490216364;14.309218022734386;91.80777137316387;95.809967459683;143.30128490216364;14.309218022734386;91.80777137316387;95.809967459683;199.60145497296776;835.3335653585314;3.192228626836126;-5.809967459683008;90.63307189941406;93.06781673431396;143.72250199317932;14.21339351683855;True;True;False;False;0.8845640146405209;2.6415783552563306;0.20890105448290877;0.22453597450966542
91.6169633018574;53.30718006947964;143.61547375342045;14.086042824754164;91.6169633018574;95.7953051169481;143.61547375342045;14.086042824754164;91.6169633018574;95.7953051169481;198.85611733047983;836.1408119847224;3.3830366981425897;-5.7953051169481;90.79190349578856;92.95687246322632;143.6762523651123;14.172636605799198;True;True;False;False;0.8831286599022508;2.6456423908021347;0.20796022738293593;0.22303322047698945
91.5455387476592;53.222383966970725;143.8689592151786;13.950955180261952;91.5455387476592;95.69084397651882;143.8689592151786;13.950955180261952;91.5455387476592;95.69084397651882;198.292332262412;836.7347326528712;3.4544612523408063;-5.690843976518821;90.5712525844574;92.9547083377838;143.76847624778748;14.04676143079996;True;True;False;False;0.8846349668376774;2.6497562602360767;0.2078935697762574;0.2223040642903748
91.49903874924252;53.126976898312144;143.859949376983;14.215136394261108;91.49903874924252;95.55483709859018;143.859949376983;14.215136394261108;91.49903874924252;95.55483709859018;197.80556682140008;837.28832748335;3.5009612507574843;-5.554837098590184;90.53966879844666;92.85014581680298;143.8924205303192;13.938697017729282;True;True;False;False;0.8873287966563331;2.652517483223089;0.20775141500615166;0.22134516045494015
91.29949822215907;53.3434718883382;144.12823251970443;13.972919699863985;91.29949822215907;95.70111889265723;144.12823251970443;13.972919699863985;91.29949822215907;95.70111889265723;196.7723582867873;838.1542033709512;3.700501777840927;-5.7011188926572345;90.49946999549866;92.7704119682312;144.01125073432922;13.845118395984173;True;True;False;False;0.8845759604933335;2.6549063705611236;0.20799872913593187;0.21762306180379687
91.37883430142509;53.20929574918432;144.23522428652166;13.761254131787153;91.37883430142509;95.65335224122114;144.23522428652166;13.761254131787153;91.37883430142509;95.65335224122114;196.10774240397183;838.4889314494646;3.621165698574927;-5.653352241221143;90.34372901916504;92.92518496513368;144.22454714775083;13.81519202142954;True;True;False;False;0.8868282775367011;2.6575469086558186;0.2078205719109452;0.21464545862222809
91.40138216099398;53.3527917409838;144.2207144336857;13.612640074393488;91.40138216099398;95.73995747620916;144.2207144336857;13.612640074393488;91.40138216099398;95.73995747620916;195.18075163516636;838.9266578234701;3.5986178390060246;-5.739957476209156;90.37458682060242;92.86252903938292;144.38733220100403;13.792991675436497;True;True;False;False;0.8888905408545794;2.661712441823018;0.20828681670889193;0.21368504263624255
91.44644115172908;52.90237061923709;144.28499525961155;13.63648923625262;91.44644115172908;95.78761550222978;144.28499525961155;13.63648923625262;91.44644115172908;95.78761550222978;194.3201079196305;839.3163555538673;3.55355884827091;-5.787615502229784;90.42868304252625;92.89985847473145;144.46799039840698;13.604064993560314;True;True;False;False;0.8914754976950962;2.665572265343655;0.2088510050167417;0.21262287968511348
91.26574953572;53.05509432413641;144.2177417302174;13.485294024880284;91.26574953572;95.39515639504108;144.2177417302174;13.485294024880284;91.26574953572;95.39515639504108;194.33334406704395;840.1515466323216;3.7342504642800094;-5.395156395041084;90.42259860038756;92.95900893211363;144.56412196159363;13.469324596226215;True;True;False;False;0.8913981442227616;2.6643631288760607;0.2114325051742591;0.2126269167361317
91.20574938544802;53.048223995499136;144.34875614512612;13.34772018885784;91.20574938544802;95.4307130372804;144.34875614512612;13.34772018885784;91.20574938544802;95.4307130372804;193.5428765965598;840.7694469947695;3.794250614551984;-5.430713037280412;90.25875425338744;92.59373497962952;144.5710849761963;13.38225495070219;True;True;False;False;0.8929862839337239;2.6673046835715644;0.21220866165438476;0.2120318931679856
91.17226649977684;52.95647077478974;144.39861741335287;13.198952202841753;91.17226649977684;95.30069447397062;144.39861741335287;13.198952202841753;91.17226649977684;95.30069447397062;193.078818651542;841.3423128480521;3.827733500223161;-5.300694473970623;90.20437455177309;92.64437413215636;144.6196949481964;13.31609319895506;True;True;False;False;0.8945733139695702;2.668257533943939;0.20973393407283492;0.21230857924549015
90.98607872974354;52.95676714723992;144.66808740895684;13.192964278099046;90.98607872974354;95.1265865909648;144.66808740895684;13.192964278099046;90.98607872974354;95.1265865909648;192.72027515435755;842.2250528548151;4.013921270256461;-5.126586590964806;90.21163439750671;92.48165678977966;144.6866238117218;13.19198090583086;True;True;False;False;0.8939448804850344;2.672273838133852;0.20901622219685623;0.2119536677083433
91.06040155396592;52.57328910127414;144.9908151746129;12.96482999783769;91.06040155396592;95.04223196815008;144.9908151746129;12.96482999783769;91.06040155396592;95.04223196815008;192.2054395211917;842.6115967090711;3.939598446034069;-5.042231968150091;89.99264979362488;92.3435606956482;144.81749176979065;13.087123036384584;True;True;False;False;0.8943393307462894;2.674610308818315;0.20895334890541253;0.21049981602941387
91.16065934045238;52.43557537865172;145.1227323251301;12.702726725259772;91.16065934045238;95.15253525300484;145.1227323251301;12.702726725259772;91.16065934045238;95.15253525300484;191.31253535572884;842.9363609289028;3.839340659547617;-5.152535253004828;90.1070442199707;92.27905178070068;145.03609895706177;12.988690957427025;True;True;False;False;0.897115912935048;2.678880060329165;0.208800402412888;0.2089960235956625
91.220921495704;52.29550011016242;145.32604928463235;12.41572601366836;91.220921495704;95.24684678537004;145.32604928463235;12.41572601366836;91.220921495704;95.24684678537004;190.43690759059777;843.3277487063392;3.7790785042960096;-5.246846785370039;90.16843485832214;92.368230342865;145.23314833641052;12.870984375476835;True;True;False;False;0.9014893505812871;2.68394872464899;0.2057736720572364;0.21283834018880127
91.17852704855147;52.30515708930098;145.26660711814068;12.650675718263216;91.17852704855147;95.14497370558549;145.26660711814068;12.650675718263216;91.17852704855147;95.14497370558549;189.94107417878425;843.9164147345504;3.821472951448513;-5.144973705585471;90.2091453075409;92.40562891960144;145.45928239822388;12.656773328781128;True;True;False;False;0.9045412660164118;2.685675429593002;0.19969538569110962;0.2118971079343945
91.0388126481726;52.19160078646127;145.6604390012745;12.912334145419113;91.0388126481726;95.0096814001563;145.6604390012745;12.912334145419113;91.0388126481726;95.0096814001563;189.5256622955645;844.7053732621679;3.961187351827391;-5.009681400156296;90.2137086391449;92.37237882614136;145.58344960212708;12.500430047512054;True;True;False;False;0.9049138808234937;2.6872478643502204;0.19497571591927867;0.21546016086420064
91.08697234258482;52.248988423321705;145.8243871580901;12.8182181737036;91.08697234258482;95.16792795966404;145.8243871580901;12.8182181737036;91.08697234258482;95.16792795966404;188.54121165652816;845.1372121869205;3.913027657415185;-5.167927959664041;90.0879681110382;92.25098729133606;145.7473361492157;12.484571486711502;True;True;False;False;0.9070493919213543;2.6939909077852677;0.18939741774632152;0.21775533182959173
91.14391631251146;52.06938603022517;145.92760682297822;12.871359569505737;91.14391631251146;95.2528416519745;145.92760682297822;12.871359569505737;91.14391631251146;95.2528416519745;187.6823272106187;845.5450612680559;3.856083687488536;-5.2528416519745065;90.11380624771118;92.40426683425903;145.91676950454712;12.61383719742298;True;True;False;False;0.9088056702415239;2.6981726975008486;0.18295763509943525;0.21912620431630525
91.0403054994444;52.18109087665326;146.44658070158286;12.821453321700975;91.0403054994444;95.29677726723337;146.44658070158286;12.821453321700975;91.0403054994444;95.29677726723337;186.89407709317103;846.2664273858551;3.959694500555585;-5.296777267233367;90.17153239250185;92.5164279937744;146.05777382850647;12.6687840372324;True;True;False;False;0.907599117112481;2.6994693385483917;0.18167163539851994;0.2192389212471731
91.03198997508476;52.24644797729776;146.97968103680552;12.619783983433594;91.03198997508476;95.18056594196898;146.97968103680552;12.619783983433594;91.03198997508476;95.18056594196898;186.42026277473536;846.8110177013151;3.968010024915245;-5.180565941968979;90.0822570323944;92.52905321121216;146.35006308555603;12.616883516311646;True;True;False;False;0.9066398847390063;2.6984694267355045;0.19025808869674438;0.21698479388319208
91.10708672489189;52.13998552353919;147.15696735632565;12.517795633875906;91.10708672489189;94.83924446646436;147.15696735632565;12.517795633875906;91.10708672489189;94.83924446646436;186.41216360014877;847.1898922050228;3.892913275108114;-4.839244466464351;90.09650707244872;92.42456674575806;146.68871998786926;12.580069527029991;True;True;False;False;0.908858012148901;2.6992625944711053;0.19487288744799716;0.21703534872792288
91.1057400382726;52.10559679300314;147.31874019082443;12.258878522497264;91.1057400382726;94.87430341082607;147.31874019082443;12.258878522497264;91.1057400382726;94.87430341082607;185.69681311589676;847.7116406816091;3.8942599617273856;-4.874303410826073;90.15380454063416;92.11260771751404;147.03605771064758;12.476394698023796;True;True;False;False;0.9105821110232655;2.699198352329094;0.19554124904052858;0.21785505639736763
91.00384670241051;52.12859175056244;147.44766863003758;12.201365186597345;91.00384670241051;94.79395102776664;147.44766863003758;12.201365186597345;91.00384670241051;94.79395102776664;185.20761076057207;848.434662014897;3.996153297589487;-4.793951027766639;90.15095591545104;92.15112638473512;147.35411405563354;12.32740454375744;True;True;False;False;0.9096578864069529;2.6997889385784752;0.19509084535747487;0.21688626399843322
90.65760463099424;52.0420773378693;147.62259338462616;11.930798637086331;90.65760463099424;94.84332661120698;147.62259338462616;11.930798637086331;90.65760463099424;94.84332661120698;184.46966612332253;849.6599665974081;4.342395369005757;-4.843326611206976;90.12124586105348;92.10151743888856;147.57070183753967;12.203897908329964;True;True;False;False;0.9078658826813939;2.7014097228310536;0.19512448652002137;0.21445552392017447
90.47786784541786;51.85485400663763;147.57224340222496;12.108381880035436;90.47786784541786;94.65931528487904;147.57224340222496;12.108381880035436;90.47786784541786;94.65931528487904;184.19191189448415;850.5984262177617;4.522132154582138;-4.659315284879028;89.71961045265198;92.10090899467468;147.7392303943634;12.04186275601387;True;True;False;False;0.9074748431819865;2.6999026519095577;0.19459954562013684;0.20837779746134621
90.47285668808132;51.90794161459636;147.69499611954265;12.163248462386766;90.47285668808132;94.60180281844214;147.69499611954265;12.163248462386766;90.47285668808132;94.60180281844214;183.68569478937408;851.211399486379;4.527143311918692;-4.601802818442138;89.58616757392883;91.96886968612672;147.8577721118927;11.963033005595207;True;True;False;False;0.9043953819796908;2.7023913727084605;0.1942747113928385;0.20097473345797284
90.54292609149944;51.66853524872909;148.13342167222905;12.020981620884225;90.54292609149944;94.58088214103688;148.13342167222905;12.020981620884225;90.54292609149944;94.58088214103688;183.11396243505897;851.6748797877985;4.457073908500547;-4.580882141036881;89.58288335800171;91.92645144462584;147.96907544136047;11.911435723304749;True;True;False;False;0.9069218472467704;2.7022303851131357;0.19419724846493153;0.1947387679992935
90.51941039651716;51.7076415347439;148.32284703174645;12.029964171374678;90.51941039651716;94.56120655423804;148.32284703174645;12.029964171374678;90.51941039651716;94.56120655423804;182.54252932318508;852.3161876988966;4.480589603482855;-4.5612065542380265;89.66303205490112;91.92691469192503;148.1710684299469;11.956882998347282;True;True;False;False;0.9074800025825056;2.7044313403225857;0.19341924335148228;0.1926801466158481
90.70215640834232;51.62453474123648;148.47716168166696;12.040236695754706;90.70215640834232;94.21511223642624;148.47716168166696;12.040236695754706;90.70215640834232;94.21511223642624;182.62655708491025;852.5481076223773;4.297843591657681;-4.2151122364262505;89.64854001998901;91.88303065299988;148.37189435958862;11.926285400986671;True;True;False;False;0.909085764188306;2.703084174656318;0.19314520977693173;0.19129828730680398
90.54097385386994;51.52258245533677;148.51896103882575;11.930825517078908;90.54097385386994;94.07340964217464;148.51896103882575;11.930825517078908;90.54097385386994;94.07340964217464;182.3479473085566;853.4435185435431;4.459026146130057;-4.073409642174639;89.81993460655212;91.5743489265442;148.5876429080963;11.867949664592745;True;True;False;False;0.9086138276492274;2.703485042290894;0.19323945100406723;0.18734724258987326
90.6076592723616;51.43372339869279;148.65574080493448;11.731852840296977;90.6076592723616;94.1264495446303;148.65574080493448;11.731852840296977;90.6076592723616;94.1264495446303;181.698746218022;853.9046845260438;4.3923407276384125;-4.126449544630304;89.6659152507782;91.469496011734;148.7530243396759;11.84901937842369;True;True;False;False;0.9093568414079501;2.7064039493063645;0.19330097386435205;0.18357841210410927
90.58485003194276;51.20970884497844;148.79509269315363;11.634139049444087;90.58485003194276;94.3107270307953;148.79509269315363;11.634139049444087;90.58485003194276;94.3107270307953;180.7799979730746;854.5359484372332;4.415149968057236;-4.310727030795306;89.75808072090149;91.51242589950562;148.88983249664307;11.788420006632805;True;True;False;False;0.9107503897376681;2.70834959906893;0.1935074853883376;0.1811218780408916
90.65211573850556;51.2025245165201;149.2267472969685;11.417513675336744;90.65211573850556;94.18920343030928;149.2267472969685;11.417513675336744;90.65211573850556;94.18920343030928;180.44828156994063;854.9901036865152;4.347884261494443;-4.189203430309277;89.69176030158997;91.66803550720216;149.00756120681763;11.665255948901176;True;True;False;False;0.9117930632017506;2.7082759912370507;0.19455200074855034;0.18073597853797643
90.59850574436511;50.93235372926625;149.3375437301473;11.340392027649518;90.59850574436511;94.16831967402074;149.3375437301473;11.340392027649518;90.59850574436511;94.16831967402074;179.93148862514315;855.6770415763287;4.401494255634887;-4.168319674020736;89.77049160003662;91.5592484474182;149.21104907989502;11.520401313900948;True;True;False;False;0.9122204315222808;2.7092732860301623;0.19457282296224895;0.17995789173596147
90.5992377812497;50.94469157733192;149.69890662748364;11.439784379086564;90.5992377812497;94.53273906799365;149.69890662748364;11.439784379086564;90.5992377812497;94.53273906799365;178.64687388066122;856.2624434033108;4.400762218750302;-4.532739067993646;89.71839356422424;91.50812530517578;149.4244635105133;11.40400931239128;True;True;False;False;0.9135414764180578;2.7160009660005606;0.1963153108353283;0.17860771069363512
90.83832173035428;50.93695656655052;149.66611136843684;11.352101574612032;90.83832173035428;94.57345302139612;149.66611136843684;11.352101574612032;90.83832173035428;94.57345302139612;177.96108076479044;856.3710438009351;4.1616782696457335;-4.573453021396119;89.71920943260193;91.88852739334106;149.66415643692017;11.30542479455471;True;True;False;False;0.9169468183124121;2.719017106466688;0.19567951218373208;0.17610590547582297
90.87562165223687;50.92209337574569;150.07151933339352;11.185074083480796;90.87562165223687;94.35781057780584;150.07151933339352;11.185074083480796;90.87562165223687;94.35781057780584;177.7825719157848;856.8513343931227;4.124378347763127;-4.35781057780585;89.96610641479492;91.93241834640504;149.8663592338562;11.272433251142502;True;True;False;False;0.9175753719066132;2.718439579338;0.1964561893605582;0.17189296281085845
91.11356825439064;50.97779378236066;150.2497987740535;11.060363169185685;91.11356825439064;94.4310721286686;150.2497987740535;11.060363169185685;91.11356825439064;94.4310721286686;177.05500740368518;856.9253583018502;3.886431745609357;-4.431072128668603;89.98136591911316;91.72417831420898;150.08803486824036;11.2399260699749;True;True;False;False;0.921030228407192;2.7197051699170176;0.19558122366722816;0.16817556551565618
90.97889344215804;50.79236413908449;150.13784026700284;11.003938121022998;90.97889344215804;94.24614637335304;150.13784026700284;11.003938121022998;90.97889344215804;94.24614637335304;176.83404929716048;857.71289882573;4.0211065578419465;-4.246146373353042;90.2381432056427;91.76542806625366;150.32235145568848;11.129812747240068;True;True;False;False;0.9210924680820529;2.7194135932994943;0.1954160049831586;0.16860325509626417
91.00691278999334;50.5920427761017;150.37408309386913;10.59806591479157;91.00691278999334;94.23269120617996;150.37408309386913;10.59806591479157;91.00691278999334;94.23269120617996;176.29480678172624;858.1930076711051;3.993087210006664;-4.232691206179965;90.07936692237854;91.60839414596558;150.42691469192505;11.022778525948524;True;True;False;False;0.9209144778579799;2.720018396470051;0.19530986427256222;0.17314725624460586
90.82671021588077;50.45809608578699;150.49093237366583;10.871810622211052;90.82671021588077;94.30908564853404;150.49093237366583;10.871810622211052;90.82671021588077;94.30908564853404;175.5776590695274;859.0858244473311;4.173289784119248;-4.309085648534051;90.11895036697388;91.5878245830536;150.59051275253296;10.89042142033577;True;True;False;False;0.919335126984763;2.720480938027309;0.19534643638469917;0.16896958791500843
90.6817203703826;50.607006183158525;150.75444992939038;10.598987183451792;90.6817203703826;94.42598894007166;150.75444992939038;10.598987183451792;90.6817203703826;94.42598894007166;174.76930773331432;859.9322427762099;4.318279629617393;-4.425988940071662;89.94665694236755;91.67270255088806;150.71426033973694;10.793445706367493;True;True;False;False;0.9189785718048844;2.7231068911243246;0.19503111958005465;0.16856398496485084
90.5683952309171;50.34127405140971;150.80468462875962;10.398342272117162;90.5683952309171;94.52426052025264;150.80468462875962;10.398342272117162;90.5683952309171;94.52426052025264;173.98263271427612;860.7346636724233;4.431604769082895;-4.524260520252653;89.83033347129822;91.76683855056764;150.85028171539307;10.668209791183472;True;True;False;False;0.9179078384577624;2.7234415515792003;0.19507734831493517;0.17019060867715888
90.3424928403186;50.06687837508387;150.7026436901507;10.421980060548783;90.3424928403186;94.35076581621848;150.7026436901507;10.421980060548783;90.3424928403186;94.35076581621848;173.72638738631076;861.777349089498;4.657507159681401;-4.350765816218484;89.70077633857727;91.86754298210144;151.03309035301208;10.63834734261036;True;True;False;False;0.9151154012253195;2.7242408581010444;0.19755425822801387;0.17070642736937278
90.3122508123532;50.11860414723658;150.8210733366463;10.103543173841608;90.3122508123532;94.4661765410382;150.8210733366463;10.103543173841608;90.3122508123532;94.4661765410382;172.9154638278422;862.458834100053;4.687749187646801;-4.466176541038209;89.49904251098633;91.72275400161745;151.1227309703827;10.480357557535172;True;True;False;False;0.9160000021750426;2.7283714129788614;0.1973454911834948;0.17410016494044234
90.39879319035576;50.15773724775035;151.0947174628;10.095007944718716;90.39879319035576;94.57244864683273;151.0947174628;10.095007944718716;90.39879319035576;94.57244864683273;172.1074294107814;862.9107825690675;4.601206809644253;-4.572448646832726;89.43322682380676;91.81031465530396;151.2079656124115;10.354621708393095;True;True;False;False;0.9175162444176812;2.7291498637634177;0.19436379968720022;0.17416177238500655
90.52931388041928;50.00772855794047;151.2978601739001;10.202320040902192;90.52931388041928;94.47360307631264;151.2978601739001;10.202320040902192;90.52931388041928;94.47360307631264;171.6954607322439;863.2632354302262;4.470686119580719;-4.473603076312628;89.53260374069214;91.91912245750429;151.30028128623962;10.26188150048256;True;True;False;False;0.9187426734480112;2.7289813313277973;0.19432515568851422;0.1732173196465423
90.75129211227366;50.07135098635834;151.6913744174237;10.033658968261545;90.75129211227366;94.46045557774428;151.6913744174237;10.033658968261545;90.75129211227366;94.46045557774428;171.12527531920557;863.4153704491282;4.24870788772634;-4.460455577744284;89.67143273353577;91.82473754882812;151.4249336719513;10.148276835680008;True;True;False;False;0.9225790721575663;2.7297881115528275;0.19562599605745584;0.17268775617847984
90.73328493727804;50.08721194997354;151.74497019717518;10.007808417935475;90.73328493727804;94.5485713690596;151.74497019717518;10.007808417935475;90.73328493727804;94.5485713690596;170.35431632620907;864.0178791841496;4.266715062721971;-4.548571369059587;89.86762833595276;91.81995987892152;151.67610049247742;10.13374760746956;True;True;False;False;0.9223835193578928;2.7302138035713934;0.19571076229640136;0.17308855391579656
90.90702591933852;50.08998177466747;151.92300218397585;9.837721970286506;90.90702591933852;94.5390938360406;151.92300218397585;9.837721970286506;90.90702591933852;94.5390938360406;169.76679520970578;864.2392925617248;4.092974080661477;-4.539093836040593;89.86130881309509;91.87342691421507;151.88112258911133;10.109695866703987;True;True;False;False;0.9255035318888084;2.7310239865195287;0.19570385644107444;0.17492573042445084
91.18945752610333;49.85883055155856;151.89970449707766;9.848560110242964;91.18945752610333;94.60718006947944;151.89970449707766;9.848560110242964;91.18945752610333;94.60718006947944;169.02541023135603;864.2201592256167;3.810542473896674;-4.607180069479426;90.03580093383789;91.8614101409912;152.0828926563263;10.00274196267128;True;True;False;False;0.9282823434813501;2.732039628085935;0.1964713827899786;0.17528009016378107
91.38092285849984;49.7737014558457;152.16906227036483;9.623724089698923;91.38092285849984;94.5723839669705;152.16906227036483;9.623724089698923;91.38092285849984;94.5723839669705;168.48071176044328;864.3453008906765;3.619077141500157;-4.572383966970506;90.28148102760316;91.90873050689696;152.219740152359;9.929113984107971;True;True;False;False;0.9321303046538856;2.729232412852012;0.19651499635846362;0.17761668594815927
91.40264949016483;49.62806986490849;152.5158965387901;9.600392632929015;91.40264949016483;94.52697689831191;152.5158965387901;9.600392632929015;91.40264949016483;94.52697689831191;167.96187470216438;864.7843912462132;3.5973505098351524;-4.526976898311929;90.4661991596222;91.89326357841492;152.33096480369568;9.82732579112053;True;True;False;False;0.9310036863531012;2.7277414191253877;0.19684368922511056;0.17868544263667227
91.42129821263528;49.72952932211712;152.79700648356646;9.463658102491438;91.42129821263528;94.793471888338;152.79700648356646;9.463658102491438;91.42129821263528;94.793471888338;166.82528780233733;865.226740535917;3.5787017873647216;-4.79347188833799;90.50902533531188;91.84993267059326;152.54473328590393;9.754286259412766;True;True;False;False;0.9324356189782099;2.7299300600313905;0.19798010441606304;0.18062253858129745
91.50370598112036;49.44479581774818;152.94515477698988;9.504482062880822;91.50370598112036;94.7092957491841;152.94515477698988;9.504482062880822;91.50370598112036;94.7092957491841;166.3545104955334;865.5390852372622;3.496294018879638;-4.709295749184093;90.50549221038818;92.05538630485536;152.77185082435608;9.633538275957108;True;True;False;False;0.9335040593175681;2.729842713974049;0.19774285239469222;0.17979790570136972
91.4451932035224;49.30839752826585;153.2069265350721;9.473997885572608;91.4451932035224;94.90279174098356;153.2069265350721;9.473997885572608;91.4451932035224;94.90279174098356;165.3396124120432;866.1222833283086;3.5548067964775925;-4.902791740983574;90.54763388633728;92.01294732093812;153.03158044815063;9.575255811214449;True;True;False;False;0.9337808670353709;2.730674364165179;0.19841307024506763;0.17868261554440432
91.48970386690614;49.14028460982632;153.5435906300994;9.175395009611972;91.48970386690614;94.50237061923688;153.5435906300994;9.175395009611972;91.48970386690614;94.50237061923688;165.48674909007215;866.5072362410715;3.51029613309386;-4.502370619236871;90.51582193374634;92.17486262321472;153.28670740127563;9.515683352947237;True;True;False;False;0.9329193659894462;2.7282232084451743;0.19874328751801137;0.18088652544238248
91.59460156304726;49.20095677935274;153.6402024498571;9.091645380502635;91.59460156304726;94.70509432413618;153.6402024498571;9.091645380502635;91.59460156304726;94.70509432413618;164.4809855977086;866.7654803332018;3.405398436952737;-4.705094324136184;90.56890177726746;91.79459190368652;153.5252332687378;9.465922713279724;True;True;False;False;0.9338847114306493;2.7300120561788925;0.19751704619818422;0.1808627113794145
91.66673642480464;48.98180599053376;153.86432927393568;8.816783822266961;91.66673642480464;94.7482239954989;153.86432927393568;8.816783822266961;91.66673642480464;94.7482239954989;163.76738034509833;867.075263734614;3.3332635751953603;-4.748223995498904;90.65798354148863;91.99940252304076;153.7355661392212;9.350663349032402;True;True;False;False;0.9368281106256955;2.7305934036311266;0.19599144014556646;0.18741680134378863
91.8464442554192;48.97884855800282;153.92636905465693;8.915802287946356;91.8464442554192;94.70647077478952;153.92636905465693;8.915802287946356;91.8464442554192;94.70647077478952;163.21779025378393;867.1602832167443;3.153555744580814;-4.7064707747895085;90.71681594848631;92.03395247459412;153.93866062164307;9.172754064202309;True;True;False;False;0.9414314694616877;2.7300916448029047;0.19598863904194494;0.18814770764705052
92.08064366899968;48.96211984406388;153.96634781157516;8.7993824787961;92.08064366899968;94.75676714723969;153.96634781157516;8.7993824787961;92.08064366899968;94.75676714723969;162.48966807224497;867.1123584888608;2.91935633100033;-4.756767147239685;90.90329718589784;91.99179005622864;154.11402106285095;9.066563993692398;True;True;False;False;0.9456457787933293;2.73201073488916;0.19649339299046995;0.18947111078212392
91.95329588558094;48.62156877821554;153.94844478575354;8.697103182796392;91.95329588558094;94.4232891012739;153.94844478575354;8.697103182796392;91.95329588558094;94.4232891012739;162.52238854454458;867.7563015664982;3.0467041144190574;-4.423289101273895;91.13921451568604;92.02603578567503;154.20614004135132;8.96359235048294;True;True;False;False;0.9470106652349034;2.7305969443027585;0.19782773913019405;0.1911491106506195
91.9587374299184;48.74052660018229;154.2693749032378;8.560463749205846;91.9587374299184;94.33557537865148;154.2693749032378;8.560463749205846;91.9587374299184;94.33557537865148;162.10804410961958;868.1516456930792;3.0412625700815994;-4.33557537865147;90.9785852432251;91.71702909469604;154.2805302143097;8.94175834953785;True;True;False;False;0.9479746944709467;2.7288088182482353;0.19767435994118543;0.1945692134405798
92.16067881339846;48.52567307041392;154.6032125085424;8.592634328961381;92.16067881339846;94.24550011016215;154.6032125085424;8.592634328961381;92.16067881339846;94.24550011016215;161.71011792944466;868.15326460213;2.8393211866015378;-4.245500110162169;91.00138807296752;91.60913395881651;154.39248919487;8.846960216760635;True;True;False;False;0.9515194738879555;2.729245822772678;0.19827490813886617;0.19586287818877848
92.08444529346409;48.25607872390272;154.83887433238866;8.551186089768816;92.08444529346409;94.30515708930074;154.83887433238866;8.551186089768816;92.08444529346409;94.30515708930074;161.02473728981258;868.6843078002123;2.9155547065359286;-4.305157089300735;91.20432496070862;91.56124663352966;154.56888556480408;8.770982548594475;True;True;False;False;0.9500686251483159;2.730054247598922;0.1998999144467417;0.1967564880392297
92.08810829995228;48.32271672958096;154.9974637891212;8.620950719010148;92.08810829995228;94.24160078646102;154.9974637891212;8.620950719010148;92.08810829995228;94.24160078646102;160.5778289502519;869.065722414774;2.9118917000477182;-4.241600786461021;91.1638081073761;91.618882894516;154.78413581848145;8.71888943016529;True;True;False;False;0.951468569472343;2.728774979175502;0.2002171691672695;0.1968830554233053
91.89461203268986;48.299603901296685;155.11620754611758;8.584350094254566;91.89461203268986;94.34898842332146;155.11620754611758;8.584350094254566;91.89461203268986;94.34898842332146;159.79750690500288;869.8409671759719;3.1053879673101363;-4.348988423321458;91.16033029556274;91.5793616771698;155.046409368515;8.718062490224838;True;True;False;False;0.9506782235732437;2.7315233158584165;0.19668938180704756;0.1972795549365788
91.60113238329784;48.14955014412988;155.3020407788929;8.656608362664816;91.60113238329784;94.21938603022492;155.3020407788929;8.656608362664816;91.60113238329784;94.21938603022492;159.47684656808644;870.8419782037306;3.3988676167021623;-4.219386030224911;90.96301460266112;91.6905963420868;155.245281457901;8.701795786619186;True;True;False;False;0.9477436400491587;2.729261669026777;0.1939811711995548;0.19655900236662446
91.61186907182046;47.887025785139535;155.382780097251;8.455413248845101;91.61186907182046;94.381090876653;155.382780097251;8.455413248845101;91.61186907182046;94.381090876653;158.5908520712003;871.273687175579;3.3881309281795358;-4.381090876652991;90.69363975524902;91.55604028701782;155.4400622844696;8.714740797877312;True;True;False;False;0.9479721013456524;2.7287663242230358;0.19342867189686536;0.19797138805436854
91.74044995773006;47.95440178370208;155.32601990163727;8.58987524580752;91.74044995773006;94.49644797729748;155.32601990163727;8.58987524580752;91.74044995773006;94.49644797729748;157.77599241969088;871.4682761941837;3.259550042269936;-4.496447977297493;90.69301056861876;91.70084309577942;155.57365775108337;8.674754276871681;True;True;False;False;0.9503828226790001;2.7293247522646005;0.19486442770482285;0.1972398709556295
91.99200468695676;47.84604539050606;155.61736382095157;8.489235335339586;91.99200468695676;94.43998552353892;155.61736382095157;8.489235335339586;91.99200468695676;94.43998552353892;157.28939093023502;871.399773408033;3.007995313043253;-4.4399855235389225;90.85927486419678;91.81157302856444;155.65216541290283;8.647731617093086;True;True;False;False;0.9512647616413371;2.7287642005649455;0.19378278319240197;0.19772283483396194
91.87493063843309;47.6992464172006;155.8856275307927;8.367930620505808;91.87493063843309;94.45559679300288;155.8856275307927;8.367930620505808;91.87493063843309;94.45559679300288;156.6661703215019;872.0349875468194;3.125069361566915;-4.455596793002883;91.06423759460448;91.75185561180116;155.74925422668457;8.581006824970245;True;True;False;False;0.9516470172511465;2.7306037919620487;0.19344515373494084;0.19787817477259137
92.10039990763066;47.85451704716556;155.9828881929161;8.281858166193839;92.10039990763066;94.52859175056216;155.9828881929161;8.281858166193839;92.10039990763066;94.52859175056216;155.92610083398296;872.0007249232998;2.89960009236934;-4.528591750562171;90.95489048957825;91.8061592578888;155.9001982212067;8.568580597639084;True;True;False;False;0.9543366193621483;2.7309070438132146;0.19358850733302682;0.19957409955379424
92.3601665076838;47.60702654253654;156.02064112304464;8.19436366710824;92.3601665076838;94.49207733786903;156.02064112304464;8.19436366710824;92.3601665076838;94.49207733786903;155.39531742596094;871.8678050688428;2.639833492316214;-4.492077337869034;91.16956758499146;91.84982895851137;156.06605172157288;8.476038724184036;True;True;False;False;0.9571012996724148;2.729034702914074;0.19350101364149275;0.20103620629555186
92.34983410953572;47.40379211677789;156.3104305846966;8.205101118765436;92.34983410953572;94.35485400663735;156.3104305846966;8.205101118765436;92.34983410953572;94.35485400663735;155.07082044337508;872.2404476641144;2.6501658904642795;-4.354854006637353;91.44581508636476;91.78596305847168;156.2078821659088;8.384309858083725;True;True;False;False;0.9563212752488387;2.7265084767317145;0.19355442716727086;0.20117392701763423
92.43003395260024;47.16009781355446;156.3020116349945;8.062531989930406;92.43003395260024;94.45794161459608;156.3020116349945;8.062531989930406;92.43003395260024;94.45794161459608;154.28399802657265;872.4334034300473;2.569966047399745;-4.457941614596081;91.39700818061829;91.6931130886078;156.38392448425293;8.32036092877388;True;True;False;False;0.9551643536007473;2.7271509384855652;0.1934040778730705;0.20181304310356202
92.25403466237232;46.92916840935673;156.56875266167862;8.045958203361854;92.25403466237232;94.2685352487288;156.56875266167862;8.045958203361854;92.25403466237232;94.2685352487288;154.06841854302772;873.1280641501564;2.7459653376276663;-4.26853524872881;91.47049164772034;91.78442120552064;156.4926314353943;8.260650783777237;True;True;False;False;0.9538962996522082;2.7243129964934583;0.192745487583739;0.2007546817986261
92.34251118068823;46.88203471002334;156.8951428585729;7.930870603429138;92.34251118068823;94.3576415347436;156.8951428585729;7.930870603429138;92.34251118068823;94.3576415347436;153.32106793783427;873.3172398252083;2.657488819311752;-4.357641534743607;91.343900680542;91.58945631980896;156.6351568698883;8.213770091533661;True;True;False;False;0.9547738574006537;2.7217042582609627;0.18947035823298897;0.20214824524503605
92.32101861346364;46.94304128096502;157.14160395908715;7.749920688483851;92.32101861346364;94.3245347412362;157.14160395908715;7.749920688483851;92.32101861346364;94.3245347412362;152.80626265354996;873.7145568022323;2.67898138653635;-4.324534741236192;91.40147471427916;91.68981504440308;156.8467617034912;8.130126222968102;True;True;False;False;0.9551751708758067;2.7196308063838397;0.18870666576033326;0.2052201380775899
92.24986367856069;47.058192704990354;157.17070813476266;7.61920411737882;92.24986367856069;94.27258245533648;157.17070813476266;7.61920411737882;92.24986367856069;94.27258245533648;152.33356259318458;874.2140641902431;2.750136321439328;-4.272582455336476;91.4065773487091;91.63408017158508;157.07526922225952;8.05361583828926;True;True;False;False;0.9529731387012834;2.7197404221701036;0.1864430247928683;0.20886067768061095
92.13302124783569;47.10496041391816;157.35871298732008;7.524324602026513;92.13302124783569;94.23372339869248;157.35871298732008;7.524324602026513;92.13302124783569;94.23372339869248;151.84160304576102;874.8144338945517;2.8669787521643144;-4.23372339869249;91.33756732940674;91.57735657691956;157.2807240486145;7.935875654220581;True;True;False;False;0.9520058381487414;2.7167588353361145;0.18598159710523954;0.2124869160743368
92.34833313172918;47.24620593214023;157.46659172517133;7.421031244470882;92.34833313172918;94.05970884497812;157.46659172517133;7.421031244470882;92.34833313172918;94.05970884497812;151.62513570003074;874.7660739603866;2.651666868270823;-4.0597088449781324;91.22221875190736;91.58014988899232;157.48026490211487;7.816279977560043;True;True;False;False;0.9549096310660395;2.714020178865661;0.18513253641757627;0.2152254224893103
92.22686439675012;47.17966508292661;157.7268447189401;7.594814377141338;92.22686439675012;94.1025245165198;157.7268447189401;7.594814377141338;92.22686439675012;94.1025245165198;150.99820984428368;875.3625670127808;2.773135603249869;-4.102524516519793;91.4023735523224;91.41497111320496;157.63371348381042;7.725092023611069;True;True;False;False;0.9531450034979292;2.7129163654737813;0.18494374108434541;0.21288103923110485
92.32756878754614;47.20164714166924;157.85976898638452;7.691334716673779;92.32756878754614;93.88235372926594;157.85976898638452;7.691334716673779;92.32756878754614;93.88235372926594;150.89154814992207;875.5309096449554;2.6724312124538585;-3.882353729265944;91.3095166683197;91.43720698356628;157.7753472328186;7.680365145206451;True;True;False;False;0.9530277734624798;2.7112024967622292;0.18461564632313618;0.21085122901260323
92.36689148340098;47.252834356086325;158.0542558513927;7.668444247190166;92.36689148340098;93.9446915773316;158.0542558513927;7.668444247190166;92.36689148340098;93.9446915773316;150.2492252898886;875.8085884149062;2.633108516599023;-3.9446915773316102;91.4240424633026;91.23614382743835;157.93055295944214;7.694494426250458;True;True;False;False;0.9536985981900901;2.711652176520705;0.1836933609870183;0.2107401522282487
92.45121894114568;47.37093206608776;158.44482446915583;7.713449155733315;92.45121894114568;93.98695656655022;158.44482446915583;7.713449155733315;92.45121894114568;93.98695656655022;149.63873643447386;875.9910146349634;2.548781058854331;-3.9869565665502193;91.46775364875792;91.34095525741576;158.08784365653992;7.761793732643127;True;True;False;False;0.95327349591257;2.709898618796214;0.18657248185263053;0.20924851297134797
92.84057580432652;47.49855950219713;158.57859368849344;7.652748369769304;92.84057580432652;94.02209337574538;158.57859368849344;7.652748369769304;92.84057580432652;94.02209337574538;149.03686860721015;875.5521383831157;2.1594241956734663;-4.022093375745385;91.53238701820374;91.35472130775452;158.3311688899994;7.786454409360886;True;True;False;False;0.9578442324154082;2.7083175205301315;0.18802008739167447;0.20921784330690976
92.90499865103727;47.58730292867647;158.66883856688673;7.654655369986917;92.90499865103727;94.12779378236036;158.66883856688673;7.654655369986917;92.90499865103727;94.12779378236036;148.28918867721416;875.711215915784;2.095001348962711;-4.1277937823603565;91.8849596977234;91.39306712150574;158.5393249988556;7.765347361564636;True;True;False;False;0.9599189483330262;2.706863563340779;0.1883951531672803;0.20907086970690442
92.71150243091856;47.72375766537525;158.77812241237925;7.762715022723379;92.71150243091856;93.99236413908416;158.77812241237925;7.762715022723379;92.71150243091856;93.99236413908416;148.0096754594518;876.3775418692164;2.2884975690814287;-3.9923641390841738;91.9636287689209;91.49779558181764;158.7300670146942;7.750528007745743;True;True;False;False;0.9585326682616264;2.7012277462629504;0.18842124090641374;0.20889058706831126
92.81998900434812;47.76780828099052;158.88840138428225;7.747842628724235;92.81998900434812;93.84204277610138;158.88840138428225;7.747842628724235;92.81998900434812;93.84204277610138;147.77800296687283;876.4657017315682;2.1800109956518696;-3.84204277610138;91.79940414428712;91.36187744140624;158.89930367469788;7.73003563284874;True;True;False;False;0.9608342091029876;2.697693636524353;0.18834624257864516;0.20876174184158397
92.77306478756194;47.48225466931165;159.06466782946504;7.741806066600158;92.77306478756194;93.75809608578666;159.06466782946504;7.741806066600158;92.77306478756194;93.75809608578666;147.4336239773554;876.8502182978941;2.2269352124380646;-3.758096085786661;91.94686198234558;91.2565267086029;159.01025295257568;7.745720446109772;True;True;False;False;0.9609389729962604;2.693330366665216;0.18834839872842846;0.20821485258199507
93.0207576677192;47.317321308042295;159.13309588126145;7.809457938254665;93.0207576677192;93.9570061831582;159.13309588126145;7.809457938254665;93.0207576677192;93.9570061831582;146.53472430450745;876.6517572325713;1.9792423322807904;-3.9570061831582;91.85988903045654;91.15667963027954;159.14039969444275;7.769746780395508;True;True;False;False;0.9596567735568964;2.6953275643050785;0.1874561792906998;0.20797644337103832
93.24208574524891;47.33261606282808;159.44958302052743;7.83532405225916;93.24208574524891;93.7412740514094;159.44958302052743;7.83532405225916;93.24208574524891;93.7412740514094;146.43858774358398;876.4730000551493;1.7579142547510855;-3.741274051409391;92.07364654541016;91.365375995636;159.2409372329712;7.762913256883621;True;True;False;False;0.9608943060106508;2.6901380851747554;0.18817404459455925;0.20680083804997046
93.24682363969;47.06449081426853;159.5597021782657;7.507457658599785;93.24682363969;93.51687837508354;159.5597021782657;7.507457658599785;93.24682363969;93.51687837508354;146.38854255604778;876.6979128335673;1.7531763603100077;-3.516878375083536;92.3176257610321;91.16063451766968;159.40165042877197;7.772272676229477;True;True;False;False;0.9581310875363397;2.6892211553153866;0.1887546912428306;0.2081560541282177
93.58995754169132;47.14677710936124;159.4434869763548;7.437948271718084;93.58995754169132;93.61860414723624;159.4434869763548;7.437948271718084;93.58995754169132;93.61860414723624;145.71617389506454;876.245401877606;1.4100424583086806;-3.618604147236255;92.31099510192873;90.9302899837494;159.55060124397278;7.746267914772034;True;True;False;False;0.9629045567286704;2.688125854273304;0.1849371660943942;0.2100891791957505
93.24231420709422;46.89538587770791;159.62269534414293;7.098772911467214;93.24231420709422;93.70773724775;159.62269534414293;7.098772911467214;93.24231420709422;93.70773724775;145.05542714107222;877.128694207908;1.7576857929057752;-3.707737247750004;92.59647297859192;91.01738047599792;159.62270975112915;7.652896642684936;True;True;False;False;0.9608079778201813;2.6892597378924563;0.18368286347983984;0.21620575236449033
93.14121457298798;46.86005589402499;159.75148172839164;7.023650019412875;93.14121457298798;93.60772855794012;159.75148172839164;7.023650019412875;93.14121457298798;93.60772855794012;144.76107955432528;877.5652515818413;1.8587854270120232;-3.607728557940135;92.2781252861023;91.06199741363524;159.7413432598114;7.465441077947617;True;True;False;False;0.9603709632730552;2.685894671254603;0.18100799749790933;0.21978329901502033
93.21129452863272;46.844108519721146;159.5747464366654;7.019796954702886;93.21129452863272;93.721350986358;159.5747464366654;7.019796954702886;93.21129452863272;93.721350986358;144.05280422309752;877.6729297274867;1.7887054713672796;-3.721350986358004;92.17708897590636;91.01223635673524;159.83234763145447;7.333566695451736;True;True;False;False;0.9604155183544586;2.6862377136611624;0.17904835940344743;0.22071583882375295
93.24943655326425;46.91000419100623;159.73797388556935;7.065154070200252;93.24943655326425;93.7872119499732;159.73797388556935;7.065154070200252;93.24943655326425;93.7872119499732;143.42490216435274;877.8351397410726;1.7505634467357538;-3.787211949973198;92.26414489746094;91.1100161075592;159.8351538181305;7.187690883874893;True;True;False;False;0.9604291212327242;2.685220272244907;0.1792836193055299;0.22098207823043667
93.314749192971;46.67188127582202;159.90140317186604;7.014821238405194;93.314749192971;93.83998177466712;159.90140317186604;7.014821238405194;93.314749192971;93.83998177466712;142.81440092163513;877.9379229212238;1.6852508070289929;-3.839981774667123;92.28018569946288;91.16869640350342;159.90614771842957;7.151790708303452;True;True;False;False;0.9612832208765593;2.685835305713969;0.17917352235096715;0.22067493191822873
93.28506286905623;46.65067050785233;160.15703682340956;6.962841830441467;93.28506286905623;93.6588305515582;160.15703682340956;6.962841830441467;93.28506286905623;93.6588305515582;142.66470579789737;878.2219956766572;1.7149371309437669;-3.658830551558197;92.32794165611269;91.2180495262146;159.9641466140747;7.139051407575607;True;True;False;False;0.9605762840414966;2.6824938878571536;0.18002249738022177;0.22114701890870986
93.29782878415048;46.56408298703317;160.26559661298617;6.935217256564532;93.29782878415048;93.62370145584536;160.26559661298617;6.935217256564532;93.29782878415048;93.62370145584536;142.24711991578198;878.4251221305946;1.7021712158495177;-3.6237014558453495;92.32978773117064;91.01538228988647;160.0926148891449;7.120993137359619;True;True;False;False;0.9604827952185752;2.6793230359889133;0.18074694502979397;0.22161301595683983
93.23020241237596;46.13630719282608;160.5305529219504;7.059632545260223;93.23020241237596;93.52806986490812;160.5305529219504;7.059632545260223;93.23020241237596;93.52806986490812;141.9552229035437;878.7873310362569;1.7697975876240406;-3.528069864908133;92.34345698356628;91.01518869400024;160.269535779953;7.081041038036346;True;True;False;False;0.9608348302196531;2.6769791834620356;0.18240362100799037;0.22162026433992238
93.31966115759056;46.06988027698616;160.83177280864976;7.014429880869046;93.31966115759056;93.67952932211676;160.83177280864976;7.014429880869046;93.31966115759056;93.67952932211676;141.18189467380537;878.8443865575109;1.6803388424094408;-3.679529322116764;92.30397725105286;90.92876195907591;160.45867800712583;7.066120058298111;True;True;False;False;0.9618472490879721;2.6771012836658508;0.18580354831111612;0.22124683372930906
93.30480537168162;46.35123897061855;161.0496321525679;6.968352673682903;93.30480537168162;93.44479581774782;161.0496321525679;6.968352673682903;93.30480537168162;93.44479581774782;141.16075777292767;879.0981433083167;1.695194628318376;-3.444795817747817;92.37473654747008;91.08619689941406;160.69013595581055;7.069632709026337;True;True;False;False;0.9616539816963879;2.6748528328433134;0.18881627089933337;0.22145732498922638
93.35606367482517;46.215146643361;161.21665293583013;6.881802248019988;93.35606367482517;93.35839752826548;161.21665293583013;6.881802248019988;93.35606367482517;93.35839752826548;140.8742482428593;879.2216526524721;1.643936325174835;-3.3583975282654848;92.3741557598114;90.88196015357973;160.90659260749817;7.087153345346451;True;True;False;False;0.9608353197241365;2.671773702197274;0.1900081851882888;0.22230257189245559
93.301126024932;46.17631982607492;161.20240659907765;6.803116902689961;93.301126024932;93.24028460982596;161.20240659907765;6.803116902689961;93.301126024932;93.24028460982596;140.6626877426363;879.5507194622818;1.698873975068011;-3.240284609825949;92.4273600578308;90.77409958839417;161.1377227306366;7.036238759756088;True;True;False;False;0.9575769424973831;2.6681335624958793;0.18918693667896747;0.22272589487241032
93.29559644654344;46.36697757022768;161.1682348637748;6.445656590906147;93.29559644654344;93.35095677935236;161.1682348637748;6.445656590906147;93.29559644654344;93.35095677935236;140.00930545560666;879.788295149068;1.704403553456558;-3.350956779352373;92.384907245636;90.66296863555908;161.27950072288513;6.98250487446785;True;True;False;False;0.9562598901813896;2.6657881379503725;0.18890712332129347;0.22839524628866942
93.17935579045748;46.120876861515136;161.12445986975246;6.42019356925356;93.17935579045748;93.18180599053338;161.12445986975246;6.42019356925356;93.17935579045748;93.18180599053338;139.90081279599767;880.2480302683674;1.8206442095425217;-3.181805990533377;92.35882019996644;90.7449357509613;161.34241700172424;6.8745256960392;True;True;False;False;0.9542921683441294;2.6626932669609205;0.18888734848448763;0.23246627084510554
93.42621378434644;46.02704376716887;161.19096217759818;6.466633256680551;93.42621378434644;93.22884855800244;161.19096217759818;6.466633256680551;93.42621378434644;93.22884855800244;139.38248686232177;879.9970668418619;1.5737862156535698;-3.22884855800244;92.24355459213255;90.59234762191772;161.36675477027893;6.747850626707077;True;True;False;False;0.9543815398333928;2.6617230310056095;0.18532788005445772;0.2338290605654977
93.31511489477256;45.862198792972784;161.40046235118126;6.69366961420956;93.31511489477256;93.2621198440635;161.40046235118126;6.69366961420956;93.31511489477256;93.2621198440635;138.88543114913264;880.4291027830967;1.6848851052274512;-3.262119844063505;92.45909595489502;90.63973712921144;161.34778022766113;6.617133468389511;True;True;False;False;0.9546293823214711;2.6597074950074466;0.1853053477691285;0.2337971644365934
93.53793477491875;46.08080497604232;161.54193844252032;6.377091202737506;93.53793477491875;92.97156877821516;161.54193844252032;6.377091202737506;93.53793477491875;92.97156877821516;139.03158396828755;880.208114370168;1.462065225081247;-2.9715687782151576;92.37030458450316;90.66572046279909;161.40813946723938;6.642425209283829;True;True;False;False;0.9565992086972643;2.6559972167804724;0.1854967103200742;0.2349844452924266
93.8015480434941;45.83124781478313;161.5989950134336;6.458837353220163;93.8015480434941;93.14052660018191;161.5989950134336;6.458837353220163;93.8015480434941;93.14052660018191;138.29745915392536;879.8758298630281;1.198451956505906;-3.1405266001819143;92.56701183319092;90.38200569152832;161.5274155139923;6.664222329854965;True;True;False;False;0.9594634581173964;2.6565004600785342;0.18559639735663783;0.23432126563104475
93.7947559707301;46.01179914835897;161.66849280487074;6.575913432440734;93.7947559707301;92.97567307041354;161.66849280487074;6.575913432440734;93.7947559707301;92.97567307041354;138.20842933343786;880.049207602757;1.205244029269906;-2.975673070413535;92.82786846160889;90.53500175476074;161.62387490272522;6.6622865200042725;True;True;False;False;0.9608591813992992;2.651992818065643;0.18530977792423511;0.2341490831411919
93.90342834171273;45.802386394046;161.8026538940912;6.46572037614653;93.90342834171273;92.75607872390232;161.8026538940912;6.46572037614653;93.90342834171273;92.75607872390232;138.2508616170718;879.9925620646943;1.0965716582872744;-2.756078723902334;92.85912728309631;90.38918256759644;161.74530148506165;6.588506102561951;True;True;False;False;0.9609496347997317;2.64883602311093;0.1853876482819272;0.23438515861362927
94.18539828017644;45.6328740132984;162.01423882220575;6.425071315594214;94.18539828017644;92.87271672958056;162.01423882220575;6.425071315594214;94.18539828017644;92.87271672958056;137.65010844252836;879.5748317422052;0.8146017198235569;-2.87271672958056;92.97240161895752;90.22434949874878;161.83745980262756;6.621667295694351;True;True;False;False;0.9629203417326122;2.646663087887705;0.18547318248401296;0.23450387790958582
94.17819456803625;45.72833755158005;162.2669566341592;6.401426172383494;94.17819456803625;92.89960390129627;162.2669566341592;6.401426172383494;94.17819456803625;92.89960390129627;137.2133052018195;879.6978527291287;0.8218054319637531;-2.899603901296288;93.2221748828888;90.32043528556824;161.94291472434998;6.6262273490428925;True;True;False;False;0.9623449408370393;2.6437641470673996;0.18721764424357007;0.23546109117920125
94.12905683850268;45.79890888932647;162.19731358936795;6.307124755813219;94.12905683850268;92.79955014412948;162.19731358936795;6.307124755813219;94.12905683850268;92.79955014412948;137.02679886264696;879.9057022457911;0.8709431614973226;-2.7995501441294834;93.2412371635437;90.32638835906982;162.1023428440094;6.567808836698532;True;True;False;False;0.9627100792814154;2.6440765529060735;0.18450398548437486;0.23676442008304174
94.31836435131603;45.62007200130344;162.3520199687159;6.252826807650906;94.31836435131603;92.58702578513912;162.3520199687159;6.252826807650906;94.31836435131603;92.58702578513912;137.07857422807706;879.6432129750307;0.681635648683951;-2.587025785139133;93.18476247787476;90.21623921394348;162.22963094711304;6.526365131139755;True;True;False;False;0.964541483484281;2.6398995752345855;0.18365328589100366;0.23817380079833872
94.3415559733688;45.54537453070826;162.37434588287888;6.183887016419735;94.3415559733688;92.70440178370168;162.37434588287888;6.183887016419735;94.3415559733688;92.70440178370168;136.4988854596001;879.687714484083;0.6584440266311873;-2.7044017837016696;93.3482403755188;90.05415105819702;162.34514355659485;6.480549871921539;True;True;False;False;0.9647764278165359;2.639844116532975;0.18246084849009517;0.239587341625782
94.22959404707606;45.56573982781651;162.36881727862252;6.13138477273813;94.22959404707606;92.64604539050566;162.36881727862252;6.13138477273813;94.22959404707606;92.64604539050566;136.25501134149857;879.9994308735527;0.7704059529239373;-2.6460453905056625;93.39218664169312;90.15235948562622;162.41432785987854;6.420926600694656;True;True;False;False;0.9652544566194327;2.638505570987126;0.18250388165905843;0.24117258762741592
94.22693983526584;45.44861322270116;162.29605429792812;6.217425577636061;94.22693983526584;92.54924641720018;162.29605429792812;6.217425577636061;94.22693983526584;92.54924641720018;136.09580323604212;880.1074600908963;0.7730601647341473;-2.5492464172001803;93.29887342453004;90.0982632637024;162.44073748588562;6.36800080537796;True;True;False;False;0.9639407361245108;2.636307288400359;0.1822769015558214;0.24131799436450668
94.21196765842502;45.25245743997782;162.28712575006654;5.904035776285741;94.21196765842502;92.75451704716514;162.28712575006654;5.904035776285741;94.21196765842502;92.75451704716514;135.34536245381884;880.2404791332092;0.7880323415749757;-2.754517047165137;93.24857306480408;90.001638174057;162.45778441429138;6.338709592819214;True;True;False;False;0.9630822490342682;2.635137063712098;0.18281522245398774;0.2433281915653809
94.79284931486704;45.19967633639708;162.2195672100959;6.049738061732056;94.79284931486704;92.55702654253612;162.2195672100959;6.049738061732056;94.79284931486704;92.55702654253612;135.37307452345485;879.1837867992018;0.2071506851329729;-2.5570265425361214;93.23488998413086;90.1382200717926;162.46544241905212;6.291130632162094;True;True;False;False;0.969289923692503;2.630932085126459;0.18409924803307645;0.2405289089828902
94.74246081247566;45.21822834333113;162.11875655783902;6.079460437209985;94.74246081247566;92.40379211677748;162.11875655783902;6.079460437209985;94.74246081247566;92.40379211677748;135.33860650263398;879.3121838953356;0.257539187524344;-2.403792116777481;93.74605917930604;89.97258496284485;162.42900133132937;6.250958889722824;True;True;False;False;0.9695389740099926;2.628178004192084;0.18555339098885226;0.24108338249311193
94.85469409675056;45.09312778601085;162.1990386350205;6.186851345600807;94.85469409675056;92.21009781355404;162.1990386350205;6.186851345600807;94.85469409675056;92.21009781355404;165.40548949351054;879.1220558851223;0.1453059032494508;12.789902186445971;93.7659649848938;89.8159589767456;162.36342310905457;6.178647130727768;True;True;False;False;0.971901486248708;2.6260611609094995;0.18606942955259725;0.2378642475302451
94.94434510986764;44.97055393178547;162.4618622033379;6.647604772106312;94.94434510986764;92.0291684093563;162.4618622033379;6.647604772106312;94.94434510986764;92.0291684093563;167.47266859343213;878.9621279793214;0.0556548901323452;12.970831590643698;93.96491241455078;89.67862343788147;162.357417345047;6.436286866664887;True;True;False;False;0.9717203761510108;2.6208919597108853;0.18619084681139855;0.23658688915613715
95.16994048898223;45.08771926126602;162.69812799395189;6.852050750934672;95.16994048898223;92.03203471002293;162.69812799395189;6.852050750934672;95.16994048898223;92.03203471002293;169.19638020418475;878.5183578731098;-0.1699404889822346;12.967965289977087;94.0580666065216;89.55497097969055;162.39366173744202;6.819172352552414;True;True;False;False;0.9725392753082102;2.6174583079504883;0.18843749173086985;0.23533018177988033
95.17230616263552;45.3559143654307;162.94931570318718;7.182386557275402;95.17230616263552;92.14304128096458;162.94931570318718;7.182386557275402;95.17230616263552;92.14304128096458;170.70342910096502;878.490967793939;-0.1723061626355075;12.856958719035418;94.27821278572084;89.56624102592468;162.50921368598938;7.305865436792374;True;True;False;False;0.972747873889259;2.6155639697716566;0.1894603511620815;0.2351744326217783
95.50382559790928;45.29059904827798;162.8176937366821;7.55870328862312;95.50382559790928;92.30819270498992;162.8176937366821;7.55870328862312;95.50382559790928;92.30819270498992;172.0873874154524;877.8049547683735;-0.5038255979092696;12.69180729501008;94.30326962471008;89.70026469230652;162.72487044334412;7.604894787073135;True;True;False;False;0.9752648538148782;2.615165570204993;0.1799159428005964;0.23521550573708552
95.64591811527762;45.35584895462114;163.13104052748253;7.813335096341741;95.64591811527762;92.40496041391772;163.13104052748253;7.813335096341741;95.64591811527762;92.40496041391772;173.5860929702648;877.4535929872488;-0.6459181152776239;12.595039586082263;94.65158319473268;89.87235069274902;162.86139011383057;7.854422479867935;True;True;False;False;0.9751130450074358;2.6161794646866596;0.1761747030555275;0.23517318358689085
95.97257477469157;45.4218572469965;163.02967497009638;7.871748878089185;95.97257477469157;92.59620593213978;163.02967497009638;7.871748878089185;95.97257477469157;92.59620593213978;174.88294054529834;876.7141572530506;-0.9725747746915516;12.403794067860218;94.8093569278717;89.94010925292969;162.995103597641;8.131507188081741;True;True;False;False;0.9771940075696337;2.6151852629075165;0.1741319681065296;0.2355625372209678
96.55616244794912;45.61936586170964;162.90153110423802;8.183501692687395;96.55616244794912;92.57966508292616;162.90153110423802;8.183501692687395;96.55616244794912;92.57966508292616;176.56986145277358;875.41730526991;-1.55616244794912;12.42033491707383;95.09248399734496;90.14283180236816;163.0491292476654;8.370761647820473;True;True;False;False;0.9837536001532036;2.6133659415146666;0.1744718369662922;0.2359323546130985
96.49168833213017;45.596736285538725;163.06485349000872;8.716211245224155;96.49168833213017;92.6516471416688;163.06485349000872;8.716211245224155;96.49168833213017;92.6516471416688;178.08194199089814;875.3387651751547;-1.4916883321301668;12.348352858331197;95.66944813728333;90.09226870536804;163.0077314376831;8.55138286948204;True;True;False;False;0.9855465684653097;2.6116833135187743;0.17448669145879475;0.2350170890567298
96.72462535344;45.673620861850274;162.8732130135989;8.814791657381281;96.72462535344;92.75283435608588;162.8732130135989;8.814791657381281;96.72462535344;92.75283435608588;179.52601460984147;874.6739993549177;-1.7246253534399898;12.247165643914116;95.58294534683228;90.24086046218872;163.04280877113342;8.76816488802433;True;True;False;False;0.9889006899827336;2.61127353187574;0.17450956394776485;0.23497355360119193
96.83548640829623;45.95807037115011;162.71976156128443;9.313679295843436;96.83548640829623;92.9209320660873;162.71976156128443;9.313679295843436;96.83548640829623;92.9209320660873;180.8227746090272;874.2223271980798;-1.835486408296248;12.079067933912697;95.859849691391;90.28423285484314;162.98225283622742;9.066680371761322;True;True;False;False;0.9896618000359012;2.61130807740203;0.1756106311689675;0.23537793666350168
96.80286689979296;46.343038643853234;162.97740863992507;9.389642860557869;96.80286689979296;93.09855950219668;162.97740863992507;9.389642860557869;96.80286689979296;93.09855950219668;182.0780621279968;874.0428346939802;-1.80286689979296;11.90144049780332;95.97176885604858;90.4726984500885;162.9194676876068;9.379175156354904;True;True;False;False;0.9886004549026364;2.6110454719143528;0.1749973450735438;0.23514819904653556
96.90603529910076;46.49931238262101;163.22335233346166;9.539564236835464;96.90603529910076;93.237302928676;163.22335233346166;9.539564236835464;96.90603529910076;93.237302928676;183.38743400807857;873.5961156420589;-1.9060352991007647;11.762697071323998;95.95047330856325;90.68876528739928;162.93394446372986;9.589947313070295;True;True;False;False;0.9894264150666373;2.6102716345894392;0.17656747248071952;0.23509402187115433
97.07927106615246;46.66178925938635;163.52533927939885;9.821696161142857;97.07927106615246;93.4237576653748;163.52533927939885;9.821696161142857;97.07927106615246;93.4237576653748;184.58288414419084;872.9955060680754;-2.079271066152458;11.576242334625206;96.0529477596283;90.80201196670532;162.97274589538574;9.835111647844316;True;True;False;False;0.9891655869615376;2.612769214827232;0.18398730677963962;0.23484631301139655
97.22466276388566;46.90811538605324;163.71773579508698;9.917652799170227;97.22466276388566;93.51780828099008;163.71773579508698;9.917652799170227;97.22466276388566;93.51780828099008;185.93828189091036;872.4274865304553;-2.224662763885661;11.482191719009933;96.22756433486938;90.97788691520692;163.1349539756775;9.977736249566078;True;True;False;False;0.9913427492234048;2.6131273892656504;0.19208340153623873;0.23483966733692163
97.4026454137204;47.193826160843166;163.79750546135205;10.09837839678743;97.4026454137204;93.2822546693112;163.79750546135205;10.09837839678743;97.4026454137204;93.2822546693112;187.9403480101361;871.7748995289344;-2.4026454137203928;11.717745330688814;96.34406065940856;91.08727550506592;163.35628867149353;10.148432552814484;True;True;False;False;0.9924138111788277;2.609225510714269;0.19641726955067734;0.2346223474189134
97.67544706978202;47.68116920850856;163.86861628632005;10.109962545747774;97.67544706978202;93.16732130804183;163.86861628632005;10.109962545747774;97.67544706978202;93.16732130804183;189.73258077676664;870.9089434949817;-2.675447069782024;11.832678691958163;96.59602570533752;90.88548636436462;163.54422450065613;10.330679789185524;True;True;False;False;0.9946172035529;2.6046507979567566;0.19863228282415335;0.23510451327247162
97.8829542475218;47.731687156984655;163.93766654736052;10.38426962365564;97.8829542475218;93.23261606282762;163.93766654736052;10.38426962365564;97.8829542475218;93.23261606282762;191.17968175945617;870.1372028635312;-2.882954247521795;11.767383937172385;96.81215476989746;90.770649433136;163.66318583488464;10.460345447063446;True;True;False;False;0.995641871231547;2.604135919703423;0.19925596455537978;0.23402730676948666
98.05989517758944;48.00508214885272;163.94345387816844;10.880160924382322;98.05989517758944;93.01449081426806;163.94345387816844;10.880160924382322;98.05989517758944;93.01449081426806;193.1849167815316;869.3989271037264;-3.059895177589439;11.985509185731942;97.04035592079164;90.83669328689577;163.7469780445099;10.609878152608871;True;True;False;False;0.9972560253259667;2.600529975909804;0.19977089586614416;0.23481550336180815
98.1902728762864;48.12344598870586;163.9102037895678;10.951731155393466;98.1902728762864;93.14677710936076;163.9102037895678;10.951731155393466;98.1902728762864;93.14677710936076;194.51841208277716;868.7301856826539;-3.1902728762864;11.853222890639245;97.21638989448547;90.65625500679016;163.78130793571472;10.803604200482368;True;True;False;False;0.9980422442004704;2.595376289140791;0.19843066818861715;0.23521512411698803
98.24486509955108;48.290388015820064;163.97485490613175;11.082106395597703;98.24486509955108;92.94538587770742;163.97485490613175;11.082106395597703;98.24486509955108;92.94538587770742;196.5016242648357;868.1956315192864;-3.244865099551077;12.054614122292575;97.34680438041688;90.75635099411012;163.79011988639832;11.081810891628264;True;True;False;False;0.9960093831852166;2.5911398634914318;0.19921079548865725;0.23517301895716125
98.46763748166332;48.41135279141528;164.04013274178632;11.011931077057936;98.46763748166332;92.9600558940245;164.04013274178632;11.011931077057936;98.46763748166332;92.9600558940245;198.07956611517383;867.3174380751218;-3.4676374816633317;12.039944105975492;97.39823865890504;90.60439205169678;163.79585027694702;11.342353522777556;True;True;False;False;0.9974522632833897;2.5905549805558414;0.19961159491054342;0.23712761699246127
98.6887819606586;48.53189289582018;164.08718450079078;11.196938917203248;98.6887819606586;92.99410851972068;164.08718450079078;11.196938917203248;98.6887819606586;92.99410851972068;199.61678674457823;866.4127974529096;-3.688781960658588;12.005891480279333;97.60537934303284;90.59326720237732;163.81487727165222;11.429938673973083;True;True;False;False;0.9969594276055652;2.5878106343348124;0.20070128043070284;0.2375498376948325
98.88439925487005;48.61272710971498;163.97273290456783;11.294705823143357;98.88439925487005;93.11000419100574;163.97273290456783;11.294705823143357;98.88439925487005;93.11000419100574;200.98578093271203;865.5297252697321;-3.884399254870047;11.889995808994255;97.82510375976562;90.6475293636322;163.82479071617126;11.52986891567707;True;True;False;False;0.9995703034310147;2.5876522276971596;0.20042575022085046;0.2383036460892484
98.94178677431388;48.76480099406022;163.90800838078297;11.581152843774763;98.94178677431388;92.92188127582152;163.90800838078297;11.581152843774763;98.94178677431388;92.92188127582152;202.947359537613;864.8970303301951;-3.941786774313883;12.078118724178466;98.04924631118774;90.7491672039032;163.8064455986023;11.605229452252388;True;True;False;False;0.9992805330332643;2.5838442062585214;0.20059631034506997;0.23484904111398297
99.164962307898;49.19368447648438;163.7084866200043;11.567509920391371;99.164962307898;92.95067050785184;163.7084866200043;11.567509920391371;99.164962307898;92.95067050785184;204.50019690344288;863.9251076931183;-4.164962307897994;12.04932949214816;98.12046885490416;90.55212116241456;163.77796411514282;11.780259609222412;True;True;False;False;1.0019608810025706;2.5809360074834866;0.20048095897165807;0.23571677921970383
99.41122476219635;49.39142593099525;163.68137984638355;11.857188991463202;99.41122476219635;92.91408298703269;163.68137984638355;11.857188991463202;99.41122476219635;92.91408298703269;206.17994921070093;862.8772544768018;-4.411224762196369;12.085917012967316;98.34097456932068;90.59198117256165;163.67968201637268;11.928862929344175;True;True;False;False;1.004702280681308;2.577078940329066;0.20044439989981705;0.2350858070976904
99.71451044039418;49.44594093023939;163.6316194908435;12.13090764517032;99.71451044039418;92.53630719282556;163.6316194908435;12.13090764517032;99.71451044039418;92.53630719282556;208.54695640084407;861.68251981878;-4.714510440394179;12.463692807174423;98.53798604011536;90.54867100715636;163.587064743042;12.116367667913435;True;True;False;False;1.008493063536447;2.570628269161441;0.20044226896980388;0.23367751613079937
99.91260271494156;49.86460024241138;163.5780427482113;12.206409864777124;99.91260271494156;92.51988027698566;163.5780427482113;12.206409864777124;99.91260271494156;92.51988027698566;210.2416359401472;860.6577338776326;-4.912602714941556;12.48011972301434;98.84906697273254;90.23616576194765;163.48597645759585;12.27391079068184;True;True;False;False;1.0117299168816702;2.568946057584403;0.19814509274646122;0.2328540616743746
100.12754746849116;49.84025922422717;163.40575141030712;12.374536808847886;100.12754746849116;92.85123897061804;163.40575141030712;12.374536808847886;100.12754746849116;92.85123897061804;211.24293451595105;859.5728306752079;-5.127547468491159;12.14876102938196;99.06127572059631;90.181156873703;163.3991289138794;12.511900663375854;True;True;False;False;1.0138645436574032;2.5682434646697794;0.1960475147697364;0.23043814577255575
100.0038954844358;49.918020236736346;163.1450217028626;12.656532352665556;100.0038954844358;92.7651466433605;163.1450217028626;12.656532352665556;100.0038954844358;92.7651466433605;213.0349539743837;859.1364616475198;-5.003895484435802;12.234853356639505;99.26943969726562;90.4918920993805;163.2897400856018;12.699888125061989;True;True;False;False;1.0121015548780257;2.5638828798145217;0.19623565036421065;0.22914210973048657
100.1924988272716;50.198686670744905;162.9845102784021;12.928383361332877;100.1924988272716;92.7763198260744;162.9845102784021;12.928383361332877;100.1924988272716;92.7763198260744;214.6439213898412;858.0920688972568;-5.192498827271592;12.2236801739256;99.1299123764038;90.4552125930786;163.1451165676117;12.85015434026718;True;True;False;False;1.0127106298330322;2.561864846179365;0.19683208973580033;0.2291931286047716
100.49733056052555;50.346625563159584;162.79495597044354;13.133960117331878;100.49733056052555;93.01697757022716;162.79495597044354;13.133960117331878;100.49733056052555;93.01697757022716;215.79242992472567;856.7900722537793;-5.497330560525569;11.98302242977283;99.34868955612184;90.45943021774292;162.9604721069336;13.063941672444344;True;True;False;False;1.0133983783407339;2.5611444580359417;0.1958227582433698;0.2290297568807417
100.55750810909416;50.35159550340787;162.46026369781003;13.382195594714933;100.55750810909416;92.82087686151462;162.46026369781003;13.382195594714933;100.55750810909416;92.82087686151462;217.7823676661205;855.936739748572;-5.557508109094158;12.17912313848538;99.60528016090392;90.6633973121643;162.73422002792358;13.31053901463747;True;True;False;False;1.0141040235709002;2.5561869688763434;0.19744803287881885;0.22881678329777652
100.67905269782166;50.38448168060967;162.4190185189792;13.704851500488653;100.67905269782166;92.77704376716837;162.4190185189792;13.704851500488653;100.67905269782166;92.77704376716837;219.49391693994448;854.9526494899044;-5.6790526978216604;12.222956232831647;99.67227816581726;90.51354026794434;162.47774243354797;13.540622554719448;True;True;False;False;1.0137456981659576;2.55265951889885;0.19748704038780804;0.2278812406288044
100.903888528914;50.32986874354198;162.36373976272935;13.997031251332132;100.903888528914;92.66219879297226;162.36373976272935;13.997031251332132;100.903888528914;92.66219879297226;221.35333438604752;853.7457708013435;-5.903888528913996;12.337801207027738;99.784930229187;90.47444081306458;162.28614807128906;13.775217793881891;True;True;False;False;1.0133920609165168;2.547752664988569;0.1968522055714202;0.22838790263388092
100.7836080145734;50.3108590406908;162.15707653012626;14.326344647152844;100.7836080145734;92.9308049760418;162.15707653012626;14.326344647152844;100.7836080145734;92.9308049760418;222.4611621808455;853.1991466928362;-5.783608014573389;12.0691950239582;100.0007827281952;90.37686157226562;162.12426781654358;14.0430610999465;True;True;False;False;1.0107154293038554;2.546731198596509;0.1968177550236427;0.22812875806430769
101.00770696551812;50.64938906375424;162.1001984874593;14.383992463264812;101.00770696551812;92.7312478147826;162.1001984874593;14.383992463264812;101.00770696551812;92.7312478147826;224.4695025065583;851.9798010556702;-6.007706965518125;12.268752185217394;99.89876461029051;90.65642786026;161.9580864906311;14.33141153305769;True;True;False;False;1.0123008833133145;2.542029986522603;0.19649407183233514;0.22715566196874876
101.1080310712092;50.84538642563557;162.04455547900395;14.473417375409316;101.1080310712092;92.96179914835844;162.04455547900395;14.473417375409316;101.1080310712092;92.96179914835844;225.6442334641023;850.9781252488856;-6.108031071209211;12.038200851641562;100.130512714386;90.43939304351808;161.8608796596527;14.575382582843304;True;True;False;False;1.0128543777342023;2.537910592294998;0.19580106484836887;0.2256686751134829
101.15490757666478;51.14493524348311;161.95209127334974;14.783483010655043;101.15490757666478;92.80238639404548;161.95209127334974;14.783483010655043;101.15490757666478;92.80238639404548;227.5681524196138;850.0699680951466;-6.154907576664783;12.19761360595453;100.24682235717772;90.64392709732056;161.74360990524292;14.762992225587368;True;True;False;False;1.012083031934448;2.5336366791092764;0.19611259498707873;0.22534141708973954
101.00586388766352;51.32994297543143;161.73433129726584;14.833800840901024;101.00586388766352;92.68287401329786;161.73433129726584;14.833800840901024;101.00586388766352;92.68287401329786;229.43352566190296;849.5474011295938;-6.005863887663509;12.317125986702138;100.3182246685028;90.49820470809937;161.62445187568665;14.89796169102192;True;True;False;False;1.0105874167402968;2.527208682233273;0.19567932318580827;0.22521760013866715
100.90525837489292;51.81151796611859;161.57700270016844;15.112324382138242;100.90525837489292;92.82833755157952;161.57700270016844;15.112324382138242;100.90525837489292;92.82833755157952;230.78488205023325;848.9478303034465;-5.905258374892924;12.171662448420475;100.16080355644226;90.39259815216064;161.49536728858948;15.06620790809393;True;True;False;False;1.0088126635402102;2.5281357532260986;0.1942963779815611;0.22291166183271882
100.86101723442468;52.08925254567957;161.23951248598394;15.291679656216637;100.86101723442468;92.94890888932592;161.23951248598394;15.291679656216637;100.86101723442468;92.94890888932592;232.1666277011965;848.2489448010639;-5.861017234424679;12.051091110674063;100.06749725341795;90.56567287445068;161.34949803352356;15.283578783273695;True;True;False;False;1.0069077001249844;2.523112313474202;0.19427014889541758;0.22003799445104907
100.98422507606485;52.25352674512828;161.22432304999035;15.131679066651229;100.98422507606485;92.82007200130288;161.22432304999035;15.131679066651229;100.98422507606485;92.82007200130288;234.03111362533247;847.2210601531937;-5.984225076064831;12.17992799869711;100.06480765342712;90.67351961135864;161.152081489563;15.444760769605637;True;True;False;False;1.0061297984231903;2.517795211146403;0.19400414430659432;0.21614035620506855
100.92231563069292;52.41241606136177;160.93326408861384;15.205386657052728;100.92231563069292;92.7953745307077;160.93326408861384;15.205386657052728;100.92231563069292;92.7953745307077;235.70449896634912;846.5469823671289;-5.922315630692921;12.204625469292296;100.13999891281128;90.5481662750244;160.99189281463623;15.609403774142264;True;True;False;False;1.0031253351197984;2.51401488145488;0.19408112469205804;0.2181750237649118
101.12810545167665;52.66183090125973;160.86631146090414;15.575955702222004;101.12810545167665;92.86573982781596;160.86631146090414;15.575955702222004;101.12810545167665;92.86573982781596;237.19105176803825;845.345760641069;-6.128105451676646;12.134260172184042;100.10534524917604;90.49265956878662;160.79368948936462;15.683612823486328;True;True;False;False;1.0015830282201894;2.5103715810819076;0.19369351815781463;0.21692565972715633
101.25762164700376;52.96551104095886;160.60275269967457;15.69891503482085;101.25762164700376;92.7986132227006;160.60275269967457;15.69891503482085;101.25762164700376;92.7986132227006;238.94320633456016;844.2696475235246;-6.257621647003759;12.20138677729939;100.2679934501648;90.55486607551576;160.5996823310852;15.749140232801436;True;True;False;False;1.0030189763328983;2.509081287974028;0.19212903499765588;0.21548566071898528
101.31955961159622;53.13764922139031;160.61484610339346;15.79129300342254;101.31955961159622;92.65245743997728;160.61484610339346;15.79129300342254;101.31955961159622;92.65245743997728;240.86236947031344;843.3114220414058;-6.319559611596219;12.347542560022733;100.43297171592712;90.49687027931212;160.41553616523743;15.939867906272411;True;True;False;False;1.0022271433022454;2.50507403524919;0.1930636324749623;0.21286864551598794
101.22114402790626;53.18640594190045;160.1620307307233;16.043681841397692;101.22114402790626;92.64967633639652;160.1620307307233;16.043681841397692;101.22114402790626;92.64967633639652;242.514270685478;842.6656452605729;-6.221144027906263;12.35032366360349;100.50537657737732;90.39347624778748;160.2584946155548;16.168311089277267;True;True;False;False;0.9984482741064826;2.5016968128645676;0.19223549115221597;0.21181654624701232
101.15528247211638;53.06672585409432;160.25999199179714;16.417747322307324;101.15528247211638;92.71822834333057;160.25999199179714;16.417747322307324;101.15528247211638;92.71822834333057;244.02387649342367;841.9678825017652;-6.155282472116383;12.281771656669434;100.4092423915863;90.39832305908205;160.05172848701477;16.32162157446146;True;True;False;False;0.99745516722631;2.4977926249959097;0.19153620591136056;0.21097645485021274
101.54298314671324;53.152374851329455;160.01452739235685;16.563795934899023;101.54298314671324;92.64312778601028;160.01452739235685;16.563795934899023;101.54298314671324;92.64312778601028;245.8116471622868;840.3717768229559;-6.542983146713254;12.356872213989718;100.36817932128906;90.47585821151732;159.91061925888062;16.52949083596468;True;True;False;False;0.9998485446722153;2.4938194291834757;0.19071065843280963;0.21079507376937934
101.98806338766704;53.01524140855299;159.65623902459126;16.99189300552214;101.98806338766704;92.5705539317849;159.65623902459126;16.99189300552214;101.98806338766704;92.5705539317849;247.6043778326029;838.6092185881532;-6.988063387667054;12.4294460682151;100.72098708152772;90.40971755981444;159.73287224769592;16.792365536093712;True;True;False;False;1.0046844599504292;2.4883424009942874;0.1907345118619334;0.21126747695362583
102.25047585758765;53.16507505557875;159.33752222870925;17.24777856582435;102.25047585758765;92.73771926126544;159.33752222870925;17.24777856582435;102.25047585758765;92.73771926126544;248.92730664940376;837.1526518632897;-7.250475857587631;12.262280738734546;101.17180275917052;90.30971837043762;159.4758439064026;17.079721838235855;True;True;False;False;1.008100537908846;2.4874296345342084;0.1911133221100541;0.21183044914662533
102.42191113421843;53.13007086277618;159.16677505499322;17.358164027214546;102.42191113421843;93.05591436543013;159.16677505499322;17.358164027214546;102.42191113421843;93.05591436543013;249.92588720623905;835.8430511956831;-7.421911134218448;11.944085634569872;101.40346097946168;90.46387600898744;159.22019243240356;17.339219115674496;True;True;False;False;1.0089753219724917;2.4851219698451246;0.19110314623047256;0.21039018820901922
102.30531499855756;53.12495173593041;158.79496163886844;17.44886008878357;102.30531499855756;93.0405990482774;158.79496163886844;17.44886008878357;102.30531499855756;93.0405990482774;251.54906259182044;835.0866553157757;-7.305314998557549;11.959400951722586;101.51470255851746;90.77341508865356;158.94123911857605;17.621132284402847;True;True;False;False;1.006846430444758;2.4802238700348447;0.19015108757133364;0.21087516130032125
102.5526170294512;53.29795936952494;158.34297448516276;17.872115251439137;102.5526170294512;93.15584895462057;158.34297448516276;17.872115251439137;102.5526170294512;93.15584895462057;252.9131495726972;833.6180092541807;-7.552617029451213;11.844151045379448;101.41916990280151;90.76685357093812;158.63916754722595;17.795738726854324;True;True;False;False;1.0068537689820483;2.4780213802428714;0.19220815304611202;0.21045900062948958
102.414542004642;53.189547054453;158.04558275767627;17.930994449787505;102.414542004642;93.27185724699592;158.04558275767627;17.930994449787505;102.414542004642;93.27185724699592;254.2603531273304;832.8871436998724;-7.414542004642001;11.72814275300408;101.649742603302;90.88192558288574;158.30384135246277;17.960111685097218;True;True;False;False;1.0065272937881158;2.4750876066913396;0.19334230065356448;0.20949452907890403
102.3905075764257;53.27547400811461;157.92747298964076;17.9576604461161;102.3905075764257;93.51936586170903;157.92747298964076;17.9576604461161;102.3905075764257;93.51936586170903;255.32908826497132;831.946606955686;-7.390507576425705;11.480634138290952;101.5129532814026;90.97974681854248;157.9621422290802;18.162886537611485;True;True;False;False;1.0040762419408824;2.4733203279194025;0.19320976116795188;0.20862282940699234
102.67884997263398;53.26761587127943;157.2464731710877;18.033445598471857;102.67884997263398;93.54673628553816;157.2464731710877;18.033445598471857;102.67884997263398;93.54673628553816;256.805098635752;830.3845211530793;-7.678849972633984;11.453263714461857;101.51782774925232;91.18517971038818;157.65605807304382;18.374626906588677;True;True;False;False;1.003761325160988;2.4707377474871075;0.1970694148267002;0.20942881610586242
102.75694065095124;53.62406011047356;157.05811493534347;18.197834681482384;102.75694065095124;93.67362086184968;157.05811493534347;18.197834681482384;102.75694065095124;93.67362086184968;258.0784313117238;829.2044931334269;-7.756940650951236;11.326379138150315;101.77207446098328;91.16271567344666;157.26998448371887;18.448707899078727;True;True;False;False;1.0044526269913052;2.4701957891042583;0.1978606372711521;0.21009670480658613
102.91673093370925;53.80693612147608;156.7104977112867;18.561405004534013;102.91673093370925;94.00807037114951;156.7104977112867;18.561405004534013;102.91673093370925;94.00807037114951;258.9197161782109;827.8506538144508;-7.916730933709246;10.991929628850484;101.82889485359192;91.31886458396912;156.9379758834839;18.54284997098148;True;True;False;False;1.0049785338155095;2.4694367171549114;0.19889257264574312;0.20866104132451532
102.5886119186574;53.964988673545854;156.56593850700995;18.490980577801555;102.5886119186574;94.44303864385265;156.56593850700995;18.490980577801555;102.5886119186574;94.44303864385265;259.5153702499847;827.4513277200599;-7.588611918657392;10.556961356147356;101.9613835811615;91.63832545280457;156.6006565093994;18.70564772747457;True;True;False;False;1.0039806210047757;2.4725558004696757;0.1987876664936628;0.20866080346718302
102.66207108862106;53.93925147371946;156.24713829611227;18.690832259323663;102.66207108862106;94.64931238262042;156.24713829611227;18.690832259323663;102.66207108862106;94.64931238262042;260.5104176199355;826.2925944576449;-7.662071088621062;10.350687617379576;101.62787318229675;91.99802660942078;156.2670874595642;18.878265703096982;True;True;False;False;1.004308092837543;2.471390862311736;0.19724521548085194;0.20768038325683544
102.7832766570282;54.10763261805012;155.93307321675525;18.829602594252936;102.7832766570282;94.86178925938574;155.93307321675525;18.829602594252936;102.7832766570282;94.86178925938574;261.46555554872214;825.0285738423478;-7.783276657028196;10.138210740614255;101.68808841705322;92.20683360099792;155.98901271820068;19.049081662669774;True;True;False;False;1.0059084464292156;2.471587728643821;0.19530445988127246;0.20555999760937602
102.90257362226872;54.30894897338085;155.83696954639004;19.25908546103617;102.90257362226872;95.15811538605264;155.83696954639004;19.25908546103617;102.90257362226872;95.15811538605264;262.22466472747027;823.7522096909296;-7.902573622268719;9.841884613947371;101.82004475593568;92.40902376174928;155.68384647369385;19.12144464440644;True;True;False;False;1.0079882538911125;2.472683230639712;0.19563787546519468;0.201771063765268
103.10984402498154;54.51805703991441;155.46253605259793;19.443083563537837;103.10984402498154;95.49382616084256;155.46253605259793;19.443083563537837;103.10984402498154;95.49382616084256;262.86549445975004;822.2839924025347;-8.109844024981541;9.50617383915744;101.94038534164427;92.68744921684264;155.4637312889099;19.332030145451427;True;True;False;False;1.0112967457394801;2.4741891717922666;0.19549654190962218;0.1982016978216679
103.22287391030534;54.52739432469847;155.2938898679873;19.49494046985882;103.22287391030534;96.03116920850796;155.2938898679873;19.49494046985882;103.22287391030534;96.03116920850796;263.05829820964027;820.976620095223;-8.222873910305339;8.968830791492053;102.0969352722168;92.99531507492064;155.18441081047058;19.55375618301332;True;True;False;False;1.0112949668350886;2.47981950234609;0.19577067932370845;0.1946668052955749
103.31445735362064;54.80623721054211;154.7963994110169;19.699420518752323;103.31445735362064;96.13168715698404;154.7963994110169;19.699420518752323;103.31445735362064;96.13168715698404;264.05310641822035;819.6970700205517;-8.314457353620654;8.868312843015957;102.16448640823364;93.45162057876588;154.92713332176208;19.791444865986705;True;True;False;False;1.0141793552906224;2.479745840407062;0.19596603150864614;0.19446814122235598
103.44458587763124;55.01886733565333;154.3147845639529;19.75296858094181;103.44458587763124;96.4550821488521;154.3147845639529;19.75296858094181;103.44458587763124;96.4550821488521;264.5887581468864;818.3282186587144;-8.44458587763124;8.5449178511479;102.27489829063416;93.55294036865234;154.62839245796204;19.917336842045188;True;True;False;False;1.0156650890849837;2.4842211545822734;0.198070655076941;0.19509580323319411
103.4727482356762;54.84500379636372;153.9853369936176;19.73804073812201;103.4727482356762;96.62344598870524;153.9853369936176;19.73804073812201;103.4727482356762;96.62344598870524;265.3913528473332;817.1459491589403;-8.472748235676207;8.376554011294758;102.3515830039978;93.84639024734496;154.2091691493988;20.017826640978456;True;True;False;False;1.0173108948796192;2.4849086861095935;0.19886762871938127;0.19689550777277076
103.52640522609651;54.93143974761344;153.50214624035755;20.07777020409667;103.52640522609651;96.84038801581944;153.50214624035755;20.07777020409667;103.52640522609651;96.84038801581944;266.0743426612774;815.9089354133429;-8.526405226096514;8.159611984180557;102.38554525375366;93.98708605766296;153.8218367099762;20.128997610881925;True;True;False;False;1.0188037448071934;2.486993143883882;0.19829004028902936;0.19690213436698234
103.5308926021718;55.29681527197521;153.1419195818931;20.22277875802188;103.5308926021718;97.01135279141464;153.1419195818931;20.22277875802188;103.5308926021718;97.01135279141464;266.8203613746444;814.7631066310461;-8.53089260217179;7.988647208585348;102.45043444633484;94.2032082080841;153.39112639427185;20.216522114351392;True;True;False;False;1.01637390075085;2.4884015332987426;0.19831032643966917;0.19648991178306427
103.55874226563824;55.39783714197089;152.90978918554214;20.55437389246891;103.55874226563824;97.18189289581954;152.90978918554214;20.55437389246891;103.55874226563824;97.18189289581954;267.5444341269793;813.5699549571569;-8.55874226563823;7.818107104180456;102.43595623970032;94.35419225692748;152.9638123512268;20.351206371560693;True;True;False;False;1.0173580699215212;2.4893460294827894;0.1979924964398521;0.1971601961057268
103.44256795465236;55.42574477779606;152.54384819789826;20.64920788823479;103.44256795465236;97.31272710971436;152.54384819789826;20.64920788823479;103.44256795465236;97.31272710971436;268.3251799797471;812.6611379437103;-8.442567954652361;7.687272890285641;102.4380304813385;94.52271056175232;152.61545181274414;20.59272385202348;True;True;False;False;1.0193656636661605;2.492195311998475;0.19805717511332344;0.19723031403417235
103.53868699379788;55.49970620321835;151.9479511868548;20.973048396682877;103.53868699379788;97.51480099405958;151.9479511868548;20.973048396682877;103.53868699379788;97.51480099405958;268.9460019297614;811.3432241381323;-8.538686993797882;7.485199005940416;102.3186855316162;94.62211513519289;152.27341175079346;20.776312202215195;True;True;False;False;1.0213560918518194;2.4962344977200677;0.20047073298678855;0.1981130459256561
103.23191618599168;55.349657378101966;151.57830023310422;20.91412057508603;103.23191618599168;97.99368447648374;151.57830023310422;20.91412057508603;103.23191618599168;97.99368447648374;268.9862614990385;810.8182741545717;-8.231916185991679;7.006315523516264;102.41903734207152;94.83167576789856;151.8627381324768;21.00412514060736;True;True;False;False;1.0212588944286363;2.5030363073696176;0.20223030449198345;0.19829847076156462
103.29136832269462;55.43815057445483;151.29276709176466;21.057754550339567;103.29136832269462;98.2414259309946;151.29276709176466;21.057754550339567;103.29136832269462;98.2414259309946;269.42495399315226;809.6017810563669;-8.291368322694623;6.758574069005391;102.06070518493652;95.24003863334656;151.47912979125977;21.13342896103859;True;True;False;False;1.0220015388936672;2.505153742458433;0.20300824605099968;0.19839356720870374
103.52154543763535;55.41221446795415;150.88280847395842;21.305298844270787;103.52154543763535;98.34594093023875;150.88280847395842;21.305298844270787;103.52154543763535;98.34594093023875;270.1170672038647;808.0359110501262;-8.521545437635353;6.654059069761246;102.17329502105711;95.4389169216156;151.0779106616974;21.271907184273005;True;True;False;False;1.024012229273549;2.510239715253882;0.20288577339597058;0.1982989594651992
103.5927255054806;55.68039207408204;150.5794034626322;21.494406710214022;103.5927255054806;98.81460024241072;150.5794034626322;21.494406710214022;103.5927255054806;98.81460024241072;270.0669564554889;806.7573448560843;-8.592725505480587;6.185399757589266;102.3840034008026;95.54061698913574;150.65484523773193;21.34120868518949;True;True;False;False;1.0266614714068076;2.519578713543004;0.2024531636301703;0.19722656899794397
103.48271666694852;55.87159898256476;150.49426887459242;21.701421052614744;103.48271666694852;98.84025922422651;150.49426887459242;21.701421052614744;103.48271666694852;98.84025922422651;270.8403584595359;805.8316657990844;-8.48271666694852;6.159740775773486;102.41503405570984;95.95381283760072;150.32628536224365;21.50949823670089;True;True;False;False;1.0244640137068972;2.521570574810565;0.20282877183205064;0.19588003081739208
103.26002834109975;55.89286681209606;150.17595177984506;21.974056260802858;103.26002834109975;98.9680202367357;150.17595177984506;21.974056260802858;103.26002834109975;98.9680202367357;271.4061352046206;805.1460135618554;-8.260028341099755;6.031979763264303;102.31723356246948;96.0133020877838;150.0574028491974;21.699249297380447;True;True;False;False;1.0265549969504275;2.524259275317643;0.20314347871458496;0.190431430505463
103.16177652683112;55.96567191603344;149.90286153377488;22.048598170120588;103.16177652683112;99.29868667074425;149.90286153377488;22.048598170120588;103.16177652683112;99.29868667074425;271.5490663050388;804.241180078246;-8.161776526831133;5.701313329255754;102.1068708896637;96.13103604316711;149.79085445404053;21.887263599783186;True;True;False;False;1.0281827330525661;2.530649577466215;0.20342170307995427;0.18635020242601816
102.9906871115896;55.839391366161614;149.93165167074736;22.121934943455138;102.9906871115896;99.49662556315891;149.93165167074736;22.121934943455138;102.9906871115896;99.49662556315891;271.9133636307768;803.4951220384849;-7.990687111589608;5.503374436841071;101.98200845718384;96.44008421897888;149.54514265060425;22.06822084262967;True;True;False;False;1.0279521658608557;2.5342449909275264;0.2052686414595104;0.18400438552782236
102.952472365525;56.08303143018608;149.49497665348164;22.004641340442667;102.952472365525;99.5515955034072;149.49497665348164;22.004641340442667;102.952472365525;99.5515955034072;272.53720700852574;802.5061265824021;-7.952472365524997;5.4484044965927865;101.8267307281494;96.65082716941832;149.378764629364;22.21755623817444;True;True;False;False;1.0292623866806407;2.5364807823105338;0.20535855480745158;0.18475179938236694
102.91628614114516;56.24849536324171;149.04402338481538;21.858955645984395;102.91628614114516;99.634481680609;149.04402338481538;21.858955645984395;102.91628614114516;99.634481680609;273.0978885870012;801.5181693824251;-7.91628614114515;5.365518319390986;101.78515601158142;96.6240210533142;149.1054368019104;22.252493016421795;True;True;False;False;1.0301855544151228;2.539931873008464;0.205441521444198;0.18807073228150173
102.61069824974138;55.92103918141451;148.44312027552644;22.00703908576743;102.61069824974138;99.62986874354132;148.44312027552644;22.00703908576743;102.61069824974138;99.62986874354132;273.82251690372203;801.0738403464132;-7.610698249741375;5.370131256458677;101.71064925193788;96.70583605766296;148.7987494468689;22.23579030483961;True;True;False;False;1.0297177795175279;2.5445672721632566;0.20740714319504383;0.1885842792699002
102.57995103705468;55.7777862329738;148.17573294375703;22.11688226667847;102.57995103705468;99.66085904069011;148.17573294375703;22.11688226667847;102.57995103705468;99.66085904069011;274.4765538102856;800.1205750051545;-7.57995103705467;5.339140959309873;101.44432353973389;96.70723962783812;148.42748045921326;22.191617861390117;True;True;False;False;1.0312728407714624;2.547995691887586;0.20813901975868135;0.1878857504366069
102.59042901242556;55.92437588980813;147.5681258045167;22.32004231027135;102.59042901242556;100.04938906375358;147.5681258045167;22.32004231027135;102.59042901242556;100.04938906375358;274.4113792254;799.0889589161387;-7.590429012425545;4.95061093624642;101.39718294143675;96.70228219032288;147.98591256141663;22.22043229267001;True;True;False;False;1.0340789606866587;2.556701670813768;0.2104501559621872;0.1881145662990691
102.44018355231158;56.01978726029208;147.06659983135214;22.400509993487272;102.44018355231158;100.29538642563487;147.06659983135214;22.400509993487272;102.44018355231158;100.29538642563487;274.57946595980354;798.37739263471;-7.440183552311581;4.704613574365112;101.36946415901184;97.06176209449768;147.5367259979248;22.35176227986813;True;True;False;False;1.0345835740397569;2.5618338298942356;0.21220998128929044;0.1881074250882869
102.16041506658604;56.29708678513629;146.77229706234388;22.6382985589;102.16041506658604;100.64493524348244;146.77229706234388;22.6382985589;102.16041506658604;100.64493524348244;274.5076501340238;797.9449051325195;-7.160415066586054;4.355064756517564;101.19232392311096;97.3151376247406;147.06130027770996;22.47182510793209;True;True;False;False;1.0349006159061456;2.57161736557715;0.21122852167255501;0.1885287567981944
101.72145457298396;56.57199202300849;146.33347753806456;22.561935633105573;101.72145457298396;100.87994297543077;146.33347753806456;22.561935633105573;101.72145457298396;100.87994297543077;274.61830997099617;797.8681041108455;-6.721454572983973;4.120057024569249;100.97727346420288;97.63723278045654;146.64063453674316;22.6076977327466;True;True;False;False;1.0330967731552685;2.579351880504842;0.2111899561813953;0.187560056611606
101.6635669076277;56.72195918672097;145.8485932925983;22.619693287429563;101.6635669076277;101.41151796611793;145.8485932925983;22.619693287429563;101.6635669076277;101.41151796611793;274.1045009262311;797.0876854984936;-6.663566907627697;3.5884820338820878;100.5192186832428;97.83818531036376;146.21270418167114;22.69538450986147;True;True;False;False;1.0354965852663491;2.5911085926679926;0.2139355143243333;0.1863781247622363
101.71455898995738;56.73987389711741;145.75463182293456;22.958200282004903;101.71455898995738;101.73925254567888;145.75463182293456;22.958200282004903;101.71455898995738;101.73925254567888;273.92749603829344;796.0972257461505;-6.714558989957382;3.26074745432112;100.46346998214722;98.29276919364928;145.79914569854736;22.770905680954456;True;True;False;False;1.038721760257742;2.5992582482568047;0.21371446255422186;0.18009900764218928
101.6639582340587;56.68314566563566;145.31462842137884;22.966856396906213;101.6639582340587;101.9535267451276;145.31462842137884;22.966856396906213;101.6639582340587;101.9535267451276;273.93371396663883;795.3031527259535;-6.663958234058697;3.04647325487241;100.49929904937744;98.62081742286682;145.4899275302887;22.807338573038574;True;True;False;False;1.041706950751434;2.608281205884243;0.2133573684037612;0.17547209142531242
101.46343476532698;56.56021035452631;145.06406447321902;23.02369695589857;101.46343476532698;102.16241606136109;145.06406447321902;23.02369695589857;101.46343476532698;102.16241606136109;273.9221317681548;794.8156718988757;-6.46343476532698;2.8375839386389146;100.42425298690796;98.81282305717468;145.14927744865415;22.92510621249676;True;True;False;False;1.040315017152775;2.615709584752559;0.21285309802517657;0.17366600549458402
101.417659326952;56.41309024234714;144.79644111546267;23.09324337888482;101.417659326952;102.46183090125903;144.79644111546267;23.09324337888482;101.417659326952;102.46183090125903;273.7016466135108;794.0454314735821;-6.4176593269520055;2.538169098740965;100.19952273368835;99.01719117164612;144.8273003101349;23.06209057569504;True;True;False;False;1.0435915918983936;2.6243643061579993;0.21281416201674697;0.17353804080265228
101.25707251790148;56.65376084931083;144.42422198755935;22.999902314173745;101.25707251790148;102.81551104095816;144.42422198755935;22.999902314173745;101.25707251790148;102.81551104095816;273.3327088806113;793.5109171814229;-6.257072517901491;2.184488959041829;100.13082385063171;99.27330470085144;144.5588767528534;23.08960497379303;True;True;False;False;1.043178059297076;2.6368575832197108;0.21281906893090902;0.171897012209779
101.1001635067676;56.427597122284006;144.16774896396532;23.34718701857997;101.1001635067676;103.0376492213896;144.16774896396532;23.34718701857997;101.1001635067676;103.0376492213896;273.17969771428733;792.9904588679705;-6.100163506767615;1.9623507786103855;100.0171000957489;99.56510901451112;144.21993136405945;23.111423812806606;True;True;False;False;1.0416472866291566;2.644515883596004;0.21276778953949274;0.17225101686731475
100.87362670938028;56.54581516260063;143.5835770701149;23.194399497411126;100.87362670938028;103.13640594189977;143.5835770701149;23.194399497411126;100.87362670938028;103.13640594189977;273.24383104374846;792.6301773285094;-5.873626709380289;1.8635940581002477;99.8651134967804;99.79208636283876;143.93219232559204;23.16101992502809;True;True;False;False;1.0420060421928343;2.653485984033613;0.2153064705434586;0.17208347062605325
100.97394645291192;56.28355277791239;143.30116697271202;23.08397164786009;100.97394645291192;103.06672585409362;143.30116697271202;23.08397164786009;100.97394645291192;103.06672585409362;273.63167042710745;791.6463876135288;-5.9739464529119175;1.9332741459063807;99.6109013557434;99.870361328125;143.55520606040955;23.20011619478464;True;True;False;False;1.045347929691741;2.661379024267215;0.2165956212858764;0.1720415519594242
100.5400082653869;56.35271989898877;142.96788741741452;22.959842395557825;100.5400082653869;103.20237485132876;142.96788741741452;22.959842395557825;100.5400082653869;103.20237485132876;273.61814231875803;791.7177377948572;-5.540008265386902;1.7976251486712442;99.7088747024536;99.79622793197632;143.18457961082458;23.269220180809494;True;True;False;False;1.041948238338751;2.669203493785292;0.21692494790397118;0.17354268929057334
100.31907446062472;56.23630306090914;143.05205337487703;22.987577809644584;100.31907446062472;103.11524140855228;143.05205337487703;22.987577809644584;100.31907446062472;103.11524140855228;274.03209255746714;791.4209376356632;-5.3190744606247335;1.8847585914477207;99.27040076255798;99.89144253730774;142.84955501556396;23.16132213920355;True;True;False;False;1.0427582188953681;2.675566160052176;0.2155797692219571;0.17300889818705692
100.36207899540602;56.41553969282719;142.3130430822156;23.332158751423854;100.36207899540602;103.31507505557803;142.3130430822156;23.332158751423854;100.36207899540602;103.31507505557803;273.883726408942;790.6257186380174;-5.362078995406023;1.6849249444219652;99.07616877555849;99.79709911346436;142.6155662536621;23.0951464548707;True;True;False;False;1.0465235029997113;2.6861794361712277;0.21731231997760223;0.17269908965384417
100.3451961189744;56.55947475716031;141.8816502366355;23.29209763930858;100.3451961189744;103.33007086277549;141.8816502366355;23.29209763930858;100.3451961189744;103.33007086277549;274.07839145380336;789.9445405248265;-5.3451961189744;1.6699291372245284;99.10848546028136;100.00400471687315;142.31814980506897;23.11930309981108;True;True;False;False;1.0475844886831192;2.695372605385293;0.22095379373358423;0.17151151699633835
100.49431843352232;56.82139314955785;141.43502867253193;23.807508895138724;100.49431843352232;103.3749517359297;141.43502867253193;23.807508895138724;100.49431843352232;103.3749517359297;274.2112869257915;788.9336030798673;-5.494318433522324;1.6250482640703012;99.07975721359252;99.98782563209534;141.96422934532166;23.223515152931213;True;True;False;False;1.051976348983358;2.702864603846686;0.2266247250893316;0.17809144464075513
100.38446948158972;56.62866120284655;141.25613778470228;23.805092301265574;100.38446948158972;103.59795936952422;141.25613778470228;23.805092301265574;100.38446948158972;103.59795936952422;273.98194476047854;788.4207251925963;-5.384469481589719;1.402040630475781;99.19520950317384;100.0566074848175;141.54029846191406;23.43025956302881;True;True;False;False;1.0550530120412764;2.713476771964714;0.22819728983863666;0.17953189140557863
100.02162524063247;56.53351184936483;141.06556678862552;23.921061296877912;100.02162524063247;103.53954705445229;141.06556678862552;23.921061296877912;100.02162524063247;103.53954705445229;274.28570814135253;788.4284844102988;-5.021625240632474;1.460452945547729;99.0584478378296;100.25854873657228;141.11841320991516;23.564256206154823;True;True;False;False;1.0553390573238224;2.7214348031579463;0.22783566364681765;0.1821618655092592
99.72173887297792;56.49759351840701;140.83926180907486;23.91124533153708;99.72173887297792;103.6754740081139;140.83926180907486;23.91124533153708;99.72173887297792;103.6754740081139;274.20858129343566;788.3587071135236;-4.721738872977923;1.3245259918861052;98.75636911392212;100.21718144416808;140.82428812980652;23.782040551304817;True;True;False;False;1.0553554656612845;2.7287430640067836;0.22725835699461813;0.17781186496597443
99.6729547551198;56.74831957568484;140.5076814332165;23.98678302077421;99.6729547551198;103.7176158712787;140.5076814332165;23.98678302077421;99.6729547551198;103.7176158712787;274.3009010326909;787.8267101661761;-4.672954755119804;1.2823841287213045;98.4801700115204;100.3199532032013;140.58101534843445;23.81791040301323;True;True;False;False;1.0510201349488189;2.7382106713779684;0.22615406927318354;0.17704966209988546
99.625228750928;56.74465265501807;140.49044709681215;24.08887253314625;99.625228750928;104.12406011047284;140.49044709681215;24.08887253314625;99.625228750928;104.12406011047284;273.6589971047988;787.2991015405438;-4.625228750927988;0.8759398895271744;98.43797302246094;100.36736345291138;140.36437511444092;23.87020718306303;True;True;False;False;1.0528209966028348;2.7517923852131863;0.2245331573131465;0.17752149497449896
99.53550755346085;56.77471873825173;140.40003418876265;24.32319408876128;99.53550755346085;104.35693612147534;140.40003418876265;24.32319408876128;99.53550755346085;104.35693612147534;273.31003706806405;786.8618467686878;-4.535507553460832;0.6430638785246572;98.36244297027588;100.7323055267334;140.18198609352112;23.899616822600365;True;True;False;False;1.0536442173151195;2.7639987380330715;0.22494823600848343;0.18205586856897898
99.39287863023748;56.91875104380865;140.01995924034333;24.62023884520635;99.39287863023748;104.56498867354512;140.01995924034333;24.62023884520635;99.39287863023748;104.56498867354512;272.97967381439446;786.5423702746731;-4.392878630237476;0.4350113264548838;98.27124547958374;100.95164275169373;140.03477931022644;23.991228081285957;True;True;False;False;1.0549323440390288;2.7763563429125133;0.22473214123027876;0.19061805229811968
99.1025300614144;57.146955067220205;139.8620727005056;24.58848018507928;99.1025300614144;104.58925147371872;139.8620727005056;24.58848018507928;99.1025300614144;104.58925147371872;272.98914972424126;786.5373502616209;-4.102530061414413;0.4107485262812815;98.13918542861938;101.1719617843628;139.82250571250916;24.13871843367815;True;True;False;False;1.0536034138569048;2.785414974483091;0.22288123067107923;0.19535704489136121
98.73725484108871;57.170498681614646;139.51810285107928;24.49411653453204;98.73725484108871;104.80763261804938;139.51810285107928;24.49411653453204;98.73725484108871;104.80763261804938;272.60715390575075;786.7208966940836;-3.7372548410887134;0.1923673819506177;97.87070941925047;101.1725287437439;139.65844869613647;24.301708787679672;True;True;False;False;1.0533941458122524;2.7961224846868125;0.2193041039097676;0.19586300769386153
98.44987031597508;57.348428782700346;139.50712677623974;24.4902977126854;98.44987031597508;105.0589489733801;139.50712677623974;24.4902977126854;98.44987031597508;105.0589489733801;272.1301701793494;786.7973650988324;-3.4498703159750903;-0.0589489733800974;97.49605298042296;101.37108898162842;139.42230939865112;24.38522767275572;True;True;False;False;1.051097901210847;2.8071534064863175;0.219274624881017;0.19606958446798212
98.46607808956826;57.55651142537324;139.14873335703143;24.714565299578872;98.46607808956826;105.31805703991368;139.14873335703143;24.714565299578872;98.46607808956826;105.31805703991368;271.60409418316493;786.3049668428494;-3.4660780895682564;-0.3180570399136684;97.22302055358888;101.63275456428528;139.239159822464;24.33685701340437;True;True;False;False;1.0535016843228682;2.8187351605210926;0.2179327528245631;0.199311003920986
98.3482762809758;57.34373042337974;138.67550532048523;24.90757507379828;98.3482762809758;105.37739432469772;138.67550532048523;24.90757507379828;98.3482762809758;105.37739432469772;271.443012008275;786.0784267147585;-3.348276280975796;-0.3773943246977183;97.2160234451294;101.841374874115;139.02467012405396;24.32471640408039;True;True;False;False;1.0531949599409203;2.827507822596613;0.22043626584908785;0.2054260813859411
98.0256724673263;57.25350141668441;138.48835067455045;25.03899035377554;98.0256724673263;105.70623721054136;138.48835067455045;25.03899035377554;98.0256724673263;105.70623721054136;270.7350069932947;786.277197504594;-3.0256724673263022;-0.7062372105413601;97.08923196792604;101.89981317520142;138.73520016670227;24.41035632044077;True;True;False;False;1.0477192753921132;2.841220546065838;0.22124206535327837;0.21324549867495785
98.02883148342164;57.34650280075397;138.4272236917668;25.16868416586347;98.02883148342164;105.96886733565258;138.4272236917668;25.16868416586347;98.02883148342164;105.96886733565258;270.1155817816667;785.8674564767598;-3.028831483421655;-0.9688673356525754;96.81996083259584;102.21777367591858;138.46884846687317;24.56422492861748;True;True;False;False;1.0511206751735607;2.853226318519931;0.22121062271133524;0.2203365870168696
97.542261538722;57.401051939399125;138.343176850477;25.065624090288917;97.542261538722;105.84500379636296;138.343176850477;25.065624090288917;97.542261538722;105.84500379636296;270.2341265488256;786.4367521683696;-2.542261538721988;-0.8450037963629597;96.81898593902588;102.48160338401794;138.2052505016327;24.68667760491371;True;True;False;False;1.0477408964535138;2.8611845865378105;0.22101041342740657;0.2232350912616203
97.46873254835408;57.24288751919422;138.40476766044551;24.914841909495788;97.46873254835408;105.98143974761268;138.40476766044551;24.914841909495788;97.46873254835408;105.98143974761268;269.8485874734778;786.2448419439424;-2.468732548354069;-0.9814397476126828;96.3485825061798;102.38427996635436;138.05471301078796;24.74173057824373;True;True;False;False;1.0490540222884046;2.870680742782255;0.2221108016098461;0.2226021465483854
97.22556811707643;57.32236767553973;138.2090477861154;24.56828156286856;97.22556811707643;106.39681527197445;138.2090477861154;24.56828156286856;97.22556811707643;106.39681527197445;268.88697779173924;786.4020064667171;-2.225568117076449;-1.3968152719744469;96.30050158500671;102.4726357460022;137.9863679409027;24.72765702754259;True;True;False;False;1.049768813142739;2.88411465957765;0.22305486607157538;0.2231179811665722
97.0868183716764;57.27615918143495;137.91979412797627;24.39848566252283;97.0868183716764;106.54783714197012;137.91979412797627;24.39848566252283;97.0868183716764;106.54783714197012;268.39869201548464;786.382763541907;-2.086818371676401;-1.5478371419701205;95.98560404777528;102.80908465385436;137.91060090065002;24.577076099812984;True;True;False;False;1.0510651566369476;2.895884441305321;0.22134320658135695;0.2237152365499043
97.10991052333574;57.65425290730229;137.64657141337645;24.27166504456969;97.10991052333574;106.62574477779528;137.64657141337645;24.27166504456969;97.10991052333574;106.62574477779528;268.03649845823827;786.0583367890315;-2.109910523335742;-1.6257447777952905;95.87259936332704;102.94678664207458;137.8003203868866;24.37090579420328;True;True;False;False;1.0531285657582148;2.9063211972420935;0.21548020284027075;0.22391160041831767
97.04509387878652;57.55341420130269;137.36476908203198;24.139588551206163;97.04509387878652;106.74970620321758;137.36476908203198;24.139588551206163;97.04509387878652;106.74970620321758;267.571809637021;785.9066486750186;-2.045093878786517;-1.7497062032175847;95.84712767601012;102.97711896896362;137.60845065116882;24.14932072162628;True;True;False;False;1.055029913869756;2.9184655573916563;0.20948497489778944;0.22384022756376468
96.86701177458062;57.51412974944773;137.13017290806724;23.912430550920188;96.86701177458062;106.64965737810118;137.13017290806724;23.912430550920188;96.86701177458062;106.64965737810118;267.5386131268248;785.9901336995922;-1.867011774580618;-1.6496573781011818;95.76589345932008;103.11667394638062;137.3761534690857;24.010984897613525;True;True;False;False;1.055425605533545;2.9303778401463614;0.20655329927643645;0.2239865410537457
96.83285695058858;57.50540080584014;137.01826357526969;23.96507303541379;96.83285695058858;106.78815057445404;137.01826357526969;23.96507303541379;96.83285695058858;106.78815057445404;267.04167241703885;785.8095084442989;-1.832856950588578;-1.7881505744540505;95.61787557601927;102.99264121055604;137.12233781814575;23.876176066696644;True;True;False;False;1.0567642819142635;2.9446124796490545;0.20446539196028266;0.22315675967091922
96.77152494852156;57.51481211012174;136.7782186575761;23.66411502028432;96.77152494852156;106.81221446795335;136.7782186575761;23.66411502028432;96.77152494852156;106.81221446795335;266.7551245534464;785.6877915216878;-1.7715249485215594;-1.812214467953368;95.56323313713074;103.09759092330933;136.89806580543518;23.761043325066566;True;True;False;False;1.0581112667410058;2.9565318141305266;0.20310530840765634;0.22323022966336525
96.60535441794936;57.395842126846105;136.88007664340265;23.67019207993961;96.60535441794936;107.13039207408126;136.88007664340265;23.67019207993961;96.60535441794936;107.13039207408126;265.87714074546346;785.7839292563626;-1.605354417949357;-2.130392074081257;95.47707605361938;103.11809825897215;136.69762015342712;23.636045083403587;True;True;False;False;1.059114087681224;2.97393913868273;0.20298638357586668;0.22176162752269016
96.3614451249178;57.53996792200426;136.69811643535837;23.673419310943306;96.3614451249178;107.37159898256397;136.69811643535837;23.673419310943306;96.3614451249178;107.37159898256397;265.1106746519539;786.0577005866992;-1.3614451249178074;-2.3715989825639667;95.31060433387756;103.38329005241394;136.58543825149536;23.55376824736595;True;True;False;False;1.059782610150883;2.9887340704776197;0.2028986344071419;0.2216052780961992
96.37898718215932;57.49403801851373;136.56281745826098;23.78428848852123;96.37898718215932;107.44286681209528;136.56281745826098;23.78428848852123;96.37898718215932;107.44286681209528;264.6519257952161;785.8410904555604;-1.378987182159321;-2.442866812095275;95.116206407547;103.63804149627686;136.49030327796936;23.426837474107742;True;True;False;False;1.0631574420097674;3.0034272390145413;0.20225086631342912;0.22421073814996936
96.10781075491164;57.38844943533713;136.4193130505911;23.778795743285823;96.10781075491164;107.56567191603264;136.4193130505911;23.778795743285823;96.10781075491164;107.56567191603264;264.0806000123953;786.1995783524345;-1.1078107549116538;-2.5656719160326418;95.09578895568848;103.69513845443726;136.39177203178406;23.428080342710015;True;True;False;False;1.0626467231102674;3.0176678938684294;0.20092241846922698;0.22449078460046715
96.30814082531248;57.2468492333157;136.18129653876227;23.517504226684007;96.30814082531248;107.48939136616082;136.18129653876227;23.517504226684007;96.30814082531248;107.48939136616082;263.8910715233346;785.6512101109779;-1.308140825312492;-2.4893913661608167;94.88077998161316;103.79862236976624;136.30863547325134;23.444645777344704;True;True;False;False;1.0663343503513525;3.029480729130384;0.1996074325447837;0.2234968339768433
96.19997126924297;57.244424939521096;136.03187234824264;23.44089458165146;96.19997126924297;107.78303143018528;136.03187234824264;23.44089458165146;96.19997126924297;107.78303143018528;262.9718725464642;785.6931304464086;-1.1999712692429512;-2.783031430185275;95.02500891685486;103.71550059318542;136.15460991859436;23.431557342410088;True;True;False;False;1.0674353875481064;3.0451659285041153;0.1994520130040743;0.22237105214832062
96.12505446759738;57.18301141365396;135.6021499360062;23.519308240402147;96.12505446759738;107.9984953632409;135.6021499360062;23.519308240402147;96.12505446759738;107.9984953632409;262.16987382299493;785.6829678804673;-1.12505446759738;-2.998495363240906;94.9076690673828;103.96167850494383;135.99056601524353;23.325078785419464;True;True;False;False;1.0703500381533457;3.062395248587104;0.2026298384187582;0.2231290439877522
96.05150474840435;57.26652396000147;135.62774298360762;23.637196847560084;96.05150474840435;107.7210391814137;135.62774298360762;23.637196847560084;96.05150474840435;107.7210391814137;262.3249868048839;785.680060056507;-1.0515047484043691;-2.721039181413701;94.82393884658812;104.16246509552002;135.75260400772095;23.2008564658463;True;True;False;False;1.0721150037073723;3.0726351187167618;0.20287113708749901;0.22606622578379215
95.81461074243764;57.22206797974725;135.4890549557823;23.46319099192701;95.81461074243764;107.627786232973;135.4890549557823;23.46319099192701;95.81461074243764;107.627786232973;262.1486874775768;786.01364743532;-0.8146107424376368;-2.627786232972994;94.79581904411316;103.91768383979796;135.55185675621033;23.196294978260998;True;True;False;False;1.0716591426314575;3.084996281029062;0.20295942255578364;0.2273913238361165
95.86285458899138;57.190237316493565;135.55647870400247;23.500201894496485;95.86285458899138;107.82437588980731;135.55647870400247;23.500201894496485;95.86285458899138;107.82437588980731;261.4051366661784;785.8085449765541;-0.8628545889913823;-2.824375889807328;94.56333112716676;103.80793571472168;135.39311051368713;23.22819383814931;True;True;False;False;1.072950123986098;3.1028920820442307;0.20351193917433352;0.22886134208159387
95.63327953019036;56.96457156406616;135.3809696507649;23.554651461152044;95.63327953019036;107.96978726029128;135.3809696507649;23.554651461152044;95.63327953019036;107.96978726029128;260.73773047323624;786.152647815624;-0.6332795301903502;-2.9697872602912696;94.55694246292114;104.01736497879028;135.31529784202576;23.221446573734283;True;True;False;False;1.073066166515449;3.118099085711323;0.20341892772194675;0.23096626378865187
95.41945256290668;56.8503031141891;135.28716136826452;23.53645998623365;95.41945256290668;108.29708678513546;135.28716136826452;23.53645998623365;95.41945256290668;108.29708678513546;259.68715978884234;786.4958644794993;-0.4194525629066703;-3.2970867851354626;94.3501889705658;104.122535943985;135.25982975959778;23.161041028797623;True;True;False;False;1.0730932304611274;3.1330745083494413;0.2034346394139562;0.23335626715010394
94.9519924256378;56.75404505149036;135.04524446787485;23.525132388472237;94.9519924256378;108.62199202300766;135.04524446787485;23.525132388472237;94.9519924256378;108.62199202300766;258.5977377417465;787.3748577456495;0.0480075743622023;-3.621992023007664;94.177743434906;104.43109321594238;135.18866539001465;23.16613400354981;True;True;False;False;1.073347504242965;3.1510071879334878;0.20342628611519395;0.2358170772862689
95.19103370903466;56.90990538072793;135.12243750329327;23.41595511669294;95.19103370903466;108.82195918672016;135.12243750329327;23.41595511669294;95.19103370903466;108.82195918672016;257.7148711445872;786.9031761887708;-0.1910337090346558;-3.82195918672015;93.69270277023315;104.74375748634338;135.08416771888733;23.153142482042316;True;True;False;False;1.0780628282066789;3.167185850313444;0.20288192095074511;0.23702736770595037
94.92787865477686;57.32396084441008;135.04894111576436;23.284914553463203;94.92787865477686;108.8898738971166;135.04894111576436;23.284914553463203;94.92787865477686;108.8898738971166;257.069447165565;787.4040151360817;0.0721213452231381;-3.889873897116587;93.93950986862184;104.88553190231325;134.99842166900635;23.10105038806796;True;True;False;False;1.0766177572385751;3.1807817642522656;0.20232455354556236;0.23758100022115555
94.94388401755327;56.95198986685297;134.97261687884108;23.053372718871422;94.94388401755327;108.88314566563484;134.97261687884108;23.053372718871422;94.94388401755327;108.88314566563484;256.56425377557963;787.381620589892;0.0561159824467267;-3.883145665634828;93.68491744995116;104.92877292633057;134.9315059185028;23.019847590476274;True;True;False;False;1.0794775513484685;3.196437413538364;0.20066962416020734;0.2375042535893703
94.80402146628764;56.84203672876564;135.05201633382163;22.91689771566368;94.80402146628764;108.81021035452548;135.05201633382163;22.91689771566368;94.80402146628764;108.81021035452548;256.19237164238035;787.6688278234162;0.1959785337123634;-3.8102103545254806;93.64393043518066;104.90823101997375;134.8598825931549;22.881022691726685;True;True;False;False;1.0808755393297163;3.210770694637504;0.20142627035550478;0.23701219037979013
94.67138101465436;56.6886554288999;134.95514967640145;22.91835167945716;94.67138101465436;108.71309024234633;134.95514967640145;22.91835167945716;94.67138101465436;108.71309024234633;255.87858381946864;787.9602391978444;0.3286189853456278;-3.7130902423463112;93.53520560264587;104.85528945922852;134.8600137233734;22.728947289288044;True;True;False;False;1.0810388074678585;3.225032306805489;0.20149464332614103;0.23675646167352016
94.63620849178496;56.54556262066836;134.97074979042972;22.69734590596026;94.63620849178496;109.00376084931;134.97074979042972;22.69734590596026;94.63620849178496;109.00376084931;254.80216390656173;788.074400108296;0.36379150821503;-4.003760849309998;93.38608145713806;104.75806975364684;134.82352018356323;22.5885109230876;True;True;False;False;1.0850259382380523;3.2412047953071212;0.2019588208984305;0.2354395101089418
94.21196148266873;56.46766442388196;134.75853203158465;22.446747955946297;94.21196148266873;108.82759712228317;134.75853203158465;22.446747955946297;94.21196148266873;108.82759712228317;254.6206565807074;788.9713996609571;0.7880385173312732;-3.8275971222831657;93.39716482162476;104.99512791633606;134.8061716556549;22.488305307924747;True;True;False;False;1.0826528108941096;3.255733236970038;0.20155495306140428;0.23541947437247276
94.07696545735712;56.57034978579885;134.67543715694353;22.36130480303064;94.07696545735712;108.9958151625998;134.67543715694353;22.36130480303064;94.07696545735712;108.9958151625998;253.77387421710304;789.3464635138911;0.923034542642867;-3.995815162599797;92.96653842926024;104.82997679710388;134.75298523902893;22.36666625365615;True;True;False;False;1.0838172775798367;3.2710431431299987;0.2009287707308491;0.2352192018704913
93.72611347722012;56.558145621111365;134.8104426104129;22.32945946266463;93.72611347722012;108.78355277791157;134.8104426104129;22.32945946266463;93.72611347722012;108.78355277791157;253.66562363146625;790.1712387465175;1.2738865227798897;-3.783552777911552;92.85300827026369;104.98174214363098;134.68852162361145;22.18077380210161;True;True;False;False;1.083555938759996;3.2846258600102196;0.20028073583189224;0.23563792671132658
93.66750753548068;56.39325114947089;135.06131615313112;21.889544452497034;93.66750753548068;108.90271989898793;135.06131615313112;21.889544452497034;93.66750753548068;108.90271989898793;252.92281568559196;790.4583021663669;1.3324924645193192;-3.902719898987925;92.5315284729004;104.79235696792604;134.68343377113342;22.04685542732477;True;True;False;False;1.0869803155419269;3.3013587806995712;0.20322586300441317;0.23603554631457896
93.5446051121053;56.43584085732764;134.86817041956826;21.66382276157475;93.5446051121053;108.83630306090828;134.86817041956826;21.66382276157475;93.5446051121053;108.83630306090828;252.53528670855283;790.8817726750536;1.4553948878946985;-3.8363030609082784;92.4749915599823;104.9167423248291;134.73896741867063;21.9154904037714;True;True;False;False;1.0894441571716107;3.314317162391029;0.2034500548123214;0.237211366748057
93.3109187544101;56.31544556373371;134.831448221281;21.69232754814014;93.3109187544101;109.06553969282632;134.831448221281;21.69232754814014;93.3109187544101;109.06553969282632;251.56530636992892;791.5431980421633;1.6890812455899038;-4.065539692826334;92.3095223903656;104.7992503643036;134.76963877677915;21.726890318095684;True;True;False;False;1.0909998066542381;3.331445521027605;0.2032650601623197;0.23723299896012276
93.34279098677882;56.35259029761532;134.71532233704008;21.823522727619096;93.34279098677882;109.25947475715944;134.71532233704008;21.823522727619096;93.34279098677882;109.25947475715944;250.6353642822192;791.7046644101712;1.657209013221177;-4.2594747571594525;92.09154725074768;105.01268982887268;134.79305863380432;21.48393552750349;True;True;False;False;1.0939966182557908;3.349716017295125;0.20328348776766936;0.23756422770341154
93.16539543705082;56.32130993275478;134.79523386479184;21.81091172487739;93.16539543705082;109.571393149557;134.79523386479184;21.81091172487739;93.16539543705082;109.571393149557;249.44359752980284;792.28041671139;1.8346045629491807;-4.571393149556997;92.14128065109252;105.2224578857422;134.76346254348755;21.41210434027016;True;True;False;False;1.0958099442496363;3.3684755205798513;0.20322919200724876;0.23748418799787183
93.10637933031896;56.23781176643671;134.77514740781558;21.480875772465367;93.10637933031896;109.42866120284567;134.77514740781558;21.480875772465367;93.10637933031896;109.42866120284567;249.11954233661783;792.6430628665803;1.8936206696810276;-4.428661202845689;91.9878420829773;105.48492550849916;134.73150610923767;21.4290763810277;True;True;False;False;1.0966603222871065;3.3818372466525233;0.2031538177973973;0.23731364883525558
93.17680793775595;56.02664012271013;134.67217942402354;21.402353937907733;93.17680793775595;109.38351184936396;134.67217942402354;21.402353937907733;93.17680793775595;109.38351184936396;248.61935288320183;792.7546884076638;1.8231920622440327;-4.38351184936397;91.90496921539308;105.35984182357788;134.71778988838196;21.398106086999174;True;True;False;False;1.0993024012791746;3.3967980472645176;0.20320014747485043;0.23726567282863015
93.1999713947269;56.04330184337395;134.53196318185513;21.29551731778484;93.1999713947269;109.39759351840614;134.53196318185513;21.29551731778484;93.1999713947269;109.39759351840614;248.00672129853567;792.9514537686878;1.8000286052730985;-4.39759351840614;91.959397315979;105.29928779602052;134.66908812522888;21.266075782477856;True;True;False;False;1.1024114913493952;3.413017354610431;0.20273161370203888;0.23685903455536328
93.09827598793584;56.13290690287148;134.45865002122687;21.151361148842746;93.09827598793584;109.69831957568395;134.45865002122687;21.151361148842746;93.09827598793584;109.69831957568395;246.81892338152585;793.3948483963063;1.9017240120641643;-4.698319575683968;91.93447875976562;105.29223537445068;134.61637377738953;21.09317485243082;True;True;False;False;1.105878184700334;3.4320398917797568;0.20308044294065228;0.23662581591307197
92.83447357867672;55.9181118206899;134.5667339057522;21.017834724845848;92.83447357867672;109.7446526550172;134.5667339057522;21.017834724845848;92.83447357867672;109.7446526550172;246.09981461276817;794.1760164164331;2.1655264213232783;-4.744652655017205;91.86082243919373;105.59021401405334;134.55392956733704;20.9867334831506;True;True;False;False;1.1074858598450117;3.4477346448700406;0.2021109856490844;0.236466845092
92.95589429254;55.99475204372526;134.51784067026048;20.87728590703237;92.95589429254;109.82471873825084;134.51784067026048;20.87728590703237;92.95589429254;109.82471873825084;245.3070620922986;794.2219118448829;2.044105707459991;-4.824718738250851;91.60742616653442;105.5912926197052;134.55152988433838;20.860757501795888;True;True;False;False;1.109282915514886;3.4651262593430294;0.2018935727768819;0.23644947412273168
92.60611724332064;56.19899004898529;134.54894872811585;20.91998595969822;92.60611724332064;110.01875104380775;134.54894872811585;20.91998595969822;92.60611724332064;110.01875104380775;244.275701649418;795.194013370983;2.393882756679361;-5.018751043807768;91.69975757598876;105.676931142807;134.5327651500702;20.72261171415448;True;True;False;False;1.106065714030175;3.4836803755342154;0.20176721234366066;0.23643304455188782
92.48256017289742;56.14155074417123;134.44446009044242;20.940312544461477;92.48256017289742;110.29695506721932;134.44446009044242;20.940312544461477;92.48256017289742;110.29695506721932;243.05012679675383;795.7603118793867;2.517439827102578;-5.296955067219329;91.3763210773468;105.84625840187071;134.54338669776917;20.615820288658146;True;True;False;False;1.1063132028010658;3.501787462994146;0.2015565443916147;0.23790977016807383
92.58260289666975;56.06200495548499;134.44901735066952;20.71699426704094;92.58260289666975;110.37049868161375;134.44901735066952;20.71699426704094;92.58260289666975;110.37049868161375;242.19677889233571;795.8958850754557;2.417397103330231;-5.370498681613753;91.26568102836607;106.10450148582458;134.5209503173828;20.5550894793123;True;True;False;False;1.1091734096147585;3.516657461530685;0.20160887877432745;0.23840322435611294
92.4469844119648;56.09905174152964;134.36929585697956;20.622550861877272;92.4469844119648;110.59842878269946;134.36929585697956;20.622550861877272;92.4469844119648;110.59842878269946;241.0248521992825;796.489441658643;2.5530155880352083;-5.598428782699457;91.30356359481812;106.1871531009674;134.48521733283997;20.50843211822212;True;True;False;False;1.1119661739473643;3.5351173276463523;0.20142934893962663;0.2380854714830363
92.25177129916804;55.964435211676864;134.32456285904863;20.533798002371785;92.25177129916804;110.85651142537236;134.32456285904863;20.533798002371785;92.25177129916804;110.85651142537236;239.7622297429101;797.2202699626413;2.748228700831973;-5.8565114253723465;91.20575618743896;106.38809871673584;134.46911454200745;20.407474962994456;True;True;False;False;1.1111869581070857;3.5534047826329407;0.19991545819076215;0.23827867999109473
92.15154721850756;55.92524488022472;134.16505871627612;20.308584204229643;92.15154721850756;110.69373042337884;134.16505871627612;20.308584204229643;92.15154721850756;110.69373042337884;239.3069235568475;797.7871486174065;2.8484527814924405;-5.693730423378838;91.03691291809082;106.5916233062744;134.43557143211365;20.254553463310003;True;True;False;False;1.1138732653745425;3.567595217379163;0.20006273048601436;0.23831819323190356
92.05118316550949;55.93892884376122;134.09133390576315;20.21858380864967;92.05118316550949;110.65350141668353;134.09133390576315;20.21858380864967;92.05118316550949;110.65350141668353;238.6282175137876;798.3676704276016;2.948816834490529;-5.653501416683511;90.92381834983826;106.42519307136536;134.39308524131775;20.130681712180376;True;True;False;False;1.1159152441409452;3.5821271568161936;0.20209386852722297;0.23766134738929195
91.80300426710176;55.74115398872233;134.021292532726;20.10497431265578;91.80300426710176;110.79650280075307;134.021292532726;20.10497431265578;91.80300426710176;110.79650280075307;237.58841455675733;799.2572038023491;3.1969957328982304;-5.796502800753075;90.79658436775208;106.42127966880798;134.3235206604004;19.99909612350166;True;True;False;False;1.1145494807005978;3.5992997733557726;0.2003677195884878;0.23564083360156712
91.73067290315434;55.84472375824524;133.9566164394021;19.981071131400515;91.73067290315434;110.90105193939824;133.9566164394021;19.981071131400515;91.73067290315434;110.90105193939824;236.6064492393666;799.8281326279637;3.2693270968456574;-5.901051939398229;90.60224866867064;106.51864457130432;134.23643708229065;19.8490499611944;True;True;False;False;1.11578606528445;3.615555186724384;0.20112423619828443;0.23476135830250353
91.50487094404636;55.6735610585366;134.13606149955393;19.988421966446456;91.50487094404636;110.79288751919331;134.13606149955393;19.988421966446456;91.50487094404636;110.79288751919331;236.0359711545233;800.7156468257591;3.4951290559536403;-5.7928875191933145;90.46840476989746;106.61582279205322;134.17679905891418;19.740480287000537;True;True;False;False;1.115341425818182;3.6283760027122187;0.1999890599829315;0.2359420051210647
91.5229271244273;55.69872649786858;134.16997833027764;19.80128189061223;91.5229271244273;110.92236767553882;134.16997833027764;19.80128189061223;91.5229271244273;110.92236767553882;235.0046258392732;801.1455516724577;3.477072875572702;-5.922367675538823;90.26650500297546;106.53243136405943;134.20358896255493;19.64113767258823;True;True;False;False;1.1201610912396425;3.642635772238627;0.19998734022037917;0.23554797738036917
91.43481588031383;55.71501883306582;134.34939222029803;19.65106894284442;91.43481588031383;110.92615918143404;134.34939222029803;19.65106894284442;91.43481588031383;110.92615918143404;234.2073938040776;801.7853838774276;3.565184119686151;-5.926159181434031;90.31274676322936;106.6215615272522;134.2552673816681;19.54899492673576;True;True;False;False;1.1209296852899289;3.6569581688069066;0.2001795671947625;0.23507061357267917
91.0601713299064;55.30874912393696;134.25780619679722;19.29336587323797;91.0601713299064;111.35425290730136;134.25780619679722;19.29336587323797;91.0601713299064;111.35425290730136;232.5610517948184;803.0100308608673;3.939828670093604;-6.3542529073013725;90.1903042793274;106.6181390285492;134.34553742408752;19.44800949655473;True;True;False;False;1.119132784934848;3.6760276490810213;0.20028325495909233;0.23460110940909032
90.81745572340655;55.57904526292884;134.3854708092884;19.09914651276203;90.81745572340655;111.30341420130176;134.3854708092884;19.09914651276203;90.81745572340655;111.30341420130176;231.81549548584408;804.0207725632129;4.182544276593447;-6.303414201301763;89.85629606246948;107.00764012336732;134.43155884742737;19.24692048691213;True;True;False;False;1.1181248917155557;3.6894763001354565;0.19979875046789508;0.23465713889903622
90.75168880153876;55.70011489750355;134.42847367039113;18.720860861120517;90.75168880153876;111.3141297494468;134.42847367039113;18.720860861120517;90.75168880153876;111.3141297494468;230.95360916271372;804.709978977161;4.248311198461252;-6.314129749446806;89.61591219902039;106.95709776878356;134.50284123420715;19.033670788630843;True;True;False;False;1.1178092005059264;3.703136099366494;0.19992449896936393;0.23630785392771234
90.77091931281828;55.74451106968931;134.25259938283298;18.69144137443736;90.77091931281828;111.35540080583922;134.25259938283298;18.69144137443736;90.77091931281828;111.35540080583922;230.029183083336;805.2379594477301;4.229080687181721;-6.355400805839224;89.5440673828125;106.93167448043825;134.56815719604492;18.75717698596418;True;True;False;False;1.1187742594722503;3.7158222031898682;0.20190613595838364;0.23632443192242475
90.38245948067774;55.59909764716436;134.42849704512903;18.630151437536185;90.38245948067774;111.4148121101208;134.42849704512903;18.630151437536185;90.38245948067774;111.4148121101208;229.06297370066093;806.5787565369687;4.617540519322262;-6.414812110120806;89.53155279159546;106.98098611831664;134.57918524742126;18.54951527900994;True;True;False;False;1.1163404165585618;3.731052577650276;0.20203251831039287;0.23628660934548035
90.1977982801104;55.31926629131565;134.9079098433278;18.74380819729041;90.1977982801104;111.34584212684518;134.9079098433278;18.74380819729041;90.1977982801104;111.34584212684518;228.34560538586277;807.5637510073464;4.802201719889609;-6.345842126845184;89.2035391330719;107.04698848724364;134.62085843086243;18.36682465858757;True;True;False;False;1.1147936377355814;3.743285604425997;0.20167331441638334;0.23849050784146844
90.10398332380726;55.47470514035822;134.92463662803974;18.500735871126125;90.10398332380726;111.53996792200331;134.92463662803974;18.500735871126125;90.10398332380726;111.53996792200331;227.1112415119671;808.3916744826046;4.896016676192744;-6.539967922003328;89.03197860717773;107.0307195186615;134.79418635368347;18.33464960567653;True;True;False;False;1.114353936987224;3.7585803235768998;0.20092627033914257;0.23752232340038282
90.20156708537203;55.13498497355821;135.1318498956254;18.32300090200614;90.20156708537203;111.5440380185128;135.1318498956254;18.32300090200614;90.20156708537203;111.5440380185128;226.2311055960144;808.8493091829673;4.798432914627952;-6.5440380185127935;88.94623637199402;107.16760563850404;134.95198845863342;18.278915472328663;True;True;False;False;1.1154722211615455;3.7718740141860363;0.1993397832964799;0.23750929609348825
89.8678822311387;55.01609194596024;135.53343777619938;18.217483025405176;89.8678822311387;111.4884494353362;135.53343777619938;18.217483025405176;89.8678822311387;111.4884494353362;225.46974435989924;810.1564699467177;5.132117768861306;-6.488449435336193;89.03033304214478;107.16156268119812;135.16578316688538;18.20036724209785;True;True;False;False;1.11357209505597;3.784910190672661;0.20099896627797234;0.2375141533550996
89.80130746673323;54.962005774898;135.74728515600964;17.69791954957599;89.80130746673323;111.39684923331475;135.74728515600964;17.69791954957599;89.80130746673323;111.39684923331475;224.787818172564;810.9739018447101;5.198692533266765;-6.396849233314754;88.75791597366333;107.12599635124208;135.45623660087583;18.017170540988445;True;True;False;False;1.1128698631154939;3.7971930543225216;0.2028401755064668;0.23867191609946142
89.82490239983757;54.81911713052324;135.9058239932808;17.454217594541856;89.82490239983757;111.44442493952016;135.9058239932808;17.454217594541856;89.82490239983757;111.44442493952016;223.8397535290445;811.619870982937;5.175097600162431;-6.444424939520161;88.64995861053467;107.04890370368958;135.69056630134585;17.821498438715935;True;True;False;False;1.1143857823854295;3.8109777732399803;0.20376153272932745;0.24116716120783832
89.73280781131044;54.61005951902631;136.21976782580168;17.233379959664177;89.73280781131044;111.43301141365302;136.21976782580168;17.233379959664177;89.73280781131044;111.43301141365302;223.0033239221761;812.4940731733462;5.267192188689563;-6.43301141365302;88.6936628818512;107.03488183021544;135.92812180519104;17.573856562376022;True;True;False;False;1.1127179767447481;3.82404662753147;0.20329550070774222;0.24261820263975167
89.7934403319016;54.25661885291611;136.20264430173654;17.030347923237482;89.7934403319016;111.56652396000052;136.20264430173654;17.030347923237482;89.7934403319016;111.56652396000052;221.8785639743274;813.0751004239892;5.206559668098393;-6.566523960000524;88.60610222816467;107.0349578857422;136.19022488594055;17.256009615957737;True;True;False;False;1.1157734467521723;3.8365507461556585;0.20148191866022255;0.24341915823388946
89.51775247620515;53.911782985464335;136.4378330860142;17.10756354374909;89.51775247620515;111.5720679797463;136.4378330860142;17.10756354374909;89.51775247620515;111.5720679797463;220.99193940683577;814.3206840911286;5.482247523794854;-6.5720679797462935;88.63436031341553;107.1728880405426;136.35324597358704;17.047524452209473;True;True;False;False;1.112778636187711;3.8487871023196605;0.20085883586593756;0.2433795315506728
89.21630301616558;53.81137073251968;136.64508508486202;17.177550516052484;89.21630301616558;111.59023731649262;136.64508508486202;17.177550516052484;89.21630301616558;111.59023731649262;220.07932500271028;815.6545493477137;5.783696983834417;-6.590237316492619;88.38382649421692;107.19717049598694;136.52203679084778;16.89989723265171;True;True;False;False;1.1081747081695295;3.861577733365605;0.2003393923274711;0.24479438392968544
89.0185787789307;53.85458005274652;136.98040677342658;16.88378710542027;89.0185787789307;111.4145715640652;136.98040677342658;16.88378710542027;89.0185787789307;111.4145715640652;219.55195819869945;816.821157420028;5.981421221069297;-6.414571564065199;88.12765765190125;107.22466111183168;136.7205286026001;16.83393832296133;True;True;False;False;1.1054343512812206;3.869616457674709;0.20173770403529076;0.24440441914297753
89.14255506912178;53.81610914826054;137.08978505255592;16.64804624141209;89.14255506912178;111.35030311418814;137.08978505255592;16.64804624141209;89.14255506912178;111.35030311418814;218.82521888991155;817.3707276691218;5.857444930878216;-6.3503031141881365;87.99157357215881;107.06832551956175;136.93442821502686;16.814460158348083;True;True;False;False;1.1061940229173521;3.8813496101974434;0.2016456933648127;0.24423435904343754
89.11994316153344;53.81538053983337;137.42796188293934;16.614270685991496;89.11994316153344;111.3040450514894;137.42796188293934;16.614270685991496;89.11994316153344;111.3040450514894;218.07102793341724;818.196944141749;5.880056838466558;-6.304045051489396;88.07676267623901;107.00351238250732;137.15432047843933;16.700200252234936;True;True;False;False;1.1070129231711585;3.8927677107928087;0.20301218483543834;0.24296298742286584
89.32969536488709;53.736119038102;137.57452395418017;16.732292597751314;89.32969536488709;111.50990538072696;137.57452395418017;16.732292597751314;89.32969536488709;111.50990538072696;216.81876793474356;818.5614473135039;5.670304635112913;-6.509905380726963;88.01370573043823;106.96306467056274;137.39801287651062;16.504847779870033;True;True;False;False;1.109551670893675;3.9051716287114777;0.20342844991235629;0.24344336208792344
89.29452553858577;53.77582196432008;137.77235428327856;16.538994809542167;89.29452553858577;111.9739608444091;137.77235428327856;16.538994809542167;89.29452553858577;111.9739608444091;215.02266962328235;819.3878275841216;5.7054744614142265;-6.973960844409106;88.21869611740112;107.17964315414427;137.63647317886353;16.40694636851549;True;True;False;False;1.1101249579859211;3.9210193904052564;0.20048167491856633;0.2437149106876532
89.10944393498453;53.587986564877525;137.9831792122192;16.518171824306915;89.10944393498453;111.651989866852;137.9831792122192;16.518171824306915;89.10944393498453;111.651989866852;214.7367501324753;820.5187207195127;5.890556065015474;-6.651989866852006;88.18032956123352;107.5752010345459;137.8227436542511;16.365455947816372;True;True;False;False;1.1084693612985859;3.9305204222254937;0.20075886828159903;0.24330405091946036
89.16855212683156;53.691112198546406;138.1365694734749;16.464080597069778;89.16855212683156;111.59203672876468;138.1365694734749;16.464080597069778;89.16855212683156;111.59203672876468;213.96972442640308;821.185911811154;5.831447873168443;-6.592036728764668;88.03262972831726;107.29084324836732;138.03948879241943;16.319984905421734;True;True;False;False;1.1085139112941254;3.9414191941203156;0.2008868202867845;0.24078558243120626
89.22926486474044;53.88660109304266;138.18656468571814;16.670177229736442;89.22926486474044;111.48865542889892;138.18656468571814;16.670177229736442;89.22926486474044;111.48865542889892;213.29754879563265;821.8420127184254;5.770735135259557;-6.488655428898923;88.07401084899902;107.24419355392456;138.23058485984802;16.210571490228176;True;True;False;False;1.110662634773517;3.9523202258878385;0.19804894414268448;0.2437669705663924
89.12746370651242;53.92609222506409;138.21066550565348;16.355346917393202;89.12746370651242;111.39556262066738;138.21066550565348;16.355346917393202;89.12746370651242;111.39556262066738;212.6185803549092;822.8150463862494;5.872536293487585;-6.395562620667377;88.1438159942627;107.16255140304564;138.37042212486267;16.208332031965256;True;True;False;False;1.1093436909852625;3.9628804776419955;0.19717822201815066;0.24406565660462787
88.91178190421145;53.77914861477389;138.2609951618032;15.922618986844997;88.91178190421145;111.36766442388098;138.2609951618032;15.922618986844997;88.91178190421145;111.36766442388098;211.82163506572635;824.029414829983;6.088218095788548;-6.367664423880981;88.01813077926636;107.09643840789796;138.48129272460938;16.172971948981285;True;True;False;False;1.106778917183283;3.9709474849047033;0.19425154446896684;0.24504618063405498
88.69473388500327;53.65989251874819;138.55170375867934;15.708362366299196;88.69473388500327;111.52034978579786;138.55170375867934;15.708362366299196;88.69473388500327;111.52034978579786;210.66724241870844;825.2752732811712;6.305266114996726;-6.520349785797862;87.85607719421387;107.02446913719176;138.56533408164978;16.072679050266743;True;True;False;False;1.1049576622624373;3.982100003946521;0.18901346876856195;0.2474522851600281
88.55280650905704;53.7979710465757;138.85641566155795;15.523777938876323;88.55280650905704;111.55814562111038;138.85641566155795;15.523777938876323;88.55280650905704;111.55814562111038;209.72227077664368;826.3998301817298;6.447193490942965;-6.558145621110384;87.66698241233826;107.17842626571657;138.7047779560089;15.788025669753551;True;True;False;False;1.1043300797786226;3.991328826352116;0.18755220331717343;0.24822466236708343
88.49839737668466;53.79423999821008;139.27192008403142;15.348775995451794;88.49839737668466;111.4432511494699;139.27192008403142;15.348775995451794;88.49839737668466;111.4432511494699;209.0776403037766;827.368274245267;6.501602623315336;-6.443251149469901;87.50529527664185;107.17947030067444;138.89389395713806;15.514491721987724;True;True;False;False;1.1061086089196062;4.000048063035782;0.18872537810221507;0.2486887551476116
88.58051770598915;53.52064736655029;139.33815258899327;15.273054771302428;88.58051770598915;111.53584085732663;139.33815258899327;15.273054771302428;88.58051770598915;111.53584085732663;208.03336073480045;828.0709139364334;6.419482294010848;-6.535840857326647;87.46271800994873;107.08343291282654;139.17836785316467;15.33254772424698;True;True;False;False;1.1058617837426916;4.00805725548966;0.18612932795244203;0.24864872837274943
88.61661669912982;53.497256607473794;139.6175913381795;15.350250483838046;88.61661669912982;111.46544556373271;139.6175913381795;15.350250483838046;88.61661669912982;111.46544556373271;207.30270587434475;828.8546469226868;6.383383300870179;-6.465445563732715;87.53888416290283;107.1829481124878;139.44178223609924;15.185644179582596;True;True;False;False;1.104201130541736;4.015378463862138;0.18683442584509372;0.24850273240075207
88.75330415634308;53.20169574153702;140.0299712025299;15.079999164601244;88.75330415634308;111.55259029761432;140.0299712025299;15.079999164601244;88.75330415634308;111.55259029761432;206.26635699808384;829.4323897817096;6.246695843656923;-6.55259029761433;87.57438826560974;107.15432357788086;139.7119104862213;15.0929232314229;True;True;False;False;1.1043386613996733;4.024692943224474;0.18854018468628878;0.2480399157126662
88.56982453435604;53.299084224272846;140.03529534717305;14.887513581074622;88.56982453435604;111.57130993275378;140.03529534717305;14.887513581074622;88.56982453435604;111.57130993275378;205.3552390214564;830.6322418048379;6.430175465643956;-6.571309932753778;87.70126271247864;107.19164609909058;140.00131487846377;15.02133596688509;True;True;False;False;1.102998094314052;4.0336747779826805;0.18839290561919164;0.24818992494388437
88.45056563498545;53.22884385856375;140.12036406080173;14.731287545542612;88.45056563498545;111.53781176643572;140.12036406080173;14.731287545542612;88.45056563498545;111.53781176643572;204.546060696392;831.7281163323316;6.549434365014548;-6.537811766435709;87.53410649299622;107.23737621307372;140.19786596298218;14.92045994848013;True;True;False;False;1.1003411378697519;4.041137043727456;0.18851481283940505;0.2488267373401562
88.56364988901;53.32475695037439;140.3905320971135;14.349237795935029;88.56364988901;111.37664012270912;140.3905320971135;14.349237795935029;88.56364988901;111.37664012270912;203.9966957483204;832.3752057396179;6.436350110990006;-6.376640122709119;87.43946576118469;107.1864743232727;140.3765046596527;14.723043404519558;True;True;False;False;1.100321944864165;4.046768643960226;0.18808186505232413;0.2512207656362438
88.66828084131592;53.37634017172159;140.73776514272464;14.33599849173564;88.66828084131592;111.44330184337296;140.73776514272464;14.33599849173564;88.66828084131592;111.44330184337296;203.01315362396485;833.0241238498047;6.331719158684081;-6.44330184337295;87.54819750785828;107.01411175727844;140.56875467300415;14.531195797026156;True;True;False;False;1.1006588208063246;4.055250468311798;0.18870535502752891;0.25090425081276796
88.72724099194558;53.14077513036992;140.92566589002152;14.38172264873755;88.72724099194558;111.58290690287046;140.92566589002152;14.38172264873755;88.72724099194558;111.58290690287046;201.8748365925201;833.7504327697033;6.272759008054422;-6.582906902870462;87.588707447052;107.07814359664916;140.7837951183319;14.348745308816431;True;True;False;False;1.1018110798009049;4.065447105770469;0.18624673105796669;0.25090376727210123
88.81080019393468;53.22207187291952;140.79081188513223;14.348337977108216;88.81080019393468;111.41811182068888;140.79081188513223;14.348337977108216;88.81080019393468;111.41811182068888;201.3267058365005;834.4196822334657;6.189199806065318;-6.4181118206888925;87.64598417282104;107.24115824699402;141.0300838947296;14.190066270530224;True;True;False;False;1.099741897566928;4.073522948877917;0.18606885743465587;0.25111311150680865
88.67144231420491;53.37294906814641;141.08933832534996;14.112126127067768;88.67144231420491;111.54475204372424;141.08933832534996;14.112126127067768;88.67144231420491;111.54475204372424;200.21767714767128;835.5236246337339;6.32855768579509;-6.544752043724245;87.7468752861023;107.08364725112916;141.1715602874756;14.172436632215977;True;True;False;False;1.100419703935615;4.082773603578105;0.18508433242824826;0.24944083225911884
88.47449688914061;53.192380661998726;141.23159992802096;14.026261808504024;88.47449688914061;111.79899004898428;141.23159992802096;14.026261808504024;88.47449688914061;111.79899004898428;198.83656753132132;836.7613231753019;6.52550311085939;-6.798990048984265;87.59739851951599;107.18411660194396;141.3298213481903;14.117838107049463;True;True;False;False;1.0990540261104436;4.094895503781746;0.18431260436356325;0.24904324732490637
88.4271619778982;52.9579986220828;141.54764139167582;13.951637275744414;88.4271619778982;111.7915507441702;141.54764139167582;13.951637275744414;88.4271619778982;111.7915507441702;197.94491413441827;837.7260600792346;6.572838022101806;-6.791550744170195;87.44132566452026;107.44526362419128;141.48363709449768;14.002768881618977;True;True;False;False;1.0962310676184999;4.102119925951946;0.18214383064929607;0.24806375475592243
88.73449711204502;53.00558426194157;141.79103562950894;14.120905825118928;88.73449711204502;111.76200495548396;141.79103562950894;14.120905825118928;88.73449711204502;111.76200495548396;197.09846561256805;837.9877682138879;6.26550288795498;-6.76200495548396;87.37127161026001;107.45322179794312;141.65217876434326;13.85574486106634;True;True;False;False;1.0975941103270601;4.110425286390592;0.17781887134121438;0.2488038893764589
88.83600714353547;52.847680000384265;142.09294981149785;13.862689936563957;88.83600714353547;111.8490517415286;142.09294981149785;13.862689936563957;88.83600714353547;111.8490517415286;196.02277137974755;838.6201485359676;6.163992856464532;-6.849051741528612;87.70995378494263;107.42244696617126;141.91753387451172;13.805028609931467;True;True;False;False;1.0945543889230593;4.119397319604201;0.17132818081163279;0.24255547497100977
88.77360055725619;52.595614909225446;142.1330166583506;13.927798659042676;88.77360055725619;111.76443521167585;142.1330166583506;13.927798659042676;88.77360055725619;111.76443521167585;195.27879754058264;839.5668274227214;6.226399442743812;-6.764435211675831;87.74845862388611;107.51310515403748;142.19075679779053;13.757556192576883;True;True;False;False;1.0930441262883153;4.125497660923648;0.16926189075065862;0.24045657978784712
89.07752637495099;52.654496718694105;142.4400002452459;13.331241210617272;89.07752637495099;111.77524488022368;142.4400002452459;13.331241210617272;89.07752637495099;111.77524488022368;194.35525350859683;839.7891623796977;5.922473625049008;-6.775244880223681;87.70167756080627;107.4260561466217;142.40313529968262;13.737689144909382;True;True;False;False;1.0970507988221123;4.134468084079667;0.16922338444203724;0.24117176818200897
88.88705598646258;52.44692589136958;142.59740112763956;13.297419873672608;88.88705598646258;111.8389288437602;142.59740112763956;13.297419873672608;88.88705598646258;111.8389288437602;193.324519597494;840.9597663066811;6.112944013537415;-6.838928843760186;87.98806810379028;107.37942028045654;142.6298201084137;13.546865992248058;True;True;False;False;1.0965379009868783;4.143174371923942;0.16924559083461935;0.24202835831818484
88.93290712993209;52.479201061795806;142.59389656717053;13.247390951962991;88.93290712993209;111.69115398872128;142.59389656717053;13.247390951962991;88.93290712993209;111.69115398872128;192.70821212840377;841.6831232215471;6.06709287006791;-6.6911539887212825;87.79570984840393;107.44137787818909;142.82168984413147;13.380913324654102;True;True;False;False;1.0960008822393164;4.150317415858927;0.17049019208721608;0.24182751456924342
89.05602497939378;52.37434420088695;142.71022599774477;13.036342557033947;89.05602497939378;111.8447237582442;142.71022599774477;13.036342557033947;89.05602497939378;111.8447237582442;191.50891872419515;842.2458332386328;5.943975020606217;-6.844723758244186;87.85082936286926;107.34314179420473;142.93848752975464;13.127495162189009;True;True;False;False;1.0961788715804868;4.157049086862243;0.17145285060938956;0.24108381059481213
89.13616835719698;52.18305675604866;143.03544981042813;12.709356099713998;89.13616835719698;111.72356105853557;143.03544981042813;12.709356099713998;89.13616835719698;111.72356105853557;190.83861428917984;842.8780764857739;5.863831642803021;-6.723561058535552;87.95463132858276;107.48206758499146;143.06716561317444;13.04272398352623;True;True;False;False;1.096261590665813;4.162351391943808;0.17021456294749676;0.2397929192970424
89.2424647272408;52.07445870539296;143.22408592952823;12.715420822795874;89.2424647272408;111.79872649786752;143.22408592952823;12.715420822795874;89.2424647272408;111.79872649786752;189.79180860271117;843.4473279647267;5.757535272759199;-6.798726497867534;88.03306531906128;107.31355619430542;143.21691632270813;12.899290472269058;True;True;False;False;1.0971095423573245;4.17005459524193;0.1702100703976605;0.23283283825759166
89.20997973354376;51.79769300318618;143.52291935926843;12.72791903672673;89.20997973354376;111.86501883306477;143.52291935926843;12.72791903672673;89.20997973354376;111.86501883306477;188.75272706593435;844.279969321822;5.790020266456239;-6.865018833064767;88.1055600643158;107.42308306694032;143.39349627494812;12.712141424417496;True;True;False;False;1.0983174660969859;4.178823247292357;0.17061509779035308;0.22885461170490295
89.25830197354051;51.51232444908913;143.7972394993144;12.519453824234306;89.25830197354051;111.5087491239359;143.7972394993144;12.519453824234306;89.25830197354051;111.5087491239359;188.54993063978344;844.9553275440227;5.741698026459488;-6.5087491239359;88.10569143295288;107.4862368106842;143.638277053833;12.576177418231964;True;True;False;False;1.1007053452915474;4.182048905919729;0.17076348284821793;0.22818223355095765
89.10936804804514;51.43358690501183;144.23348185268705;12.36332474996737;89.10936804804514;111.82904526292778;144.23348185268705;12.36332474996737;89.10936804804514;111.82904526292778;187.0415051452749;846.0187551318747;5.890631951954859;-6.829045262927778;88.15754055976868;107.17842626571657;143.9053499698639;12.532620877027512;True;True;False;False;1.1006896860386766;4.190765368807885;0.1734173872789933;0.22853298853298967
89.16365647925673;51.50774505731577;144.51981988103677;12.542108185966278;89.16365647925673;112.0001148975025;144.51981988103677;12.542108185966278;89.16365647925673;112.0001148975025;185.78882650773508;846.6955958630456;5.83634352074327;-7.000114897502499;88.01073265075684;107.44187569618224;144.2354440689087;12.434967383742332;True;True;False;False;1.099797492356409;4.198563251749475;0.1753123856031864;0.22590870149679465
89.29455519009134;51.33644846860997;144.44157216866338;12.307382700697852;89.29455519009134;112.09451106968824;144.44157216866338;12.307382700697852;89.29455519009134;112.09451106968824;184.66668551036324;847.2119775774754;5.705444809908656;-7.094511069688252;88.06652283668518;107.61548280715942;144.55816864967346;12.324790135025978;True;True;False;False;1.10073142888143;4.206738028346641;0.17248099393001856;0.21897281577278957
89.40131498801601;51.32212880517359;144.7207157581387;12.21364551566572;89.40131498801601;111.9990976471633;144.7207157581387;12.21364551566572;89.40131498801601;111.9990976471633;183.91157754612135;847.7591839562806;5.598685011983989;-6.999097647163296;88.16856169700623;107.69646120071413;144.75507378578186;12.246495559811592;True;True;False;False;1.1033825039626084;4.211083588426505;0.17089901488272632;0.21063321681311958
89.56448147848488;51.25735565236508;144.90038776561136;12.208014295781233;89.56448147848488;111.76926629131458;144.90038776561136;12.208014295781233;89.56448147848488;111.76926629131458;183.43802723819704;848.179342310274;5.435518521515121;-6.76926629131458;88.2639491558075;107.59752678871156;144.98119473457336;12.204530611634254;True;True;False;False;1.1043296633025357;4.214679385619372;0.17102655843724354;0.20259542957507304
89.33194846579629;51.459700005205214;145.07785244574802;12.192182968754093;89.33194846579629;111.97470514035714;145.07785244574802;12.192182968754093;89.33194846579629;111.97470514035714;182.12458070127;849.3691441385199;5.6680515342037125;-6.974705140357145;88.42109370231628;107.40111684799194;145.14859557151794;12.074016705155373;True;True;False;False;1.105590625307769;4.225025769826128;0.17065355969799928;0.1996656914215401
89.19158006931478;51.48656345728873;145.12707210625055;12.09160371193242;89.19158006931478;111.68498497355714;145.12707210625055;12.09160371193242;89.19158006931478;111.68498497355714;181.77406034948905;850.4056211360435;5.808419930685218;-6.684984973557135;88.21042680740356;107.61613965034483;145.2996051311493;12.015180215239525;True;True;False;False;1.1043891565060773;4.228914159900494;0.16816440832681043;0.1991156752477745
89.02514136962779;51.58375248575216;145.2607584013864;11.91183234875429;89.02514136962779;111.61609194595916;145.2607584013864;11.91183234875429;89.02514136962779;111.61609194595916;181.02051507487727;851.5129545261755;5.974858630372211;-6.61609194595917;88.10812520980835;107.36774921417236;145.48596739768982;11.974070891737938;True;True;False;False;1.1043281196337396;4.231760731672106;0.1681950243459746;0.19862364666794874
89.11445703599458;51.36458360196564;145.48412172906197;11.804563865136736;89.11445703599458;111.61200577489691;145.48412172906197;11.804563865136736;89.11445703599458;111.61200577489691;180.14654182420728;852.1309710108249;5.885542964005424;-6.6120057748969145;87.95049667358398;107.26518487930298;145.6257128715515;11.896001696586609;True;True;False;False;1.104912980027325;4.2370384807877794;0.16873367449177396;0.19808435219859152
88.86256564027325;51.48042003035454;145.37392624930246;11.81574049299227;88.86256564027325;111.51911713052216;145.37392624930246;11.81574049299227;88.86256564027325;111.51911713052216;179.45071834297056;853.4194928641349;6.137434359726754;-6.519117130522147;88.00753140449524;107.26439666748048;145.7740080356598;11.780203878879547;True;True;False;False;1.1016175747726835;4.241936064087467;0.17236964794892515;0.19788723347603077
88.79848020416154;51.315201867973;145.94014268821337;11.58644036569347;88.79848020416154;111.3600595190252;145.94014268821337;11.58644036569347;88.79848020416154;111.3600595190252;178.89961794856148;854.3659883176553;6.201519795838465;-6.360059519025214;87.79925680160522;107.22394895553587;145.86220622062683;11.668526008725166;True;True;False;False;1.0998143037494479;4.245015653737063;0.1709581526303727;0.1980397716405498
88.84318048270636;51.33601463690451;146.25257075891952;11.78993467487964;88.84318048270636;111.05661885291502;146.25257075891952;11.78993467487964;88.84318048270636;111.05661885291502;178.65849134491185;855.1034570666774;6.156819517293641;-6.056618852915022;87.7435564994812;107.0753779411316;146.07187032699585;11.585341095924376;True;True;False;False;1.0998007119506568;4.24862082041267;0.170215961869976;0.19877621496538392
89.12072626615843;51.29020311294131;146.46702891285605;11.399137363540566;89.12072626615843;110.76178298546324;146.46702891285605;11.399137363540566;89.12072626615843;110.76178298546324;178.44061389942675;855.3692747687458;5.879273733841572;-5.761782985463242;87.75643062591553;106.85047483444214;146.33212447166443;11.545406207442284;True;True;False;False;1.1013912669240595;4.249575504406454;0.17041259728585798;0.19908449790353624
89.2502210167717;51.166662220155054;146.75517956124955;11.299664194355389;89.2502210167717;110.7113707325186;146.75517956124955;11.299664194355389;89.2502210167717;110.7113707325186;177.77320067392097;855.8941884320315;5.749778983228296;-5.7113707325185885;88.03014755249023;106.51949501037598;146.58489108085632;11.452356204390526;True;True;False;False;1.1015093350448077;4.253609708164579;0.1708025093549166;0.199402057463306
89.16249122144929;51.0580283494442;147.0743363504752;11.237717502772275;89.16249122144929;110.80458005274542;147.0743363504752;11.237717502772275;89.16249122144929;110.80458005274542;176.82526593579814;856.8362852204401;5.837508778550713;-5.804580052745422;88.17754316329956;106.51986145973206;146.91429018974304;11.39340415596962;True;True;False;False;1.1002587310629666;4.256024417004962;0.1705981214605066;0.19992730892359384
89.01672311406402;51.00403658204435;147.1924042188247;11.216019416412784;89.01672311406402;110.81610914825944;147.1924042188247;11.216019416412784;89.01672311406402;110.81610914825944;176.02826373773738;857.9061559390174;5.983276885935979;-5.816109148259443;88.08837151527405;106.5788598060608;147.20268487930298;11.20674192905426;True;True;False;False;1.0992567348551876;4.2582107809622185;0.17026232204521452;0.19960351310066046
88.92076833789132;50.82588165461563;147.29294018169523;11.162331254564752;88.92076833789132;110.86538053983227;147.29294018169523;11.162331254564752;88.92076833789132;110.86538053983227;175.1542397348238;858.8958357428209;6.079231662108683;-5.865380539832273;87.98755645751953;106.58937621116638;147.44526267051697;11.13263614475727;True;True;False;False;1.0962600045469895;4.262273202066744;0.17074069249656174;0.19669271004828032
88.83939755877216;50.69891542241861;147.55673794567758;10.85387151121376;88.83939755877216;110.83611903810088;147.55673794567758;10.85387151121376;88.83939755877216;110.83611903810088;174.43071199964226;859.8691415226737;6.160602441227837;-5.83611903810089;87.86343383789062;106.64779376983644;147.6564085483551;11.0770533233881;True;True;False;False;1.0959627432080155;4.2650035198447;0.17098479383436335;0.19499396889413198
88.8749168854691;50.939402062124095;147.7249345747965;10.789239032953;88.8749168854691;110.92582196431896;147.7249345747965;10.789239032953;88.8749168854691;110.92582196431896;173.47315694212597;860.6195165281101;6.125083114530895;-5.9258219643189705;87.77212572097778;106.63747096061708;147.845196723938;10.989896804094316;True;True;False;False;1.092551501467003;4.270082212555215;0.170938206532044;0.19580710491888556
89.1641629453258;50.524891880193394;147.99509840483614;10.767931592104532;89.1641629453258;110.7879865648764;147.99509840483614;10.767931592104532;89.1641629453258;110.7879865648764;172.95871814576856;860.8577021570009;5.835837054674201;-5.787986564876405;87.80832815170288;106.6904125213623;148.0235207080841;10.859105065464972;True;True;False;False;1.0944542750838613;4.2703433299805;0.17055868267413968;0.1959979562798518
89.2198152281315;50.7014935878346;148.37094170607784;10.511435305972649;89.2198152281315;110.94111219854528;148.37094170607784;10.511435305972649;89.2198152281315;110.94111219854528;171.8807353364473;861.5245091986793;5.780184771868505;-5.941112198545284;88.1038453578949;106.59418845176695;148.2450783252716;10.70977970957756;True;True;False;False;1.093471033685632;4.273109781861936;0.1669214187990334;0.19603541647795028
89.26039281977974;50.49810347752612;148.33538841420034;10.144163820571803;89.26039281977974;111.18660109304152;148.33538841420034;10.144163820571803;89.26039281977974;111.18660109304152;170.59760925431542;862.2140453182986;5.739607180220261;-6.186601093041531;88.12618494033813;106.73561024665833;148.5168981552124;10.6259186565876;True;True;False;False;1.0925540911782365;4.280706465539889;0.1673933613505704;0.19699981748527895
89.28637893459039;50.29483898021754;148.59242928551254;9.920030615714932;89.28637893459039;111.27609222506295;148.59242928551254;9.920030615714932;89.28637893459039;111.27609222506295;169.59374684453368;862.92735404604;5.713621065409612;-6.276092225062968;88.16896271705627;106.91055870056152;148.72472643852234;10.469917953014374;True;True;False;False;1.0934302617956966;4.286323160555245;0.16776112853546446;0.2022627609509947
89.33583421502259;50.17765043229642;148.85108486362716;10.060824169524048;89.33583421502259;111.17914861477276;148.85108486362716;10.060824169524048;89.33583421502259;111.17914861477276;168.95082176843903;863.5902596272302;5.664165784977413;-6.179148614772771;88.16330695152283;106.95579791069032;148.9319908618927;10.223201364278792;True;True;False;False;1.0921244104579104;4.288130749287117;0.1672144568068373;0.2011897038321107
89.42610183615756;50.18449889700628;149.39231207139866;9.739714851551811;89.42610183615756;111.10989251874706;149.39231207139866;9.739714851551811;89.42610183615756;111.10989251874706;168.26544747852074;864.164946489624;5.573898163842443;-6.10989251874706;88.24423003196716;106.9246428012848;149.11898255348206;10.036194920539856;True;True;False;False;1.093115853255133;4.290138648781112;0.16911723854592908;0.20066656188345336
89.54809122324316;50.19771356871732;149.49622062562315;9.720035688251604;89.54809122324316;111.29797104657456;149.49622062562315;9.720035688251604;89.54809122324316;111.29797104657456;167.07463808703278;864.6641541372984;5.451908776756838;-6.297971046574574;88.33719062805176;106.86486315727234;149.41224217414856;9.922550916671751;True;True;False;False;1.094457961199706;4.292496020718271;0.16928662634591166;0.19839012577457193
89.84029935493487;50.24966268881813;149.7457128192661;9.501817698821435;89.84029935493487;111.34423999820896;149.7457128192661;9.501817698821435;89.84029935493487;111.34423999820896;166.14237071088743;864.8066590441492;5.159700645065129;-6.344239998208948;88.43564796447754;107.016676902771;149.67475175857544;9.867175444960594;True;True;False;False;1.1001478793191246;4.293728618261942;0.16886901098405846;0.19849563912820323
90.10220605253488;50.20865943392642;150.03325081189027;9.48853993955774;90.10220605253488;111.12064736654916;150.03325081189027;9.48853993955774;90.10220605253488;111.12064736654916;165.74365730777916;864.9708057349579;4.897793947465132;-6.12064736654915;88.71264219284058;107.05171775817873;149.95759963989258;9.69333365559578;True;True;False;False;1.0988493209582268;4.293648647870792;0.1689835989676592;0.19787339956321004
90.07060387889118;49.99097231629783;150.44429394262804;9.415813370199745;90.07060387889118;111.14725660747266;150.44429394262804;9.415813370199745;90.07060387889118;111.14725660747266;164.87435251039227;865.6870492752407;4.929396121108823;-6.147256607472656;88.94297289848328;106.84840750694276;150.2233612537384;9.605184644460678;True;True;False;False;1.1000676015974047;4.296236626955857;0.17022336336083302;0.19792061071908962
90.12623996775766;50.00170078762224;150.7082247259927;9.361146225536949;90.12623996775766;110.90169574153587;150.7082247259927;9.361146225536949;90.12623996775766;110.90169574153587;164.54584002793612;866.2330299136556;4.873760032242345;-5.901695741535889;88.92530727386475;106.86173105239868;150.47683596611023;9.498161897063255;True;True;False;False;1.0994775726605561;4.2969605092181125;0.1716023395916525;0.1983255325841332
90.29335894327993;49.7783149069441;151.20425562058284;9.504154962793464;90.29335894327993;111.0490842242717;151.20425562058284;9.504154962793464;90.29335894327993;111.0490842242717;163.4641702969264;866.5486266335768;4.706641056720088;-6.049084224271695;88.97854614257812;106.66480946540833;150.79360723495483;9.455261826515198;True;True;False;False;1.1010595067174855;4.3011859679413735;0.17505652716096834;0.19835082275555133
90.5864757319668;49.71422018123246;151.66222810461548;9.173084692592806;90.5864757319668;111.0288438585626;151.66222810461548;9.173084692592806;90.5864757319668;111.0288438585626;162.69810646510837;866.589945197099;4.413524268033214;-6.028843858562595;89.14246654510498;106.78504633903503;151.13547682762146;9.418180659413338;True;True;False;False;1.1043335796739937;4.304489486036916;0.1818926432976519;0.1989045771125352
90.59769264154836;49.69749378861398;152.0127794211413;9.167849226200708;90.59769264154836;111.17475695037324;152.0127794211413;9.167849226200708;90.59769264154836;111.17475695037324;161.60243443367872;867.1559812803404;4.402307358451651;-6.174756950373251;89.40979480743408;106.76525807380676;151.5501630306244;9.366689920425417;True;True;False;False;1.1037089361579966;4.305986380881333;0.18663722889546436;0.19953641626570515
90.71249575293297;49.475200456670045;152.3762566772334;9.377693774399775;90.71249575293297;111.27634017172043;152.3762566772334;9.377693774399775;90.71249575293297;111.27634017172043;160.57596706426793;867.5133493720314;4.287504247067034;-6.276340171720435;89.38580965995789;106.93231058120728;151.94453716278076;9.308682829141617;True;True;False;False;1.1082142807380666;4.310399508193292;0.19106858070178157;0.19960555313917697
90.63121765899096;49.20252019184284;152.3618260991861;9.312327320865077;90.63121765899096;111.09077513036875;152.3618260991861;9.312327320865077;90.63121765899096;111.09077513036875;160.11025179074187;868.2475727928577;4.368782341009037;-6.090775130368769;89.53239631652832;107.00535845756532;152.32287406921387;9.200428277254105;True;True;False;False;1.1081091113055457;4.309699685095778;0.19096158190629686;0.19988983565153826
90.55113836961952;48.963310639346446;152.42003777686188;9.483689017697598;90.55113836961952;111.22207187291836;152.42003777686188;9.483689017697598;90.55113836961952;111.22207187291836;159.03555495492685;868.9902356837351;4.4488616303804775;-6.222071872918363;89.48210287094116;106.85662841796876;152.59140253067017;9.22160007059574;True;True;False;False;1.1096689206345218;4.314552103361203;0.19130644112813114;0.2009463359883064
90.56206746769084;48.76098161992315;152.4518625478716;9.583114017533063;90.56206746769084;111.42294906814524;152.4518625478716;9.583114017533063;90.56206746769084;111.42294906814524;157.80419098141732;869.56155903831;4.437932532309162;-6.422949068145243;89.41529154777527;107.02994513511658;152.76663184165955;9.280021861195564;True;True;False;False;1.109769874000575;4.317083384035402;0.19026492533903958;0.2024588713926822
90.56296640169694;48.89517809361993;152.70871855041358;9.337589515659062;90.56296640169694;111.29238066199756;152.70871855041358;9.337589515659062;90.56296640169694;111.29238066199756;157.20893458462666;870.151485507939;4.43703359830306;-6.292380661997555;89.40030860900879;107.19312572479248;152.866553068161;9.294860884547234;True;True;False;False;1.1106202568766823;4.318600276810014;0.1904611608968979;0.20107313324450157
90.56435860039495;48.716114418297614;153.07405859444435;9.15440921276572;90.56435860039495;111.10799862208162;153.07405859444435;9.15440921276572;90.56435860039495;111.10799862208162;156.7387145761922;870.7403055903167;4.435641399605032;-6.107998622081624;89.40704298019409;107.08091616630554;152.96605467796326;9.322390854358671;True;True;False;False;1.1119969498616213;4.316511730411639;0.19064828057939986;0.2016830949613094
90.76273902154846;48.45854944781781;153.31397677700812;8.962356008991222;90.76273902154846;111.2055842619404;153.31397677700812;8.962356008991222;90.76273902154846;111.2055842619404;155.72914348019708;870.9349636012904;4.237260978451545;-6.205584261940402;89.44190406799316;106.9280445575714;153.16482186317444;9.241733476519585;True;True;False;False;1.1127283745279055;4.316787790140078;0.19103423334701722;0.20084141392309746
90.9318298194016;48.41920271625091;153.7811088407768;8.99599938655334;90.9318298194016;111.0976800003831;153.7811088407768;8.99599938655334;90.9318298194016;111.0976800003831;155.1175407683863;871.1617501360444;4.0681701805984005;-6.097680000383093;89.56364822387695;106.96467566490172;153.39287042617798;9.068552255630491;True;True;False;False;1.116085682953275;4.314858828059918;0.1945640409611814;0.19733028793286134
90.92278356333225;48.7510742167024;154.00650946351885;8.74555213860967;90.92278356333225;110.89561490922426;154.00650946351885;8.74555213860967;90.92278356333225;110.89561490922426;154.70864695065288;871.7222653389296;4.077216436667769;-5.895614909224264;89.74555921554565;106.87703204154968;153.70667815208435;8.939566016197205;True;True;False;False;1.1166342661506232;4.31548658871009;0.19660903790011186;0.19813390528690653
91.27066873984964;48.57636790907302;154.3035980709679;8.61081129048191;91.27066873984964;111.00449671869292;154.3035980709679;8.61081129048191;91.27066873984964;111.00449671869292;153.70480134381896;871.5701238441171;3.7293312601503743;-6.004496718692934;89.74149370193481;106.71355414390564;154.01427030563354;8.829301074147224;True;True;False;False;1.1195645737942932;4.317826644390296;0.19848729653821026;0.19922565159763547
91.2554974570811;48.67581518871439;154.52887769104518;8.653949949898136;91.2554974570811;110.8469258913684;154.52887769104518;8.653949949898136;91.2554974570811;110.8469258913684;153.21934343597565;872.0977105776742;3.7445025429188954;-5.8469258913684;90.06142473220825;106.8054223060608;154.29957032203674;8.742030635476112;True;True;False;False;1.1191048267818011;4.317339883693808;0.19925934167587941;0.19938282116129175
91.30707011113898;48.35361099526302;154.94612986910013;8.529944816645065;91.30707011113898;110.92920106179464;154.94612986910013;8.529944816645065;91.30707011113898;110.92920106179464;152.27520297627407;872.493832275281;3.692929888861016;-5.929201061794629;90.04714012145996;106.66547322273254;154.57649111747742;8.61391231417656;True;True;False;False;1.1200507985902477;4.316040273786205;0.20179258929551397;0.19946635457270132
91.49208943910394;48.1383578593683;155.2662657216889;8.275597869270653;91.49208943910394;110.87434420088576;155.2662657216889;8.275597869270653;91.49208943910394;110.87434420088576;151.5943565565192;872.6161842711992;3.507910560896065;-5.874344200885759;90.12673568725586;106.71506142616272;154.8672592639923;8.539940938353539;True;True;False;False;1.1237628000393902;4.316082687010683;0.20534382702291865;0.20103054715084878
91.60414214812482;48.45142627492267;155.12212944734827;8.120774706998697;91.60414214812482;110.73305675604746;155.12212944734827;8.120774706998697;91.60414214812482;110.73305675604746;151.09368555274435;872.859800261277;3.395857851875178;-5.733056756047461;90.29279947280884;106.65186619758606;155.18222093582153;8.469563350081444;True;True;False;False;1.1233633133181828;4.3147494327288785;0.20539862853502838;0.20375656658729047
91.63376964160447;48.05430520883556;155.1737883151491;8.60681468149819;91.63376964160447;110.67445870539176;155.1737883151491;8.60681468149819;91.63376964160447;110.67445870539176;150.44647408658273;873.2533263212343;3.366230358395512;-5.674458705391771;90.3845431804657;106.53327488899232;155.37767052650452;8.321322277188301;True;True;False;False;1.1263498714175482;4.312956059410088;0.2063107028985999;0.2047035672099621
91.71698347586036;48.10269304816573;155.3515633211942;8.561582985378669;91.71698347586036;110.44769300318498;155.3515633211942;8.561582985378669;91.71698347586036;110.44769300318498;150.14341099694408;873.5357293671753;3.2830165241396543;-5.44769300318498;90.43966960906982;106.52481198310852;155.50838112831116;8.250207901000977;True;True;False;False;1.1279942351175494;4.308295583084687;0.2066366381609025;0.20451827582768206
91.53966134314923;48.051247875658966;155.55498049932345;8.271541642583093;91.53966134314923;110.21232444908792;155.55498049932345;8.271541642583093;91.53966134314923;110.21232444908792;149.88778903804686;874.3281091691495;3.460338656850752;-5.21232444908793;90.50339031219482;106.3219165802002;155.6103873252869;8.30392211675644;True;True;False;False;1.1253297853308506;4.305062276760819;0.20659034101357432;0.20395821989823615
91.50220120808476;48.1107710831886;156.0859388858421;8.391367631534663;91.50220120808476;110.18358690501064;156.0859388858421;8.391367631534663;91.50220120808476;110.18358690501064;149.25028753298974;874.8644079268586;3.497798791915244;-5.183586905010628;90.34341788291933;106.1109869480133;155.7151997089386;8.40461865067482;True;True;False;False;1.1254726339001788;4.3020274818617255;0.2093010519614134;0.20367169667475601
91.96380146285291;48.33690046740481;156.11750579006463;8.36994066093177;91.96380146285291;110.30774505731458;156.11750579006463;8.36994066093177;91.96380146285291;110.30774505731458;148.31082630771377;874.4075805895776;3.0361985371470865;-5.307745057314577;90.33059906959534;106.08706402778624;155.9768569469452;8.319439738988876;True;True;False;False;1.1318085041439385;4.299752515324791;0.20927687720863042;0.20337226135476685
92.08806425424784;48.17572486865309;156.46163989874353;8.272762985875941;92.08806425424784;110.18644846860876;156.46163989874353;8.272762985875941;92.08806425424784;110.18644846860876;147.8457201441501;874.5638814784073;2.911935745752146;-5.1864484686087735;90.76567125320436;106.17419600486755;156.20421051979065;8.237185850739479;True;True;False;False;1.1338400862528375;4.298981669341964;0.20912679934518738;0.20333529960770058
92.31835702205991;47.90815581648848;156.6015178867009;8.144526587671097;92.31835702205991;110.2221288051724;156.6015178867009;8.144526587671097;92.31835702205991;110.2221288051724;147.0828330085417;874.4915540422168;2.681642977940072;-5.222128805172389;90.890775680542;106.069757938385;156.45550847053528;8.238795474171638;True;True;False;False;1.1369109047620674;4.298308721958886;0.20760554563401956;0.2033612256713123
92.5762638927769;47.908849176987935;156.84074702817233;8.093361724473821;92.5762638927769;110.20735565236389;156.84074702817233;8.093361724473821;92.5762638927769;110.20735565236389;146.41609547346908;874.3332926978416;2.4237361072231067;-5.207355652363873;91.09956192970276;106.11108374595642;156.6953718662262;8.171437978744507;True;True;False;False;1.14157017967797;4.295808984766831;0.20606263346444365;0.20324688082727033
92.47720541837695;47.78848561975959;156.9626547521588;7.977964264894608;92.47720541837695;110.459700005204;156.9626547521588;7.977964264894608;92.47720541837695;110.459700005204;145.217092680807;874.8545744609379;2.522794581623046;-5.459700005203999;91.29474115371704;106.10816597938538;156.87846899032593;8.082899674773216;True;True;False;False;1.1420673151173422;4.295523659191688;0.2044857547926239;0.20310329331570556
92.55396172811494;47.75534246179485;157.5143451315135;7.824131769966779;92.55396172811494;110.53656345728751;157.5143451315135;7.824131769966779;92.55396172811494;110.53656345728751;144.3354057759461;875.037434452345;2.446038271885058;-5.536563457287514;91.2390685081482;106.3084201812744;157.07939982414246;7.988913729786873;True;True;False;False;1.1446699992823912;4.295977940905452;0.20861239617363145;0.20233370884846055
92.49290528048064;47.698373547180175;157.61330968755402;7.563730466837473;92.49290528048064;110.68375248575094;157.61330968755402;7.563730466837473;92.49290528048064;110.68375248575094;143.30281925804758;875.4856857838649;2.5070947195193583;-5.683752485750944;91.29554319381714;106.35774564743042;157.34411239624023;7.898318320512772;True;True;False;False;1.1440943787260978;4.295388336670386;0.21016102071662834;0.20426331340301507
92.19895297761;47.67572441620239;157.81035902111233;7.385547109488268;92.19895297761;110.51458360196442;157.81035902111233;7.385547109488268;92.19895297761;110.51458360196442;142.88332336085384;876.4078696855422;2.8010470223900086;-5.514583601964418;91.24470353126526;106.49615287780762;157.57887482643127;7.756902575492859;True;True;False;False;1.1427091697123934;4.292867160586794;0.21112614618434952;0.20708081228062886
92.31456350892726;47.65653267032467;157.91056122538893;7.183088226505745;92.31456350892726;110.6804200303533;157.91056122538893;7.183088226505745;92.31456350892726;110.6804200303533;141.81637269048082;876.5501215592263;2.6854364910727355;-5.680420030353304;90.96513724327087;106.34652400016785;157.8255832195282;7.592709511518478;True;True;False;False;1.1469348466899503;4.289002650073204;0.21111590848136416;0.21021516804826218
92.29614799342588;47.46551616107907;158.0108570423264;6.974604063492098;92.29614799342588;110.56520186797178;158.0108570423264;6.974604063492098;92.29614799342588;110.56520186797178;141.28941967786344;876.9450107890389;2.703852006574124;-5.56520186797178;91.078515291214;106.48250436782835;158.04087281227112;7.414433062076569;True;True;False;False;1.1491473170231685;4.287110230898145;0.21108957143863585;0.21389373438677453
92.3770551526198;47.612558474071726;158.41217116292967;6.969183876909225;92.3770551526198;110.63601463690328;158.41217116292967;6.969183876909225;92.3770551526198;110.63601463690328;140.40576722427087;877.1437100715276;2.6229448473801966;-5.636014636903269;91.01725602149963;106.37113833427428;158.17661881446838;7.2547197341918945;True;True;False;False;1.15135657682791;4.286267709687504;0.2121625269593157;0.2135466508993535
92.33128994443874;47.77257041054627;158.514055020852;6.880722718222144;92.33128994443874;110.64020311294009;158.514055020852;6.880722718222144;92.33128994443874;110.64020311294009;139.6459216539435;877.5849664675404;2.668710055561263;-5.640203112940071;91.13416719436646;106.42656207084656;158.36174845695496;7.112579494714737;True;True;False;False;1.1510720441520388;4.284342967482288;0.2105197835436868;0.21459635103055205
92.50249768105218;47.70756553020171;158.42778201979647;6.788740875231644;92.50249768105218;110.56666222015382;158.42778201979647;6.788740875231644;92.50249768105218;110.56666222015382;139.04097635779067;877.5983790017217;2.497502318947824;-5.566662220153816;91.07110333442688;106.4264998435974;158.52760195732117;7.008249014616013;True;True;False;False;1.1562918834601672;4.281670812906292;0.21024446386783893;0.2154774183383406
92.63582399433398;47.708039290183045;158.81718817250885;6.609555956617415;92.63582399433398;110.50802834944297;158.81718817250885;6.609555956617415;92.63582399433398;110.50802834944297;138.41602246985855;877.6647266843512;2.3641760056660246;-5.508028349442952;91.221928358078;106.36499166488647;158.65336894989014;6.954338103532791;True;True;False;False;1.160257615562943;4.2802741573888206;0.20903977500769158;0.21498657674570057
92.77900438751568;47.69877795282261;158.86997822012574;6.492419094134171;92.77900438751568;110.50403658204311;158.86997822012574;6.492419094134171;92.77900438751568;110.50403658204311;137.6896022247325;877.6935893654099;2.22099561248433;-5.504036582043113;91.3211669921875;106.30520510673524;158.82204174995422;6.860358715057373;True;True;False;False;1.1640753121162504;4.2774025885089735;0.2087194650497556;0.21725372717727506
92.63269529447152;47.38655658571393;158.802023666807;6.596607161110497;92.63269529447152;110.37588165461436;158.802023666807;6.596607161110497;92.63269529447152;110.37588165461436;137.21204053531758;878.2823402998295;2.3673047055284684;-5.375881654614375;91.49130320549013;106.29468178749084;158.9570665359497;6.751251816749573;True;True;False;False;1.163008509511115;4.274748319480106;0.20853837263476901;0.21771293571151412
92.48330121131096;47.45095817408716;158.68080160461437;6.5431644058066;92.48330121131096;110.29891542241737;158.68080160461437;6.5431644058066;92.48330121131096;110.29891542241737;136.64918877909636;878.8967690935544;2.516698788689041;-5.298915422417366;91.31638240814208;106.20608401298524;159.03342366218567;6.6604408621788025;True;True;False;False;1.165585994256201;4.272652328686882;0.20830223274811177;0.21799379220841972
92.6108094036766;47.28995511530288;158.49161601773272;6.464143137895155;92.6108094036766;110.58940206212284;158.49161601773272;6.464143137895155;92.6108094036766;110.58940206212284;135.3616934433631;878.977312547315;2.389190596323388;-5.589402062122844;91.19605565071106;106.10327768325806;159.06898617744446;6.625694632530212;True;True;False;False;1.1691404786672182;4.274657348313551;0.2136591860958052;0.21640702325302386
92.6887305533309;47.22723947680535;158.55797634152125;6.190489069181672;92.6887305533309;110.22489188019212;158.55797634152125;6.190489069181672;92.6887305533309;110.22489188019212;135.34546019894148;879.1400289941829;2.311269446669101;-5.224891880192132;91.29873752593994;106.3431499004364;158.98653149604797;6.621580421924591;True;True;False;False;1.1712830113037944;4.270132862385575;0.2165609489030676;0.21747443955070642
92.63125953453049;47.14937301954176;158.72006036407956;6.025466087144587;92.63125953453049;110.45149358783334;158.72006036407956;6.025466087144587;92.63125953453049;110.45149358783334;134.19560453296677;879.5631402913396;2.3687404654695143;-5.45149358783334;91.3678858280182;106.02193975448608;158.92158269882202;6.525548845529556;True;True;False;False;1.1732848957306423;4.270428141401991;0.2156260389685579;0.22026065039997178
92.81942955766505;46.79360614225618;158.6948721496446;5.8136672674553065;92.81942955766505;110.29810347752486;158.6948721496446;5.8136672674553065;92.81942955766505;110.29810347752486;133.7755189418726;879.502632307133;2.180570442334954;-5.298103477524862;91.28981137275696;106.2136619091034;158.91143321990967;6.388325989246368;True;True;False;False;1.1768821642546536;4.266325636505096;0.2166091832646854;0.22595116929382633
92.51766590205112;46.55752678556689;158.63086299806048;5.791709599316019;92.51766590205112;110.14483898021628;158.63086299806048;5.791709599316019;92.51766590205112;110.14483898021628;133.37563413948646;880.3969023440055;2.482334097948879;-5.144838980216278;91.49244403839111;106.04080152511597;158.9241659641266;6.213326156139374;True;True;False;False;1.177927213741183;4.263650940143415;0.2182579970526907;0.22942790961337425
92.25082196054171;46.39570171687623;158.5807353579817;5.787454230781249;92.25082196054171;110.07765043229514;158.5807353579817;5.787454230781249;92.25082196054171;110.07765043229514;132.82403270463325;881.2615681067508;2.749178039458272;-5.077650432295144;91.18637585639954;105.95057201385498;158.97993564605713;6.086728125810623;True;True;False;False;1.1796239988193273;4.261234208232258;0.22124114461702094;0.22967490357449138
92.44608254564469;46.07469574373992;158.65831633981475;5.59813928401841;92.44608254564469;110.13449889700502;158.65831633981475;5.59813928401841;92.44608254564469;110.13449889700502;132.03331571757414;881.2376040084727;2.5539174543553145;-5.134498897005017;90.97751355171204;105.8580470085144;158.98637413978577;6.004419326782227;True;True;False;False;1.1848642426275446;4.262015697543515;0.2220631790588427;0.23287023929746098
92.3935721696864;46.00721020093487;158.92934990230825;5.695632250504104;92.3935721696864;110.19771356871604;158.92934990230825;5.695632250504104;92.3935721696864;110.19771356871604;131.22228652121808;881.6831470876366;2.606427830313592;-5.19771356871604;91.11463475227356;105.88755655288696;158.9939796924591;5.95367357134819;True;True;False;False;1.1860564243500218;4.262273913014492;0.22165426327579854;0.23362814373707053
92.3307074540072;45.691095465318085;159.2258792943083;6.205906186811848;92.3307074540072;110.29966268881684;159.2258792943083;6.205906186811848;92.3307074540072;110.29966268881684;130.32535980518765;882.1564002297035;2.6692925459928034;-5.299662688816852;91.0878562927246;105.9567325115204;159.0629017353058;5.899716764688492;True;True;False;False;1.1878044531281533;4.262664703658665;0.22066118482248154;0.23530251557455817
92.37566583299156;45.91497349704561;159.53149649187577;6.063699288521137;92.37566583299156;110.30865943392514;159.53149649187577;6.063699288521137;92.37566583299156;110.30865943392514;129.6007446231288;882.4223891445338;2.624334167008428;-5.308659433925143;91.0444839000702;106.11214852333067;159.21847462654114;5.911603718996048;True;True;False;False;1.1879583429197003;4.259397188163695;0.22203349381315218;0.23474942228637952
92.4353224106932;45.89579457954539;159.4967901390844;5.822530921913341;92.4353224106932;110.14097231629654;159.4967901390844;5.822530921913341;92.4353224106932;110.14097231629654;129.22829760052932;882.6529872113983;2.564677589306797;-5.140972316296541;91.10851573944092;106.11012268066406;159.46629762649536;6.034771054983139;True;True;False;False;1.1902633768730284;4.252200875470725;0.2216742507707117;0.2352834098066085
92.1947755903791;45.68202208426536;159.74613004733146;5.892625985705524;92.1947755903791;110.20170078762096;159.74613004733146;5.892625985705524;92.1947755903791;110.20170078762096;128.4213776823743;883.4760378639342;2.805224409620905;-5.201700787620951;91.15407299995422;105.9368336200714;159.66986417770386;6.115663647651672;True;True;False;False;1.1911024994363095;4.253877628024242;0.22126534861261288;0.23579333751939377
92.30775319577616;45.50777391640855;159.7350475020842;5.777477950640874;92.30775319577616;110.0283149069428;159.7350475020842;5.777477950640874;92.30775319577616;110.0283149069428;128.07458933871445;883.6241125744228;2.692246804223842;-5.028314906942811;90.94160151481628;106.06023025512695;159.87656474113464;6.002604812383652;True;True;False;False;1.193298784416618;4.25093323081236;0.22148304808817118;0.23636938191132204
92.27170899989352;45.67117666372509;159.89974574442928;5.496603500391791;92.27170899989352;110.01422018123117;159.89974574442928;5.496603500391791;92.27170899989352;110.01422018123117;127.43233680254536;884.0551672067513;2.7282910001064806;-5.014220181231167;91.02350640296936;105.8461892604828;159.99807000160217;5.910525172948837;True;True;False;False;1.1941494373516588;4.250245652535791;0.22164163025366304;0.23560072219346267
92.32812564059007;45.72224691571438;160.31999668831733;5.643753524126978;92.32812564059007;110.04749378861268;160.31999668831733;5.643753524126978;92.32812564059007;110.04749378861268;126.6972268969515;884.3061060587057;2.6718743594099124;-5.047493788612684;90.9677438735962;105.83014845848083;160.0836718082428;5.855027586221695;True;True;False;False;1.1975060918051788;4.2501040729760176;0.22226271556479885;0.23604449475711411
92.26449163576817;45.42517811469597;160.43119258892864;5.663928384873463;92.26449163576817;109.87520045666876;160.43119258892864;5.663928384873463;92.26449163576817;109.87520045666876;126.36881438902437;884.7896239829375;2.735508364231848;-4.87520045666875;91.0258641242981;105.90164065361024;160.2737581729889;5.756263583898544;True;True;False;False;1.2002949568153933;4.247478519666247;0.22177657060183562;0.23499941138986494
92.42812288711129;45.61532216487932;160.61261920043492;5.742909435054202;92.42812288711129;109.65252019184156;160.61261920043492;5.742909435054202;92.42812288711129;109.65252019184156;126.16414819112292;884.8270959288155;2.571877112888714;-4.652520191841546;91.00021958351137;105.75748085975648;160.44631242752075;5.683181434869766;True;True;False;False;1.2053420524279594;4.242079789919582;0.22233891730834246;0.2324877388102836
92.60699692712528;45.53297484833461;160.9468206920341;5.450635712958558;92.60699692712528;109.46331063934514;160.9468206920341;5.450635712958558;92.60699692712528;109.46331063934514;125.92223127053686;884.8122647971727;2.393003072874734;-4.4633106393451385;91.1684820652008;105.56266117095949;160.65394401550293;5.738724917173386;True;True;False;False;1.2101768527641923;4.237827089535459;0.2236187524742384;0.23274505917994592
92.74728763351416;45.42690262273413;161.22495523757425;5.35626451096447;92.74728763351416;109.31098161992183;161.22495523757425;5.35626451096447;92.74728763351416;109.31098161992183;125.6317812241374;884.8507504607782;2.252712366485838;-4.310981619921847;91.33095049858092;105.33945202827454;160.90343236923218;5.716300010681152;True;True;False;False;1.214001051163872;4.235244812778981;0.2228138504069288;0.23473181490275097
92.83777794522445;45.30143632060734;161.37817614285723;5.566822090422093;92.83777794522445;109.49517809361862;161.37817614285723;5.566822090422093;92.83777794522445;109.49517809361862;124.68859072742096;884.9701314862224;2.162222054775569;-4.49517809361862;91.46560335159302;105.23532509803772;161.1447775363922;5.649890750646591;True;True;False;False;1.2163702624833068;4.233443966257422;0.2234035293190682;0.23479688965128134
93.01243797394734;44.91748265307923;161.5308627914237;5.248341853944426;93.01243797394734;109.3661144182963;161.5308627914237;5.248341853944426;93.01243797394734;109.3661144182963;124.34736099891644;884.9091077027466;1.9875620260526572;-4.366114418296306;91.53522181510924;105.4056272506714;161.37316703796387;5.550230145454407;True;True;False;False;1.2201784067027328;4.230593053078915;0.22328058521284036;0.2360334151621321
93.0953423176738;45.1120926804678;161.6049274780965;4.981773416265862;93.0953423176738;109.1585494478165;161.6049274780965;4.981773416265862;93.0953423176738;109.1585494478165;124.18034235076988;885.0083072854341;1.904657682326203;-4.1585494478164975;91.71072340011597;105.27940964698792;161.59114480018616;5.512895733118057;True;True;False;False;1.2221412458528886;4.225973700967959;0.22121547524324403;0.24140156891100034
92.97284961682116;44.95442112731959;161.6635903603338;4.869732203690016;92.97284961682116;109.1692027162496;161.6635903603338;4.869732203690016;92.97284961682116;109.1692027162496;123.6045625541948;885.5072470447828;2.027150383178835;-4.1692027162496;91.80308246612547;105.052978515625;161.72925114631653;5.457176864147186;True;True;False;False;1.224422573661328;4.223565658318401;0.2212803277651253;0.24748556836073204
93.1896977340152;44.86013604713527;161.9638637763179;4.849009152322505;93.1896977340152;109.55107421670108;161.9638637763179;4.849009152322505;93.1896977340152;109.55107421670108;122.2849258577919;885.3438375281519;1.810302265984788;-4.551074216701082;91.62311434745789;105.05210041999815;161.83226704597473;5.260858535766602;True;True;False;False;1.2304007345212926;4.22544540415964;0.22151255525134808;0.24993154402322995
93.21725643818108;44.68274306575445;162.29352596401878;4.912650898641513;93.21725643818108;109.4263679090717;162.29352596401878;4.912650898641513;93.21725643818108;109.4263679090717;121.92752857749052;885.5300937552847;1.7827435618189185;-4.4263679090717005;91.85143303871156;105.41007995605467;161.99350476264954;5.131339579820633;True;True;False;False;1.2326215227991377;4.223910138596812;0.2233479813899724;0.24825444320895196
93.09840687973;44.35354714583932;162.51939166223804;5.080644488177902;93.09840687973;109.57581518871308;162.51939166223804;5.080644488177902;93.09840687973;109.57581518871308;121.03845163033156;886.0054920137627;1.9015931202700076;-4.575815188713065;91.89821410179138;105.31895852088928;162.18968868255615;5.075191259384155;True;True;False;False;1.23330677471647;4.2222989842406315;0.2249730247050495;0.24755637177565953
93.07413071496164;43.98538889234032;162.56394682003616;4.917497115738346;93.07413071496164;109.30361099526168;162.56394682003616;4.917497115738346;93.07413071496164;109.30361099526168;120.9727513254059;886.3075900926688;1.9258692850383452;-4.3036109952616926;91.80601406097412;105.44532132148744;162.4292767047882;5.086684823036194;True;True;False;False;1.2344556300323497;4.216474685538767;0.2249327884871059;0.24806147090246822
93.4455385438838;43.76876379028335;162.71982714466355;5.293839973839829;93.4455385438838;109.13835785936698;162.71982714466355;5.293839973839829;93.4455385438838;109.13835785936698;120.7294427978271;885.8215570061628;1.5544614561161865;-4.138357859366977;91.77505946159364;105.233402967453;162.6292109489441;5.117788910865784;True;True;False;False;1.2397235075846114;4.214104236390304;0.22393959671333194;0.2481703650860497
93.71601518036454;43.90985986303022;162.89776476215923;5.151010688209219;93.71601518036454;109.50142627492131;162.89776476215923;5.151010688209219;93.71601518036454;109.50142627492131;119.4515249188028;885.4878652606835;1.2839848196354635;-4.501426274921329;92.14819478988647;105.10553979873656;162.79767394065857;5.1736487448215485;True;True;False;False;1.245587914731296;4.213481133229481;0.22400571114608908;0.24811312369268732
93.79205398671304;43.77630543184048;163.03039372140017;5.015220660899559;93.79205398671304;109.15430520883422;163.03039372140017;5.015220660899559;93.79205398671304;109.15430520883422;119.54557688098753;885.5069856239379;1.207946013286957;-4.1543052088342165;92.34707999229433;105.39314723014832;162.91739583015442;5.18369659781456;True;True;False;False;1.2503907249709103;4.2057599151394545;0.22406903410481382;0.24847921733478504
93.70672071616112;43.79121198862911;163.14735887763004;5.026236633732722;93.70672071616112;109.2526930481644;163.14735887763004;5.026236633732722;93.70672071616112;109.2526930481644;118.79489384114927;885.83871163348;1.293279283838885;-4.252693048164389;92.45463633537292;105.07722640037537;163.0155599117279;5.242023319005966;True;True;False;False;1.252554873485316;4.204186356278298;0.2243381567323731;0.24928189249095106
93.83632959265466;43.67597498592275;163.34270734201905;5.048894061448357;93.83632959265466;109.25124787565764;163.34270734201905;5.048894061448357;93.83632959265466;109.25124787565764;118.23075844640756;885.7519311183381;1.163670407345336;-4.251247875657626;92.3441207408905;105.19054222106934;163.17022800445557;5.146816223859787;True;True;False;False;1.2538907147850795;4.201940935859093;0.2245501530363513;0.24817221338600085
93.46897742939596;43.78175844423616;163.462656359198;4.838383381292426;93.46897742939596;109.36077108318725;163.462656359198;4.838383381292426;93.46897742939596;109.36077108318725;117.44487898126064;886.6417914991682;1.5310225706040512;-4.360771083187245;92.49707531929016;105.1920771598816;163.29540491104126;5.098255425691605;True;True;False;False;1.2527178063347488;4.199542202667412;0.2244935133930919;0.24934546818586187
93.41036201758764;43.59773247419507;163.74959316653437;4.411629756121036;93.41036201758764;109.63690046740346;163.74959316653437;4.411629756121036;93.41036201758764;109.63690046740346;116.31118406840322;886.9631586655321;1.58963798241237;-4.636900467403464;92.1271481513977;105.29135036468506;163.45980286598206;5.066187530755997;True;True;False;False;1.2548775061434352;4.200418828418476;0.22612047524403758;0.25652416612152207
93.78328627016158;43.2928459405984;163.74696765352192;4.287270667845321;93.78328627016158;109.52572486865174;163.74696765352192;4.287270667845321;93.78328627016158;109.52572486865174;115.91528187025288;886.4292618913724;1.2167137298384176;-4.525724868651736;92.06570219993591;105.51986265182497;163.6489450931549;4.945275634527206;True;True;False;False;1.2587008676901534;4.197313541491075;0.2262862431811523;0.2612258143892395
93.81032149552516;43.023068168775;163.7371733786969;4.216906419231277;93.81032149552516;109.30815581648712;163.7371733786969;4.216906419231277;93.81032149552516;109.30815581648712;115.7469899920952;886.5374199379571;1.1896785044748412;-4.30815581648713;92.4296417236328;105.39747548103333;163.7753415107727;4.73129078745842;True;True;False;False;1.2626601198010314;4.19233576712445;0.22629439473687363;0.26472369443645527
93.6565035397336;42.99499074605823;164.00082258713493;4.332088187314837;93.6565035397336;109.35884917698658;164.00082258713493;4.332088187314837;93.6565035397336;109.35884917698658;115.07118249556468;887.0036796501369;1.343496460266394;-4.358849176986581;92.43329238891602;105.18827438354492;163.8614809513092;4.536880403757095;True;True;False;False;1.2633907890972127;4.191612628910095;0.22564117037036857;0.2651373813957878
93.79463634472206;43.14814594615339;164.0561870385308;4.320047596614284;93.79463634472206;109.28848561975823;164.0561870385308;4.320047596614284;93.79463634472206;109.28848561975823;114.63072971975647;886.9065469015288;1.2053636552779352;-4.288485619758234;92.2687497138977;105.26175785064696;163.9932668209076;4.488029479980469;True;True;False;False;1.2665379619382018;4.1872187598797845;0.22466922718970916;0.2654784793056491
94.23474672292755;43.06266177371472;164.1571009882209;4.383553072157325;94.23474672292755;109.30534246179349;164.1571009882209;4.383553072157325;94.23474672292755;109.30534246179349;114.02521795305157;886.1870412991549;0.7652532770724463;-4.305342461793487;92.42812752723694;105.15579175949097;164.07789826393127;4.480055123567581;True;True;False;False;1.2732237829498871;4.186381175240273;0.2247757662539063;0.2637293555411639
94.07007658547025;43.183649006657774;164.37962440186683;4.399883267796723;94.07007658547025;109.2983735471788;164.37962440186683;4.399883267796723;94.07007658547025;109.2983735471788;113.46511012070845;886.6184153443459;0.9299234145297676;-4.298373547178812;92.84820294380188;105.20284938812256;164.17948484420776;4.504578113555908;True;True;False;False;1.2733320513494342;4.182749393064689;0.2255832924126695;0.26333528558730956
94.07855287002792;43.03127997843017;164.49612073090316;4.1886419262829095;94.07855287002792;109.32572441620104;164.49612073090316;4.1886419262829095;94.07855287002792;109.32572441620104;112.83729190970682;886.7254525638344;0.92144712997208;-4.325724416201027;92.73311710357666;105.2113676071167;164.32145953178406;4.509865939617157;True;True;False;False;1.2754380745638376;4.179702373018937;0.225860306775794;0.26510611809374596
94.1642760433515;43.22816973884051;164.78497887172114;4.197165813852657;94.1642760433515;109.3565326703233;164.78497887172114;4.197165813852657;94.1642760433515;109.3565326703233;112.1989121459688;886.6768658345169;0.8357239566484935;-4.356532670323304;92.69677639007568;105.199848651886;164.4341266155243;4.4922322034835815;True;True;False;False;1.2783750168200856;4.18089565077224;0.22782060019512015;0.26653985770091576
93.8869377816443;43.188380683600045;164.69624806824393;4.230486694562416;93.8869377816443;109.2155161610777;164.69624806824393;4.230486694562416;93.8869377816443;109.2155161610777;111.90007414175022;887.3429722188177;1.1130622183556935;-4.215516161077701;92.75393557548524;105.253972530365;164.61289644241333;4.429524093866348;True;True;False;False;1.2797173467428287;4.17443877509508;0.2258020413600989;0.2667266090867166
93.8963699686578;43.05909082989557;164.5916438237942;4.212536486523042;93.8963699686578;109.41255847407037;164.5916438237942;4.212536486523042;93.8963699686578;109.41255847407037;110.9439206942879;887.4725161405715;1.1036300313421918;-4.412558474070352;92.49755239486694;105.1145281791687;164.74233508110046;4.355592876672745;True;True;False;False;1.281944087851157;4.171928722666797;0.22462817882746317;0.2668797008306495
93.77056120715768;43.066393982851736;164.56952450605792;4.116575436448156;93.77056120715768;109.6225704105449;164.56952450605792;4.116575436448156;93.77056120715768;109.6225704105449;109.93555569146277;887.8712843344174;1.2294387928423305;-4.622570410544896;92.52852082252502;105.31216883659364;164.7854244709015;4.351319670677185;True;True;False;False;1.2820667680013076;4.170313577618413;0.225295323661335;0.2678114508963715
93.58940082264456;42.73292600896033;164.45518284092435;3.921359405228784;93.58940082264456;109.60756553020032;164.45518284092435;3.921359405228784;93.58940082264456;109.60756553020032;109.34922273074592;888.3975302758226;1.4105991773554507;-4.607565530200333;92.37699055671692;105.46343636512756;164.7990620136261;4.328801333904266;True;True;False;False;1.2818903999168796;4.168854009818774;0.227645069158862;0.270596258377622
93.53130904128729;42.51383882991095;164.66485401032978;4.003807775179169;93.53130904128729;109.65803929018166;164.66485401032978;4.003807775179169;93.53130904128729;109.65803929018166;108.63393314008988;888.7017937288513;1.4686909587127133;-4.658039290181662;92.20593476295473;105.45201420783997;164.7363817691803;4.248972535133362;True;True;False;False;1.2821216874924486;4.169167182571835;0.22761684273059907;0.2716038304513784
93.3966376294352;42.252468771896176;165.04057507509677;4.115826577420832;93.3966376294352;109.69877795282122;165.04057507509677;4.115826577420832;93.3966376294352;109.69877795282122;107.9313839094532;889.1669620137171;1.6033623705647957;-4.698777952821217;92.15933346748352;105.51497435569765;164.75324511528015;4.166980087757111;True;True;False;False;1.2846054490078125;4.165443938205889;0.2291603427609666;0.27141387206645345
93.22960235947023;42.4195772552042;165.06963479188772;4.102848710019948;93.22960235947023;109.43655658571254;165.06963479188772;4.102848710019948;93.22960235947023;109.43655658571254;107.82932291662772;889.7148142030557;1.770397640529751;-4.4365565857125375;92.06547403335573;105.58744835853577;164.8794186115265;4.12368580698967;True;True;False;False;1.285993639863267;4.163544910221308;0.22928754172567042;0.27132331482225347
93.0608921062718;42.54083889584801;165.1702990592181;4.498964403040615;93.0608921062718;109.55095817408576;165.1702990592181;4.498964403040615;93.0608921062718;109.55095817408576;107.00897886178628;890.2882877281899;1.939107893728206;-4.550958174085764;91.92726039886476;105.33853936195374;164.99823570251465;4.164386987686157;True;True;False;False;1.2875627532994045;4.163213073423144;0.22886860370229473;0.27312777460887266
93.07651348299302;42.51955430460386;165.142217514129;4.1024088834379455;93.07651348299302;109.43995511530149;165.142217514129;4.1024088834379455;93.07651348299302;109.43995511530149;106.62419055614342;890.5155926939111;1.923486517006978;-4.439955115301473;91.75609397888184;105.48204231262208;165.1504123210907;4.236588925123215;True;True;False;False;1.2889342558408758;4.159685261558088;0.2284714276327434;0.2732882152512563
93.05358023689524;42.60683297505439;165.19065670852476;4.075435393676011;93.05358023689524;109.42723947680396;165.19065670852476;4.075435393676011;93.05358023689524;109.42723947680396;106.05762781776494;890.817924055041;1.946419763104771;-4.427239476803948;91.75541639328004;105.35100555419922;165.25493621826172;4.2673832178115845;True;True;False;False;1.2922946911575028;4.158060079857783;0.22534776511179697;0.2738793772600973
92.79415337058678;42.56272786315035;165.30342953048202;4.098194808496263;92.79415337058678;109.39937301954036;165.30342953048202;4.098194808496263;92.79415337058678;109.39937301954036;105.52306213538492;891.5963004227385;2.205846629413216;-4.399373019540363;91.7353515625;105.35094332695007;165.30961751937866;4.283268004655838;True;True;False;False;1.292725895251499;4.157275518927576;0.22522598499211846;0.27433563545519213
92.91376890813709;42.5608442942526;165.30398428955917;3.946452354650362;92.91376890813709;109.09360614225476;165.30398428955917;3.946452354650362;92.91376890813709;109.09360614225476;105.54801282068404;891.6511822315597;2.086231091862913;-4.093606142254771;91.50567770004272;105.31684279441832;165.40260195732117;4.136215299367905;True;True;False;False;1.2954429722325789;4.155540697362655;0.22476279765406648;0.27423871385585685
92.80892153545206;42.7687541039333;165.68067310248404;3.892334414787453;92.80892153545206;108.9075267855655;165.68067310248404;3.892334414787453;92.80892153545206;108.9075267855655;105.37435738176195;892.1390411225115;2.1910784645479424;-3.9075267855654943;91.6090371608734;105.04720520973206;165.46141386032104;4.104978442192078;True;True;False;False;1.293962885136263;4.155107246001003;0.22536616830962364;0.2746332901624391
92.9647864259536;42.63027538175553;165.73112110123142;4.029290110559589;92.9647864259536;108.79570171687482;165.73112110123142;4.029290110559589;92.9647864259536;108.79570171687482;105.0770039477346;892.1194551367814;2.035213574046395;-3.7957017168748166;91.49566602706908;104.90285873413086;165.59890389442444;4.0622758865356445;True;True;False;False;1.2963134083037617;4.152461689663038;0.2251337643443233;0.274265167951934
93.04278545912258;42.42458270744596;165.9674322581122;3.713471884629912;93.04278545912258;108.5246957437385;165.9674322581122;3.713471884629912;93.04278545912258;108.5246957437385;105.11292233175725;892.2348188803163;1.957214540877416;-3.524695743738505;91.67411994934082;104.8123733997345;165.74039340019226;4.010885953903198;True;True;False;False;1.2994763014408601;4.147447969992665;0.2256567218486659;0.2753273894723943
92.83293195110384;42.20717210006187;166.4188182697338;3.707440172843618;92.83293195110384;108.50721020093346;166.4188182697338;3.707440172843618;92.83293195110384;108.50721020093346;104.67793398486889;892.9154878351375;2.167068048896155;-3.507210200933457;91.77447175979614;104.53414154052734;165.90054273605347;3.983127325773239;True;True;False;False;1.3003802019770048;4.145070133862119;0.2310019482313603;0.27657788953605394
92.71051031414936;42.46780820037866;166.60343006496493;3.561453042041048;92.71051031414936;108.24109546531668;166.60343006496493;3.561453042041048;92.71051031414936;108.24109546531668;104.7425354293113;893.4492735155659;2.2894896858506257;-3.2410954653166755;91.59040355682372;104.55104660987854;166.16678953170776;3.9472173154354095;True;True;False;False;1.3017209182828031;4.139948345249426;0.23427376806202024;0.2789985086780759
92.68125302096112;42.170144691126765;166.90968434358092;3.669651425367446;92.68125302096112;108.5149734970442;166.90968434358092;3.669651425367446;92.68125302096112;108.5149734970442;103.76263330381404;893.8130533933892;2.318746979038892;-3.5149734970441955;91.46816158294678;104.294504404068;166.41121625900269;3.818724453449249;True;True;False;False;1.3035322433957508;4.140245100297001;0.2388570897671297;0.27854869183160774
92.72898063282302;41.98063615595041;166.7984614169399;3.827491583626414;92.72898063282302;108.54579457954397;166.7984614169399;3.827491583626414;92.72898063282302;108.54579457954397;103.23232800587527;894.0267644335372;2.271019367176976;-3.5457945795439656;91.41641616821288;104.5697147846222;166.70855402946472;3.788343220949173;True;True;False;False;1.3052978454055355;4.137410806688492;0.23873565412071399;0.27791594809323694
92.68561349759592;41.97397905206472;166.96902187995735;3.91370212129211;92.68561349759592;108.38202208426392;166.96902187995735;3.91370212129211;92.68561349759592;108.38202208426392;103.0871003858295;894.4163012862816;2.3143865024040764;-3.382022084263923;91.49693131446838;104.57925629615784;166.8939983844757;3.778795301914215;True;True;False;False;1.3038158979044514;4.134851228235434;0.23882742110496546;0.27807761196164377
92.8020158717888;42.097157973779325;166.94965999103118;3.9201519182854296;92.8020158717888;108.25777391640712;166.94965999103118;3.9201519182854296;92.8020158717888;108.25777391640712;102.88466044364124;894.492081404883;2.197984128211204;-3.2577739164071176;91.4349045753479;104.43983268737792;167.02004075050354;3.847479671239853;True;True;False;False;1.3059881423125326;4.130100531385321;0.23862010390343102;0.2775203213398193
92.73894865864182;41.7774136372231;167.18046863520885;3.650978928659266;92.73894865864182;108.47117666372368;167.18046863520885;3.650978928659266;92.73894865864182;108.47117666372368;102.0234850934872;894.9112803816051;2.2610513413581828;-3.471176663723668;91.53777313232422;104.33580255508424;167.0884382724762;3.912530094385147;True;True;False;False;1.3065323577245518;4.127116915136063;0.23815340243670488;0.27482638244219804
92.8626519942172;41.811736384168015;167.15605904328868;3.682606486307956;92.8626519942172;108.57224691571297;167.15605904328868;3.682606486307956;92.8626519942172;108.57224691571297;101.35852103434549;894.9653472226355;2.1373480057827976;-3.5722469157129524;91.49076390266418;104.52727580070496;167.15961575508118;3.8966354727745056;True;True;False;False;1.3087343161462843;4.124146470152611;0.23781935187035594;0.2705496388131997
92.86997517539336;41.72123767580569;167.0074361184027;3.6708988787123618;92.86997517539336;108.32517811469452;167.0074361184027;3.6708988787123618;92.86997517539336;108.32517811469452;101.3763590476206;895.2356805943875;2.130024824606636;-3.3251781146945234;91.57517862319946;104.63040018081664;167.23551392555237;3.823030441999435;True;True;False;False;1.3097816752712508;4.119531024291416;0.2386869109257953;0.27049549544201895
93.01518576995392;41.52035840258086;166.96185084378408;3.497987182373404;93.01518576995392;108.56532216487788;166.96185084378408;3.497987182373404;93.01518576995392;108.56532216487788;100.4527138652946;895.229262715214;1.984814230046084;-3.565322164877884;91.62473917007446;104.3708987236023;167.25534081459045;3.731358945369721;True;True;False;False;1.3116422906278296;4.119615844202144;0.23890442929038766;0.26993301163004757
93.22178772447477;41.4885554168549;167.40820846549602;3.545435585293117;93.22178772447477;108.53297484833315;167.40820846549602;3.545435585293117;93.22178772447477;108.53297484833315;100.04203220973366;895.0807007035118;1.7782122755252343;-3.5329748483331684;91.72109460830688;104.60712027549744;167.24441766738892;3.707152307033539;True;True;False;False;1.3143626330225437;4.114934779099851;0.239280378370319;0.26968266308911054
93.3348957544147;41.513645089299416;167.5194682247616;3.6126611067022383;93.3348957544147;108.4769026227327;167.5194682247616;3.6126611067022383;93.3348957544147;108.4769026227327;99.68311334782352;895.0915796137019;1.6651042455852971;-3.4769026227326947;91.95753049850464;104.56602263450624;167.30597019195557;3.6540544033050537;True;True;False;False;1.314100085917526;4.111141055854227;0.24004936764818788;0.26745243225549103
93.429288126008;41.33220543379175;167.27689488881308;3.7523303424892247;93.429288126008;108.40143632060588;167.27689488881308;3.7523303424892247;93.429288126008;108.40143632060588;99.3704589357128;895.1248087699267;1.5707118739919963;-3.4014363206058817;92.05255150794984;104.52079725265504;167.39596486091614;3.610379844903946;True;True;False;False;1.3139773414895122;4.109485764492323;0.24020940558272058;0.26708183738607877
93.4409786535734;41.2697968380568;167.37826912582562;3.684555345651503;93.4409786535734;108.06748265307778;167.37826912582562;3.684555345651503;93.4409786535734;108.06748265307778;99.58484142802156;895.3108559646615;1.55902134642659;-3.067482653077775;92.10017609596252;104.47485280036926;167.4454402923584;3.650151640176773;True;True;False;False;1.3157963706950986;4.103316777051553;0.23936966753496197;0.2664910027511214
93.68803786512083;41.34079845247835;167.4684222481933;3.504024225008996;93.68803786512083;108.31209268046636;167.4684222481933;3.504024225008996;93.68803786512083;108.31209268046636;98.68662368616737;895.0246070544235;1.3119621348791526;-3.3120926804663497;92.16523122787476;104.1646637916565;167.53074049949646;3.688928484916687;True;True;False;False;1.3188214798343223;4.104291318197954;0.23842484916985224;0.26675382405525155
93.94243955089784;41.43323023244236;167.27442880182306;3.4289178183147526;93.94243955089784;108.20442112731814;167.27442880182306;3.4289178183147526;93.94243955089784;108.20442112731814;98.46035443506828;894.6907319675202;1.057560449102155;-3.2044211273181418;92.36249160766602;104.35178804397584;167.55593061447144;3.6898021399974814;True;True;False;False;1.3214641099463615;4.099438665812584;0.23671456019834936;0.2678704975749517
94.13347841819473;41.095594608414565;167.42562751472502;3.3639049806446213;94.13347841819473;108.16013604713382;167.42562751472502;3.3639049806446213;94.13347841819473;108.16013604713382;98.12166844512782;894.4496622928067;0.8665215818052872;-3.1601360471338182;92.57311701774596;104.23171019554138;167.5024950504303;3.6061541736125946;True;True;False;False;1.3226659665397051;4.096579974373556;0.23144129122678464;0.2678469546105775
94.06379716659858;41.016362738301375;167.61071623809153;3.315825800911098;94.06379716659858;108.03274306575298;167.61071623809153;3.315825800911098;94.06379716659858;108.03274306575298;97.95510293493832;894.7045610069064;0.936202833401424;-3.0327430657529817;92.77907538414;104.17363834381104;167.51705050468445;3.5067886114120483;True;True;False;False;1.3234884595736016;4.091527201447915;0.2273746844899435;0.267794836559502
93.94094980517808;40.74925728268727;167.40736070311846;3.2898684526173088;93.94094980517808;107.75354714583786;167.40736070311846;3.2898684526173088;93.94094980517808;107.75354714583786;98.10912903266818;895.0750827742008;1.0590501948219213;-2.7535471458378566;92.75092792510986;104.07275414466858;167.57184982299805;3.456406742334366;True;True;False;False;1.3223066738724663;4.085610087361946;0.22416698559857473;0.26818448001072964
94.09642308940178;40.59655599460543;167.3801867030236;3.156958084180389;94.09642308940178;107.43538889233884;167.3801867030236;3.156958084180389;94.09642308940178;107.43538889233884;98.37830592022117;894.9053428983964;0.9035769105982184;-2.4353888923388496;92.5822298526764;103.81838297843932;167.55781888961792;3.415694087743759;True;True;False;False;1.32603241489907;4.08159413915431;0.2247752018559876;0.26910531241382557
94.09377025405576;40.879266199505466;167.3610339781362;3.00859054027785;94.09377025405576;107.26876379028188;167.3610339781362;3.00859054027785;94.09377025405576;107.26876379028188;98.38683760535658;895.0311254905015;0.9062297459442306;-2.2687637902818807;92.74864625930786;103.54932618141174;167.5717842578888;3.382408320903778;True;True;False;False;1.3283151934747628;4.0757735444425816;0.2250793365622244;0.2703027381145886
94.08008574879452;40.58281394101961;167.54394564857938;3.250535429883301;94.08008574879452;107.45985986302875;167.54394564857938;3.250535429883301;94.08008574879452;107.45985986302875;97.70214362115858;895.1793251338165;0.9199142512054834;-2.459859863028754;92.74701452255248;103.3840229511261;167.56832242012024;3.326145261526108;True;True;False;False;1.3298951487633932;4.072776874220527;0.22308156622596;0.26885015625394154
94.13289659987808;40.638274123365896;167.92120267708347;3.249358130603192;94.13289659987808;107.376305431839;167.92120267708347;3.249358130603192;94.13289659987808;107.376305431839;97.5412711684676;895.1963586651435;0.867103400121934;-2.3763054318390004;92.74523758888245;103.56128764152528;167.58779525756836;3.2776647806167603;True;True;False;False;1.3318549816135927;4.070265494010543;0.22483208164955976;0.26883283497155674
94.0957379631018;40.48638452147711;167.7052627601364;3.155816596976128;94.0957379631018;107.44121198862764;167.7052627601364;3.155816596976128;94.0957379631018;107.44121198862764;97.09461733064514;895.386289725379;0.9042620368982028;-2.4412119886276287;92.81545758247375;103.51618671417236;167.73231387138367;3.280533254146576;True;True;False;False;1.3328775587688055;4.069359075501281;0.22461093756094275;0.26861863233514427
93.7503943405436;40.59953602890976;167.65612600043437;3.085481862623676;93.7503943405436;107.37597498592126;167.65612600043437;3.085481862623676;93.7503943405436;107.37597498592126;96.89959640424084;896.1975452420818;1.2496056594563925;-2.3759749859212604;92.74111676216124;103.55962133407591;167.81086087226868;3.3407892286777496;True;True;False;False;1.3303995325715843;4.065187427931785;0.2246452506865289;0.2684007644944959
93.7049079842296;40.66442848612913;167.83020020925088;3.1825344539588247;93.7049079842296;107.53175844423468;167.83020020925088;3.1825344539588247;93.7049079842296;107.53175844423468;96.27123282282452;896.4551320426373;1.2950920157703931;-2.531758444234669;92.42538261413574;103.51140904426576;167.8718888759613;3.2986095547676086;True;True;False;False;1.3295972906510158;4.064160267871887;0.22161007177889905;0.26853975923927614
93.83595066169131;40.61521269209634;168.06415132196605;3.1454074228196878;93.83595066169131;107.3977324741936;168.06415132196605;3.1454074228196878;93.83595066169131;107.3977324741936;96.20171697034206;896.36572562315;1.1640493383086865;-2.397732474193589;92.38029551506042;103.6291913986206;167.92483925819397;3.257852643728256;True;True;False;False;1.3321010739177441;4.061981993490199;0.2201594807555169;0.26811630439657325
93.74607925064704;40.62640851642547;168.3227312399569;3.2397647368334264;93.74607925064704;107.14284594059691;168.3227312399569;3.2397647368334264;93.74607925064704;107.14284594059691;96.3917923743096;896.7006750236797;1.2539207493529716;-2.1428459405969136;92.55236768722534;103.5216281414032;167.96959400177002;3.2374143600463867;True;True;False;False;1.32898057590523;4.0560479857159235;0.22100425786766612;0.26730586045790106
93.85706788651136;40.69155128817831;168.5662382345444;2.9768465459512647;93.85706788651136;106.92306816877353;168.5662382345444;2.9768465459512647;93.85706788651136;106.92306816877353;96.5456351258768;896.645887185198;1.1429321134886266;-1.9230681687735116;92.46376299858092;103.337553024292;168.14669847488403;3.2718802988529205;True;True;False;False;1.3307425120214218;4.052148640467373;0.22352849645412223;0.2686507236009514
93.66420436014889;40.71427302358078;168.4531774093951;2.992484764514988;93.66420436014889;106.94499074605672;168.4531774093951;2.992484764514988;93.66420436014889;106.94499074605672;96.24538088214057;897.1840051863882;1.3357956398511135;-1.944990746056732;92.57278513908386;103.11412262916564;168.36323380470276;3.2508568465709686;True;True;False;False;1.3293884171450516;4.0482163546341265;0.22089910912405875;0.2696590243283487
93.85439052562872;40.89894412716711;168.6909779798575;3.0305730405709284;93.85439052562872;107.14814594615189;168.6909779798575;3.0305730405709284;93.85439052562872;107.14814594615189;95.57973838247602;896.9817389407419;1.1456094743712697;-2.1481459461518853;92.40369987487792;103.1194326877594;168.50611329078674;3.2193249464035034;True;True;False;False;1.3302098416033568;4.047015757152236;0.21831117502067698;0.2690810769667107
93.83021805480573;40.90289925533259;168.8215887667311;2.988449918585122;93.83021805480573;107.11266177371324;168.8215887667311;2.988449918585122;93.83021805480573;107.11266177371324;95.36428726786642;897.1828318123041;1.1697819451942877;-2.112661773713228;92.54084873199464;103.32487940788268;168.64705204963684;3.1333117187023163;True;True;False;False;1.330014552672702;4.044421745527644;0.21886954777814496;0.26737512431994775
93.96671522865614;40.620945119078776;168.73647017636193;3.0838183854655163;93.96671522865614;107.28364900665628;168.73647017636193;3.0838183854655163;93.96671522865614;107.28364900665628;94.74062456548522;897.0658083906292;1.0332847713438582;-2.283649006656276;92.51083445549013;103.27751064300536;168.75179886817932;3.131908625364304;True;True;False;False;1.3319236949540096;4.04318499488411;0.21800945969035215;0.26602540958297244
94.0639408423867;40.56554512604743;168.81602323596036;3.304191326827532;94.0639408423867;107.18127997842868;168.81602323596036;3.304191326827532;94.0639408423867;107.18127997842868;94.64087608771958;897.0091284660139;0.9360591576133004;-2.1812799784286767;92.66565585136414;103.4354088306427;168.8047230243683;3.1401075422763824;True;True;False;False;1.3330278262512587;4.041658631700944;0.21749878927031405;0.264826119368885
94.09051437721484;40.38846435753649;168.80131418181705;3.213149943428044;94.09051437721484;107.42816973883902;168.80131418181705;3.213149943428044;94.09051437721484;107.42816973883902;93.85625923644174;897.0807892840394;0.9094856227851552;-2.428169738839017;92.76107096672058;103.34959745407104;168.8742220401764;3.1692758202552795;True;True;False;False;1.3353906903419976;4.043344669687659;0.21754571528328928;0.26484116214980646
94.00035266068856;40.3921551994944;169.04070911422085;3.03087442820061;94.00035266068856;107.43838068359854;169.04070911422085;3.03087442820061;94.00035266068856;107.43838068359854;93.51208138174415;897.3823774667967;0.9996473393114512;-2.438380683598538;92.76107788085938;103.59731030464172;168.89334082603455;3.230461180210113;True;True;False;False;1.336047548585575;4.041284364040766;0.21511403067516735;0.2655209598068751
94.23136832902269;40.56214416307896;169.2379173083124;3.001472278856768;94.23136832902269;107.35909082989406;169.2379173083124;3.001472278856768;94.23136832902269;107.35909082989406;93.34554366467331;897.0536324420366;0.768631670977328;-2.3590908298940576;92.65756630897522;103.58847403526306;168.95127415657043;3.250492960214615;True;True;False;False;1.3353992881597452;4.03723704674077;0.21642817999668632;0.2665369284881878
94.20412529330603;40.7486374684162;169.20604944628477;3.1593389337603366;94.20412529330603;107.41639398285022;169.20604944628477;3.1593389337603366;94.20412529330603;107.41639398285022;92.91639191477512;897.2106027362669;0.7958747066939651;-2.416393982850224;92.9332537651062;103.48391842842102;169.06727194786072;3.1591935455799103;True;True;False;False;1.3349444307873273;4.036523392753135;0.21543859259142958;0.26651534248628694
94.17415540347363;40.80866083814741;169.23708953520318;3.172712893067579;94.17415540347363;107.1329260089588;169.23708953520318;3.172712893067579;94.17415540347363;107.1329260089588;93.16114199817792;897.3766591434909;0.8258445965263661;-2.1329260089588047;92.87109565734865;103.54878687858582;169.17141556739807;3.105476051568985;True;True;False;False;1.3337861552643437;4.031569951945504;0.21507949714198918;0.26644087226994767
94.06621896109164;40.93359927419197;169.35827371282542;3.370495236893531;94.06621896109164;106.96383882990943;169.35827371282542;3.370495236893531;94.06621896109164;106.96383882990943;93.21492622174884;897.7026446411251;0.93378103890835;-1.9638388299094345;92.8915753364563;103.29423594474792;169.25936460494995;3.1342345476150517;True;True;False;False;1.3310540759262317;4.02783241088672;0.2148394746169051;0.2672877992245635
94.26011814146165;40.97512188383711;169.335530845608;3.263201488349171;94.26011814146165;106.75246877189466;169.335530845608;3.263201488349171;94.26011814146165;106.75246877189466;93.37582116045712;897.4393504189062;0.7398818585383538;-1.7524687718946552;92.80882000923155;103.16502451896667;169.33393836021423;3.2132716476917267;True;True;False;False;1.3334698052476706;4.020980929857853;0.21468952799582694;0.26714289649609985
94.13776161349573;41.23109215047159;169.62275304084065;3.258665467957284;94.13776161349573;106.96957725520268;169.62275304084065;3.258665467957284;94.13776161349573;106.96957725520268;92.7079416909218;897.7827143893098;0.8622383865042735;-1.9695772552026651;92.93833565711977;102.99616742134094;169.35940384864807;3.259495049715042;True;True;False;False;1.3324798064671903;4.01861852150959;0.21213740517200386;0.26668049627426305
94.28141099177016;41.47058024253007;169.82425955468386;3.269355308725637;94.28141099177016;107.14083889584649;169.82425955468386;3.269355308725637;94.28141099177016;107.14083889584649;92.10280810894048;897.6103807509616;0.7185890082298414;-2.140838895846485;92.84869384765624;103.1609935760498;169.47597861289978;3.292952924966812;True;True;False;False;1.3345897233340402;4.015365107321561;0.21318116680423227;0.26477505711804117
94.41367084650848;41.681787689434685;169.98995016835906;3.296458919862345;94.41367084650848;107.16955430460231;169.98995016835906;3.296458919862345;94.41367084650848;107.16955430460231;91.75993210531593;897.441672909249;0.5863291534915334;-2.169554304602329;92.97450351715088;103.31806206703186;169.6422517299652;3.246822953224182;True;True;False;False;1.3385367888285271;4.013877598047374;0.21461153824941712;0.2624396076495493
94.51718163970791;41.60338336384935;169.80830419556577;2.880692236221393;94.51718163970791;107.30683297505286;169.80830419556577;2.880692236221393;94.51718163970791;107.30683297505286;91.19610085713455;897.3128285433156;0.4828183602920859;-2.306832975052856;93.10753846168518;103.36686205863953;169.8011028766632;3.2339639961719517;True;True;False;False;1.339100863531249;4.010184973010423;0.2144596371430845;0.26169398475388833
94.73745503500632;41.43102767483178;169.86093823978328;2.8232119142628567;94.73745503500632;107.3127278631488;169.86093823978328;2.8232119142628567;94.73745503500632;107.3127278631488;90.8767333509356;896.9366575340911;0.2625449649936655;-2.312727863148808;93.22094416618349;103.43112206459044;169.89744424819946;3.179535120725632;True;True;False;False;1.3418718246467134;4.008369235000882;0.21446878768874694;0.2605366535314197
94.54866409460551;41.47569217757312;170.10512859435264;2.802186930964049;94.54866409460551;107.36084429425104;170.10512859435264;2.802186930964049;94.54866409460551;107.36084429425104;90.4721367736446;897.3492454102252;0.4513359053944725;-2.360844294251052;93.40976929664612;103.4701316356659;169.93056774139404;3.074924349784851;True;True;False;False;1.3400007700123324;4.004907338351651;0.2139379961304612;0.2604119679469349
94.27034267600597;41.38485925566586;170.07243607170565;2.763923077159072;94.27034267600597;107.61875410393176;170.07243607170565;2.763923077159072;94.27034267600597;107.61875410393176;89.64153791504971;897.9660663681436;0.7296573239940329;-2.618754103931764;93.2055048942566;103.48002576828004;169.98621940612793;2.9148323833942413;True;True;False;False;1.3389853812169636;4.004197125484063;0.21360280268701173;0.25987058473930547
94.36036143162848;41.29773667109887;170.1588695044125;2.656436265584569;94.36036143162848;107.530275381754;170.1588695044125;2.656436265584569;94.36036143162848;107.530275381754;89.46932814554768;897.8833165000977;0.6396385683715096;-2.530275381753995;92.9172821044922;103.74055051803587;170.0267517566681;2.874704897403717;True;True;False;False;1.3390993981412838;4.001041316967895;0.21376215295751946;0.2598610933448616
94.1774045940266;41.12315719808181;170.08580788455254;2.4698979448928657;94.1774045940266;107.3745827074444;170.08580788455254;2.4698979448928657;94.1774045940266;107.3745827074444;89.44334344326633;898.3345153177511;0.8225954059734022;-2.374582707444404;93.02682971954346;103.62997961044312;170.10684609413147;2.8272488713264465;True;True;False;False;1.336805260390426;3.9974694013198717;0.2132001674192721;0.260015412437835
93.98111291964469;40.97770425825252;170.2687749637872;2.591095686032632;93.98111291964469;107.20717210006032;170.2687749637872;2.591095686032632;93.98111291964469;107.20717210006032;89.46155363037525;898.836778053978;1.0188870803553272;-2.207172100060319;92.87647485733032;103.51680898666382;170.15596747398376;2.7584153413772583;True;True;False;False;1.333724275854247;3.992905494572312;0.2134223699023279;0.2581313604982311
93.85899727033974;40.98355935236616;170.49536545592784;2.938299715521184;93.85899727033974;107.51780820037712;170.49536545592784;2.938299715521184;93.85899727033974;107.51780820037712;88.54599181640027;899.216860963302;1.1410027296602578;-2.517808200377118;92.66918897628784;103.38649821281432;170.22210955619812;2.696492373943329;True;True;False;False;1.3341088844622715;3.993373945564373;0.21449798415422686;0.25873914102671536
93.86153670076514;41.250454708487474;170.2807168960725;2.718706026391656;93.86153670076514;107.2701446911252;170.2807168960725;2.718706026391656;93.86153670076514;107.2701446911252;88.7056110748538;899.3639157997392;1.1384632992348571;-2.2701446911252106;92.58943438529968;103.6792151927948;170.3425395488739;2.7028898894786835;True;True;False;False;1.334982674466914;3.988981878896721;0.21192863502086032;0.25850180452832966
93.8634207466211;41.26851430120416;170.4026656192346;2.692391328754966;93.8634207466211;107.13063615594884;170.4026656192346;2.692391328754966;93.8634207466211;107.13063615594884;88.68194218638983;899.5119428145919;1.1365792533788976;-2.1306361559488494;92.57350420951845;103.45272874832152;170.37424683570862;2.793036997318268;True;True;False;False;1.333832543718604;3.9814559902751205;0.20467187539460893;0.2582208496100336
93.8045895770004;41.21708520636312;170.57119744955787;2.9149089480832835;93.8045895770004;107.17397905206316;170.57119744955787;2.9149089480832835;93.8045895770004;107.17397905206316;88.31117157336803;899.7811490542838;1.1954104229995863;-2.17397905206316;92.58306646347046;103.29935240745544;170.44034957885742;2.841860055923462;True;True;False;False;1.3323323913546397;3.981392982718539;0.20093927324003136;0.25502365621647544
93.98105786650068;41.23278815039753;170.32440477965076;2.8345271258543723;93.98105786650068;107.34715797377775;170.32440477965076;2.8345271258543723;93.98105786650068;107.34715797377775;87.67494985633039;899.5876005316832;1.0189421334993227;-2.347157973777769;92.526508808136;103.37814593315125;170.51791310310364;2.797095477581024;True;True;False;False;1.334103907486179;3.97697465935713;0.20086764724724962;0.2505520366630568
93.9726705995084;41.07280257573264;170.44184484139137;2.640457753852256;93.9726705995084;107.07741363722153;170.44184484139137;2.640457753852256;93.9726705995084;107.07741363722153;87.90148413293917;899.740234016801;1.0273294004916096;-2.0774136372215253;92.65672969818117;103.51120853424072;170.4698669910431;2.8218069672584534;True;True;False;False;1.3320306596965281;3.9724404846382657;0.1998214164490555;0.24509831847338961
93.84571294709608;40.865941771842;170.41433265419886;2.652624444025833;93.84571294709608;107.16173638416645;170.41433265419886;2.652624444025833;93.84571294709608;107.16173638416645;87.45585015408646;900.1311265750245;1.1542870529039106;-2.1617363841664456;92.6643214225769;103.24546360969543;170.48956274986267;2.843986004590988;True;True;False;False;1.3332060833854324;3.9707169531807103;0.19798481964943598;0.24246666415495505
93.9778409808664;41.02083509140208;170.5893505042535;2.3996572320820566;93.9778409808664;107.12123767580412;170.5893505042535;2.3996572320820566;93.9778409808664;107.12123767580412;87.24861605292227;900.0207754478711;1.0221590191336103;-2.1212376758041103;92.56939721107484;103.35048937797546;170.4858911037445;2.764435857534409;True;True;False;False;1.3361032180778987;3.967494068167715;0.1945419269330892;0.24328075319470915
93.70562630939524;41.16546717095499;170.59437850763854;2.475305548432541;93.70562630939524;106.97035840257928;170.59437850763854;2.475305548432541;93.70562630939524;106.97035840257928;87.26754290926472;900.7014926600311;1.2943736906047576;-1.9703584025792795;92.6599862575531;103.28140330314636;170.51156640052795;2.6662521064281464;True;True;False;False;1.3324808279619191;3.9621290865978493;0.1921731622496801;0.2408659538776052
93.67062592235038;41.08663719742561;170.83438195930205;2.576699345436837;93.67062592235038;106.98855541685332;170.83438195930205;2.576699345436837;93.67062592235038;106.98855541685332;86.96843442703938;900.9440765928682;1.329374077649618;-1.9885554168533304;92.416650056839;103.14288544654846;170.59298515319824;2.6148687303066254;True;True;False;False;1.3322651313086546;3.957780694570359;0.19344844462394953;0.23963374382565436
93.64826387521268;41.23364663070531;170.7469258860408;2.494832743943161;93.64826387521268;107.06364508929784;170.7469258860408;2.494832743943161;93.64826387521268;107.06364508929784;86.55311435990326;901.1660505641636;1.3517361247873083;-2.063645089297836;92.42722177505492;103.20993876457214;170.707448720932;2.5595399737358093;True;True;False;False;1.3320817836357137;3.9531725956466457;0.19286004916055743;0.2379287802751856
93.72515269783972;41.17282610492695;170.70147939659853;2.5808587260685623;93.72515269783972;106.93220543379016;170.70147939659853;2.5808587260685623;93.72515269783972;106.93220543379016;86.54084099234557;901.1925044022144;1.274847302160282;-1.932205433790159;92.34873938560486;103.2530345916748;170.78102588653564;2.5965940952301025;True;True;False;False;1.332499615827721;3.9484849649979257;0.19068762646912482;0.23749116792629688
93.6868488339034;41.18564434161446;170.88508759302786;2.4942602803759533;93.6868488339034;106.91979683805522;170.88508759302786;2.4942602803759533;93.6868488339034;106.91979683805522;86.30803079264342;901.4390917703752;1.3131511660966029;-1.91979683805522;92.48365497589111;103.15640950202942;170.8059799671173;2.610495537519455;True;True;False;False;1.3314323606108354;3.946084391261677;0.19081459399304443;0.23688683131685379
93.57090162486402;40.97489389692476;170.74845432494132;2.4794449560869487;93.57090162486402;107.04079845247676;170.74845432494132;2.4794449560869487;93.57090162486402;107.04079845247676;85.81005465205963;901.8460730106;1.429098375135979;-2.040798452476764;92.42722177505492;103.15811038017272;170.88469743728638;2.5887541472911835;True;True;False;False;1.3322000809124113;3.942495975942449;0.1911179722216277;0.2361604518943283
93.83218158807536;40.91082530991324;170.87446803613267;2.181078515624748;93.83218158807536;107.18323023244076;170.87446803613267;2.181078515624748;93.83218158807536;107.18323023244076;85.2530846318014;901.5140595341956;1.1678184119246424;-2.1832302324407635;92.28704452514648;103.25636720657349;170.86451649665833;2.5905178487300877;True;True;False;False;1.3339768099455678;3.94212074287595;0.1906434231719999;0.23840096014713347
93.80202403129776;40.80655820043625;170.90186242280387;2.233980053039951;93.80202403129776;106.89559460841298;170.90186242280387;2.233980053039951;93.80202403129776;106.89559460841298;85.53725851553153;901.7300837693408;1.197975968702238;-1.8955946084129776;92.57237029075624;103.33452463150024;170.91481804847717;2.5126707553863525;True;True;False;False;1.3338201897374609;3.9367077757477023;0.190416787279168;0.23660840902716282
93.76850994908892;40.74191509869488;171.04819999499458;2.0955049172155675;93.76850994908892;106.86636273829978;171.04819999499458;2.0955049172155675;93.76850994908892;106.86636273829978;85.34297630796952;901.9568420629188;1.231490050911091;-1.8663627382997845;92.50421071052553;103.08408761024477;170.96795201301575;2.436656206846237;True;True;False;False;1.3329605015402335;3.9326871403085253;0.1892336484161751;0.23798274932827373
93.74532731477056;40.72448115470754;171.12337569045792;2.054908257989772;93.74532731477056;106.64925728268568;171.12337569045792;2.054908257989772;93.74532731477056;106.64925728268568;85.52833885409112;902.1674060050102;1.254672685229437;-1.6492572826856673;92.4586534500122;103.0802571773529;171.00755333900452;2.3340648412704468;True;True;False;False;1.3333741832297104;3.9291586886133874;0.18896032118344386;0.2393046631117439
93.9748958166246;40.56639859610424;171.3767904142709;2.1373490686192915;93.9748958166246;106.54655599460384;171.3767904142709;2.1373490686192915;93.9748958166246;106.54655599460384;85.51384045923002;901.875558692666;1.0251041833753902;-1.5465559946038354;92.4639151096344;102.87461686134338;171.11441135406494;2.3164770007133484;True;True;False;False;1.3342062442034068;3.9272052121689285;0.18994844172492448;0.2398457606391513
93.8762599573046;40.4669300847128;171.32116046605435;2.244281525649958;93.8762599573046;106.87926619950386;171.32116046605435;2.244281525649958;93.8762599573046;106.87926619950386;84.6422125834828;902.2095109690894;1.1237400426953883;-1.87926619950386;92.69838047027588;102.77954745292664;171.2196695804596;2.27236807346344;True;True;False;False;1.331880994908517;3.9290481303414575;0.1881336277686407;0.23828272441874176
93.76183311592358;40.51941992630413;171.4642242129793;2.1801229042226824;93.76183311592358;106.632813941018;171.4642242129793;2.1801229042226824;93.76183311592358;106.632813941018;84.88454827385401;902.588196657544;1.2381668840764206;-1.632813941018;92.58319091796876;103.09678196907043;171.3241147994995;2.285456508398056;True;True;False;False;1.329774262650497;3.925263845177883;0.18609925263861407;0.23601082121412678
93.81646962089938;40.56209275464463;171.72453559312186;2.1465355340851677;93.81646962089938;106.73827412336428;171.72453559312186;2.1465355340851677;93.81646962089938;106.73827412336428;84.45591938369239;902.6440125654692;1.1835303791006169;-1.7382741233642776;92.48762369155884;102.89475083351137;171.42802238464355;2.329319566488266;True;True;False;False;1.329374163231301;3.921355182846816;0.18691436237665496;0.2365208322654276
93.8722346684704;40.54496761997095;171.8094054340102;2.265382045578341;93.8722346684704;106.63638452147548;171.8094054340102;2.265382045578341;93.8722346684704;106.63638452147548;84.42792870435473;902.690286520874;1.127765331529602;-1.6363845214754915;92.54996156692503;102.94610214233398;171.56097531318665;2.3288671672344208;True;True;False;False;1.3278901988441505;3.9189581606447343;0.18780834643973443;0.23484086044168936
93.8921920271047;40.60110322608575;171.81162220937662;2.4530486245019207;93.8921920271047;106.79953602890814;171.81162220937662;2.4530486245019207;93.8921920271047;106.79953602890814;83.88344108662604;902.800740514476;1.1078079728953014;-1.799536028908136;92.60052466392516;102.90596556663512;171.6715443134308;2.3138707876205444;True;True;False;False;1.3270383869584574;3.9190882549244535;0.1882780609024187;0.22969950380778656
93.86828883572414;40.75814871838029;171.77138565583493;2.2344772477295325;93.86828883572414;106.91442848612752;171.77138565583493;2.2344772477295325;93.86828883572414;106.91442848612752;83.41371803499952;902.9962546269566;1.1317111642758562;-1.91442848612752;92.64041924476624;103.02226829528809;171.76612854003906;2.348056435585022;True;True;False;False;1.3275154695085511;3.917006523735946;0.18817461432355032;0.22302902029401794
93.97077950895952;40.84478017302242;171.7952546753702;2.168519180182701;93.97077950895952;106.91521269209473;171.7952546753702;2.168519180182701;93.97077950895952;106.91521269209473;83.15689249158146;902.9421681023892;1.0292204910404903;-1.9152126920947128;92.591135263443;103.11195158958436;171.84270858764648;2.3950617015361786;True;True;False;False;1.3256282906039325;3.910298107165633;0.18781033897121685;0.22060485916518352
93.91099537770724;40.74781875233841;171.93645968041417;2.084437788513021;93.91099537770724;106.97640851642385;171.93645968041417;2.084437788513021;93.91099537770724;106.97640851642385;82.7791391506439;903.1989657636992;1.0890046222927623;-1.9764085164238447;92.673109292984;103.15188765525818;171.8543267250061;2.385362982749939;True;True;False;False;1.3244855897965493;3.908549873447935;0.18578415329687858;0.2214835651783551
93.8413906595889;40.58145782215134;171.8813471037734;2.239822005526818;93.8413906595889;107.09155128817667;171.8813471037734;2.239822005526818;93.8413906595889;107.09155128817667;82.28533247161506;903.4833758162416;1.158609340411104;-2.0915512881766745;92.6492555141449;103.20346021652222;171.8890106678009;2.282022535800934;True;True;False;False;1.3244194338187485;3.905055296950316;0.18310670890813863;0.2215195006376671
94.32775237348145;40.43894283311593;172.19761692779505;2.278836070888936;94.32775237348145;107.16427302357914;172.19761692779505;2.278836070888936;94.32775237348145;107.16427302357914;81.86101549571991;902.6651336338448;0.6722476265185549;-2.164273023579142;92.5654284954071;103.318359375;171.91909193992615;2.253955751657486;True;True;False;False;1.329549539702539;3.9049443117108753;0.1845763572497635;0.22094409736994375
94.3193972209186;40.482003463053296;171.9435536122666;2.2779494671483214;94.3193972209186;107.39894412716546;171.9435536122666;2.2779494671483214;94.3193972209186;107.39894412716546;81.10310355207005;902.7714769558396;0.6806027790813971;-2.398944127165464;93.00944757461548;103.36821722984314;172.02680230140686;2.260400801897049;True;True;False;False;1.325870847093735;3.9061059371484004;0.18454480932657613;0.22031189331090512
94.16714119902606;40.42600861765394;172.06938103044982;2.182011785672436;94.16714119902606;107.45289925533096;172.06938103044982;2.182011785672436;94.16714119902606;107.45289925533096;80.67533407878369;903.1667360368356;0.8328588009739377;-2.452899255330948;92.98960399627686;103.56556749343872;172.03849911689758;2.3030148446559906;True;True;False;False;1.3221924575770354;3.901200893734658;0.18432141027583582;0.22060321425668952
94.46671301398338;40.40673873291582;172.23877819054036;2.161700520145996;94.46671301398338;107.22094511907711;172.23877819054036;2.161700520145996;94.46671301398338;107.22094511907711;80.8121891172472;902.6786402470508;0.5332869860166198;-2.220945119077129;92.83365559577942;103.6201684474945;172.0881187915802;2.291867136955261;True;True;False;False;1.3241812054065047;3.8998249480041953;0.1845661197742394;0.2203673545005805
94.4006710217028;40.37341729218012;171.8849767003789;2.334072931996935;94.4006710217028;107.21554512604578;171.8849767003789;2.334072931996935;94.4006710217028;107.21554512604578;80.52686308743294;902.8818291630809;0.5993289782972084;-2.2155451260457824;93.16179370880128;103.40737199783324;172.16281056404114;2.255345731973648;True;True;False;False;1.3240682721429193;3.8964056509067584;0.18603353732157818;0.2195331592418245
94.32725938825898;40.10230946228198;172.008136327401;2.3573798681208493;94.32725938825898;107.08846435753485;172.008136327401;2.3573798681208493;94.32725938825898;107.08846435753485;80.48561860764872;903.108562960408;0.6727406117410197;-2.0884643575348463;93.10126042366028;103.41421699523926;172.087961435318;2.242340892553329;True;True;False;False;1.3215818105809374;3.892916916274904;0.18546147350201664;0.21960862080994087
94.42670961422832;39.81688909061032;172.13584948667057;2.523151291411758;94.42670961422832;107.14215519949276;172.13584948667057;2.523151291411758;94.42670961422832;107.14215519949276;80.09977500939493;902.9993612567014;0.5732903857716707;-2.1421551994927484;93.0102081298828;103.3220031261444;172.09984183311462;2.27872297167778;True;True;False;False;1.3252290222995342;3.8896643763948044;0.18480650571718102;0.21944736003243676
94.78921195493442;39.94066044790345;172.02343921532847;2.519267819678977;94.78921195493442;107.3621441630773;172.02343921532847;2.519267819678977;94.78921195493442;107.3621441630773;79.37417638896012;902.350795293392;0.2107880450655841;-2.3621441630773035;93.11880850791933;103.3864290714264;172.10658192634585;2.350185662508011;True;True;False;False;1.3291457462300755;3.886066357109217;0.18290119521440856;0.21100255742334598
94.88513280664932;39.899387452129226;172.10117545499892;2.7129152863979966;94.88513280664932;107.59863746841457;172.10117545499892;2.7129152863979966;94.88513280664932;107.59863746841457;78.58623722320866;902.1870586626378;0.1148671933506904;-2.598637468414552;93.42323112487792;103.52397894859314;172.06089615821838;2.390337735414505;True;True;False;False;1.3263627198546972;3.8867165395357977;0.18270261959118012;0.2037938900085896
94.73707896862634;39.86094875303195;172.11014651187415;2.563985214512784;94.73707896862634;107.70866083814576;172.11014651187415;2.563985214512784;94.73707896862634;107.70866083814576;78.01970548795764;902.4984819644638;0.2629210313736649;-2.708660838145761;93.53203201293944;103.7961540222168;172.09761261940002;2.453521192073822;True;True;False;False;1.3248054699091625;3.886733250144545;0.1826702813256999;0.19808458887575836
94.48767886899728;39.913725826737696;172.14549781353242;2.669198609730692;94.48767886899728;107.88359927419032;172.14549781353242;2.669198609730692;94.48767886899728;107.88359927419032;77.30867383744909;903.0323383012384;0.5123211310027074;-2.883599274190317;93.3759937286377;103.89174890518188;172.12436318397522;2.4632838368415837;True;True;False;False;1.3239117210783418;3.8850268100356917;0.1821976465731918;0.19809516813636555
94.59614390879466;39.92108109930064;172.53776568505128;2.4292397630168168;94.59614390879466;107.97512188383544;172.53776568505128;2.4292397630168168;94.59614390879466;107.97512188383544;76.74114871493347;902.8837177057774;0.4038560912053412;-2.975121883835442;93.14083003997804;104.06098628044128;172.13183760643005;2.4915997684001923;True;True;False;False;1.3231891757128078;3.8839806029051704;0.1861665119059826;0.19753612736131004
94.65860159553692;39.95575371462565;172.67032300083355;2.449802765466713;94.65860159553692;108.28109215046992;172.67032300083355;2.449802765466713;94.65860159553692;108.28109215046992;75.73252526381977;902.8126498111204;0.3413984044630922;-3.281092150469931;93.2328917980194;104.09574365615843;172.26998329162598;2.416817843914032;True;True;False;False;1.3189528592033946;3.8843297732388242;0.18988933447740616;0.19734678145434648
94.76336392407178;39.93018074769362;172.89251719707002;2.7167122983057803;94.76336392407178;108.5705802425284;172.89251719707002;2.7167122983057803;94.76336392407178;108.5705802425284;74.71607012630685;902.6486449413125;0.2366360759282173;-3.570580242528393;93.31294369697572;104.40544176101685;172.40951895713806;2.3781442642211914;True;True;False;False;1.321055963879084;3.8850026524296646;0.1944597875127949;0.19972025980715716
94.83052274380188;39.81465289028803;173.22768729241338;2.660280022121852;94.83052274380188;108.831787689433;173.22768729241338;2.660280022121852;94.83052274380188;108.831787689433;73.71757786682716;902.5458787786424;0.169477256198121;-3.831787689433014;93.43687272071838;104.6850357055664;172.5964057445526;2.323405593633652;True;True;False;False;1.3215102845960645;3.885315755386089;0.20287965182565995;0.19995453013452175
95.0130716803336;39.72893237457926;173.26841176706503;2.6731037680604564;95.0130716803336;108.80338336384769;173.26841176706503;2.6731037680604564;95.0130716803336;108.80338336384769;73.2634814927401;902.2033778730722;-0.0130716803335957;-3.803383363847672;93.45034837722778;104.89051699638368;172.84502863883972;2.3647312819957733;True;True;False;False;1.3225024022729654;3.883013284312432;0.20413393133222707;0.20013697512219417
94.9759486648387;39.499461179772936;173.42485254145896;2.6277731061631693;94.9759486648387;108.6810276748301;173.42485254145896;2.6277731061631693;94.9759486648387;108.6810276748301;73.00107508892887;902.2758810133508;0.0240513351613032;-3.681027674830105;93.63149881362916;104.88706684112547;173.01827788352966;2.419864982366562;True;True;False;False;1.324301661065903;3.8814915703137;0.20763009657185727;0.20021894540354263
94.78222112557992;39.716429365684206;173.79305260116084;2.452546165678787;94.78222112557992;108.77569217757144;173.79305260116084;2.452546165678787;94.78222112557992;108.77569217757144;72.32094239346885;902.6665429365564;0.217778874420091;-3.775692177571443;93.64144825935364;104.7826840877533;173.18591475486755;2.38912969827652;True;True;False;False;1.322050439048726;3.8785288897341372;0.2150694767160638;0.19984528989857187
94.45317199446028;39.847987439953606;173.8376973437807;2.176783420347099;94.45317199446028;108.73485925566418;173.8376973437807;2.176783420347099;94.45317199446028;108.73485925566418;71.8991826136072;903.3536783820518;0.5468280055397088;-3.734859255664176;93.4274833202362;104.83594369888306;173.41457962989807;2.342844009399414;True;True;False;False;1.3203624946897081;3.874567986622325;0.21785008574754008;0.1992181684883433
94.30183017316764;39.70056414496357;173.83525473228505;2.015636735138403;94.30183017316764;108.69773667109718;173.83525473228505;2.015636735138403;94.30183017316764;108.69773667109718;71.47544654865264;903.7292724253758;0.6981698268323697;-3.697736671097175;93.09435319900513;104.8231041431427;173.58221650123596;2.24400132894516;True;True;False;False;1.3203213964870315;3.8720319422697758;0.21671573432783023;0.19660315623576763
94.11143921639484;39.4921310451177;173.8371314528545;1.856589206002595;94.11143921639484;108.57315719808012;173.8371314528545;1.856589206002595;94.11143921639484;108.57315719808012;71.23157393854045;904.2031436491658;0.8885607836051719;-3.573157198080125;92.96646928787231;104.76432704925536;173.71151089668274;2.0921574532985687;True;True;False;False;1.3187862328048487;3.8682930108119558;0.216939295016;0.1964964666398939
93.9368627733012;39.48559816625951;173.8928981802183;1.8820176700978155;93.9368627733012;108.47770425825082;173.8928981802183;1.8820176700978155;93.9368627733012;108.47770425825082;70.94605885845503;904.6707713065005;1.0631372266988135;-3.4777042582508244;92.75430202484132;104.65639042854308;173.80285620689392;1.940234899520874;True;True;False;False;1.3183295642472972;3.8648817655329974;0.2153737006097294;0.19651433716833017
93.8986116531762;39.4823173261954;173.8475940224926;1.8728600492002956;93.8986116531762;108.53355935236448;173.8475940224926;1.8728600492002956;93.8986116531762;108.53355935236448;70.37065476912761;904.8890251769768;1.1013883468237964;-3.533559352364477;92.61323976516724;104.5651307106018;173.84230017662048;1.8438509106636047;True;True;False;False;1.3193531422197122;3.865978658303839;0.2146093116277943;0.19652375900560892
93.95021645308502;39.22530664004884;173.7026480409342;1.701265270527576;93.95021645308502;108.85045470848578;173.7026480409342;1.701265270527576;93.95021645308502;108.85045470848578;69.26572280990307;904.9326673567358;1.0497835469149803;-3.8504547084857847;92.59138417243958;104.6124234199524;173.84485721588135;1.790323555469513;True;True;False;False;1.3212855408352695;3.866233127364608;0.2144105000996541;0.19410315896352034
93.89595945127812;39.09782011278942;173.9827008414361;1.537581541713542;93.89595945127812;108.91851430120246;173.9827008414361;1.537581541713542;93.89595945127812;108.91851430120246;68.61620966333827;905.1811524999384;1.1040405487218834;-3.918514301202464;92.6354410648346;104.90070152282716;173.81764769554138;1.7616502940654757;True;True;False;False;1.3207535789085216;3.866794762911677;0.21498584027234777;0.1948558095653817
93.97592992753476;38.90115586645136;173.88227057991045;1.4538092498326312;93.97592992753476;108.9170852063614;173.88227057991045;1.4538092498326312;93.97592992753476;108.9170852063614;68.09659927952671;905.1684169539212;1.0240700724652356;-3.9170852063614063;92.59848499298096;104.94764161109924;173.8514530658722;1.6793300211429596;True;True;False;False;1.3214834190987508;3.8657846324542087;0.21491854970358784;0.1951824826448283
94.29070684459673;38.77915657727098;173.86321864986294;1.2863775780859092;94.29070684459673;108.98278815039583;173.86321864986294;1.2863775780859092;94.29070684459673;108.98278815039583;67.442915363943;904.675405796126;0.7092931554032873;-3.982788150395834;92.63412046432497;104.93983554840088;173.8596487045288;1.556747853755951;True;True;False;False;1.327054990061951;3.8657325231545516;0.21491800939892056;0.19608509670509314
94.32803283056874;38.5344904548742;173.76763099998547;1.275410625787796;94.32803283056874;108.87280257573092;173.76763099998547;1.275410625787796;94.32803283056874;108.87280257573092;67.13184809322003;904.6953262449024;0.6719671694312552;-3.8728025757309297;92.92748045921326;104.96457433700562;173.85971426963806;1.4479359984397888;True;True;False;False;1.3269824628077063;3.866920292151275;0.21489165278840344;0.19594027836664618
93.89736405451868;38.16393579677351;173.9067234338119;1.5754693215157518;93.89736405451868;108.71594177184028;173.9067234338119;1.5754693215157518;93.89736405451868;108.71594177184028;66.92919602423719;905.6462594195932;1.1026359454813104;-3.715941771840292;92.92362928390504;104.85995650291444;173.8361632823944;1.372218132019043;True;True;False;False;1.3252975896243646;3.8668809603524266;0.21397813371482313;0.19584963525263308
93.85715818807064;38.23760815943715;174.02231542404223;1.535128172103026;93.85715818807064;108.92083509140036;174.02231542404223;1.535128172103026;93.85715818807064;108.92083509140036;66.02395048220501;905.8736892785536;1.1428418119293582;-3.920835091400363;92.58742928504944;104.74562430381776;173.844712972641;1.348826140165329;True;True;False;False;1.3234232603290788;3.86955797146888;0.21427662301665848;0.19662837917878134
93.87133142377029;38.51482153391918;173.9416829274044;1.2970572542997252;93.87133142377029;109.11546717095328;173.9416829274044;1.2970572542997252;93.87133142377029;109.11546717095328;65.11190831091245;905.9977217154116;1.1286685762297282;-4.115467170953281;92.52137160301208;104.95309686660768;173.89147400856018;1.402597725391388;True;True;False;False;1.32324858551631;3.8737187533030903;0.2132341035614583;0.19483286094096985
93.66544532782486;38.25672977524916;173.83218248665736;1.4984359899472048;93.66544532782486;109.0866371974239;173.83218248665736;1.4984359899472048;93.66544532782486;109.0866371974239;64.62083930184411;906.5599830507996;1.334554672175145;-4.086637197423897;92.49618339538574;105.08349061012268;173.92921328544617;1.4402763545513153;True;True;False;False;1.3240962117880763;3.874000253185853;0.20763542280739036;0.1931311834942463
93.74084357203968;37.918395439935935;173.8210460462624;1.5359951065756838;93.74084357203968;109.2836466307036;173.8210460462624;1.5359951065756838;93.74084357203968;109.2836466307036;63.681935475628215;906.5871271853268;1.259156427960335;-4.283646630703586;92.3502950668335;105.10388040542604;173.93584847450256;1.3771191239356997;True;True;False;False;1.326425036724289;3.8785195874523803;0.2037131720365482;0.19020059858906013
93.62379189524884;38.02882579610935;174.00427007277253;1.570372914050013;93.62379189524884;109.27282610492524;174.00427007277253;1.570372914050013;93.62379189524884;109.27282610492524;63.13242364309112;906.9891180626364;1.3762081047511714;-4.27282610492523;92.39170384407043;105.25872254371644;173.91130089759827;1.3380062580108645;True;True;False;False;1.3265842046202252;3.876527533482227;0.19828971107311735;0.19095837105927715
93.36369446580888;37.81542846276661;173.97305994616625;1.4094590497246982;93.36369446580888;109.33564434161272;173.97305994616625;1.4094590497246982;93.36369446580888;109.33564434161272;62.43707702239274;907.692807335483;1.6363055341911092;-4.335644341612735;92.29019737243652;105.27091908454896;173.93187522888184;1.3982966542243958;True;True;False;False;1.324628223142382;3.8773632205438333;0.19814324225248184;0.19092485307314883
93.45491789857913;37.81000245810404;173.9903963356712;1.3813674550271977;93.45491789857913;109.17489389692302;173.9903963356712;1.3813674550271977;93.45491789857913;109.17489389692302;62.180491999557134;907.728534541168;1.5450821014208884;-4.174893896923024;92.02322173118591;105.31537699699402;173.9479649066925;1.3831117749214172;True;True;False;False;1.3268115603452286;3.87787295598609;0.19805540526067483;0.1904911389026609
93.5621440839659;38.00766420290744;174.0500402641609;1.2733246205814417;93.5621440839659;109.1608253099115;174.0500402641609;1.2733246205814417;93.5621440839659;109.1608253099115;61.65197665399044;907.7200931172506;1.4378559160340956;-4.160825309911502;92.12389159202576;105.1594216823578;174.0013086795807;1.338978260755539;True;True;False;False;1.3274951044831738;3.879554108243499;0.1979962145381598;0.19046797118067504
93.37981292652216;37.811438755722286;174.27145269269147;1.388553078796911;93.37981292652216;109.1065582004345;174.27145269269147;1.388553078796911;93.37981292652216;109.1065582004345;61.20573416495623;908.276469554276;1.6201870734778367;-4.106558200434506;92.242164850235;105.14849734306335;174.049813747406;1.2578430771827698;True;True;False;False;1.326986258294961;3.8778723493912337;0.19892733578006583;0.18923917952144514
93.45371070150932;37.77751105656608;174.1120880531901;1.0036502223004873;93.45371070150932;109.09191509869314;174.1120880531901;1.0036502223004873;93.45371070150932;109.09191509869314;60.6874792750477;908.344698947432;1.5462892984906915;-4.091915098693136;92.07980704307556;105.1182894706726;174.11848664283752;1.225714534521103;True;True;False;False;1.3270052154255096;3.8772017143453206;0.19892798224053024;0.18932332922971626
93.3207884498936;37.72356045551472;174.02873738258955;0.9596548171314372;93.3207884498936;109.1244811547058;174.02873738258955;0.9596548171314372;93.3207884498936;109.1244811547058;60.07675848319664;908.8167153571288;1.6792115501064018;-4.124481154705791;92.11599564552309;105.0829029083252;174.16699171066284;1.1617180705070496;True;True;False;False;1.3262343827688332;3.8803458321162307;0.19817467974511208;0.18974746554266556
93.04530199832485;37.68109333292552;174.16466857204907;1.208891813887487;93.04530199832485;109.01639859610248;174.16466857204907;1.208891813887487;93.04530199832485;109.01639859610248;59.74299277977581;909.591583133614;1.9546980016751547;-4.016398596102491;91.95584344863892;105.13443398475648;174.16505098342896;1.0929976403713226;True;True;False;False;1.323673670195506;3.877388620625788;0.19618905977753115;0.18876199912434566
92.9557715793241;37.400801888630994;174.08582333602484;0.977779891970436;92.9557715793241;108.96693008471104;174.08582333602484;0.977779891970436;92.9557715793241;108.96693008471104;59.30640998974501;910.0312703718388;2.044228420675907;-3.966930084711052;91.74164342880248;105.06677222251892;174.19338822364807;0.9840677678585052;True;True;False;False;1.3209994346759093;3.877152861094644;0.1958352500748785;0.18813214393004954
93.29560290513484;37.39007999985183;173.9570194981039;0.9653340247981252;93.29560290513484;109.06941992630236;173.9570194981039;0.9653340247981252;93.29560290513484;109.06941992630236;58.572506295267566;909.6241715096407;1.7043970948651577;-4.069419926302373;91.63867807388306;104.99904823303224;174.1592288017273;0.9887491166591644;True;True;False;False;1.323915029386082;3.878644933656185;0.19572629686672466;0.18810399095113875
93.28769553397196;37.58351053653856;173.9225856636319;0.8602367833367788;93.28769553397196;109.16209275464288;173.9225856636319;0.8602367833367788;93.28769553397196;109.16209275464288;57.84457131507956;909.8672391979486;1.7123044660280442;-4.1620927546428845;91.93066215515135;105.087908744812;174.11731958389282;0.998142957687378;True;True;False;False;1.3237300824478377;3.8804488179048455;0.19627693336460036;0.18807663874194233
93.38585098061348;37.56012454134501;174.05927588124064;0.9764750820052054;93.38585098061348;109.1949676199692;174.05927588124064;0.9764750820052054;93.38585098061348;109.1949676199692;57.2238758838079;909.8992355668026;1.6141490193865309;-4.194967619969191;91.93367671966551;105.13071417808531;174.079567193985;0.8935157954692841;True;True;False;False;1.3247977719265598;3.884676539597596;0.19618195576766373;0.18821431335589794
93.5913360315663;37.68698758534951;174.54274019810697;0.8768627263033166;93.5913360315663;109.301103226084;174.54274019810697;0.8768627263033166;93.5913360315663;109.301103226084;56.4522756555824;909.7034853341484;1.4086639684337;-4.301103226083995;92.0439088344574;105.19062519073486;174.05962228775024;0.8685535192489624;True;True;False;False;1.3250571030271079;3.8843194831554917;0.20142963863869723;0.18738847617409418
93.43361702413868;37.39351656586091;174.57691668087438;1.1291495202256367;93.43361702413868;109.50814871837852;174.57691668087438;1.1291495202256367;93.43361702413868;109.50814871837852;55.46470424084881;910.2067452114616;1.5663829758613304;-4.508148718378521;92.2117841243744;105.29350066184998;174.2160606384277;0.8346579968929291;True;True;False;False;1.3216107115689242;3.887735540668985;0.20257664628657404;0.18784067567848214
93.41363186418162;37.490273313523154;174.47724064027776;1.2561389585857752;93.41363186418162;109.64478017302064;174.47724064027776;1.2561389585857752;93.41363186418162;109.64478017302064;54.59035483578075;910.4555665948238;1.5863681358183754;-4.644780173020649;92.05506825447084;105.47326135635376;174.38390731811523;0.8654309809207916;True;True;False;False;1.3195832792773803;3.8900370170314345;0.20263951937232647;0.19010095859941428
93.39139306086304;37.614546058401;174.6593345229545;1.385556981395148;93.39139306086304;109.59781875233664;174.6593345229545;1.385556981395148;93.39139306086304;109.59781875233664;54.06497365407933;910.7115599529036;1.6086069391369475;-4.59781875233665;92.05838012695312;105.63313698768616;174.49872493743896;0.8876755833625793;True;True;False;False;1.3200186528571085;3.8910020812198214;0.20302098858367085;0.19509066149213408
93.46285589285708;37.83189428588333;174.6708724815898;1.2144734727912525;93.46285589285708;109.48145782214957;174.6708724815898;1.2144734727912525;93.46285589285708;109.48145782214957;53.68465301414195;910.7831152141335;1.5371441071429075;-4.481457822149565;92.06334447860718;105.60142183303832;174.63786721229553;0.9933435916900636;True;True;False;False;1.3218853510716193;3.8927615037115064;0.20243876910060385;0.19558313053607787
93.30984078861398;37.86351825377342;174.87682726623837;1.197830076493087;93.30984078861398;109.38894283311416;174.87682726623837;1.197830076493087;93.30984078861398;109.38894283311416;53.27215528259283;911.2940979702388;1.6901592113860175;-4.388942833114157;92.11271142959596;105.48398518562315;174.67141032218933;1.0289815068244934;True;True;False;False;1.3189259903960053;3.8952898085358094;0.2026775989558205;0.194687843960796
93.28475039772415;37.7119498731082;174.93946121004592;0.8542079936911506;93.28475039772415;109.48200346305153;174.93946121004592;0.8542079936911506;93.28475039772415;109.48200346305153;52.50084164496956;911.5696333135368;1.7152496022758328;-4.482003463051512;91.9526629447937;105.3917989730835;174.76574540138245;1.0181845724582672;True;True;False;False;1.3188057025431532;3.898667199787175;0.20235801991875707;0.19203498283914625
93.34818001842274;37.48162584702303;174.93802999348662;0.9875227064634368;93.34818001842274;109.47600861765216;174.93802999348662;0.9875227064634368;93.34818001842274;109.47600861765216;51.91523087402808;911.6714740191096;1.6518199815772618;-4.476008617652155;91.95693588256836;105.46463942527772;174.86918091773987;0.9048372507095336;True;True;False;False;1.319351818362997;3.898059294620738;0.2024511270549206;0.1920614922290067
93.55996949461236;37.342976201999456;175.10835421028497;0.9806466158482268;93.55996949461236;109.50673873291404;175.10835421028497;0.9806466158482268;93.55996949461236;109.50673873291404;51.25696949448401;911.4681377309406;1.4400305053876394;-4.5067387329140445;91.98631405830383;105.47830176353456;174.92151498794556;0.8235414326190948;True;True;False;False;1.3212480606999724;3.9000107607748475;0.20073181703356227;0.1926258412726146
93.50217934335812;37.30314880615849;175.13293975290372;1.0490474521588695;93.50217934335812;109.52341729217834;175.13293975290372;1.0490474521588695;93.50217934335812;109.52341729217834;50.622713878233554;911.7757221008342;1.497820656641892;-4.523417292178337;92.22584748268127;105.4750590324402;175.0228786468506;0.7304930686950684;True;True;False;False;1.3212133312532215;3.901156721178562;0.200989383371846;0.19464282604780359
93.81874307573337;37.22261410264782;175.3661654291217;0.9700401212597902;93.81874307573337;109.3023094622802;175.3661654291217;0.9700401212597902;93.81874307573337;109.3023094622802;50.46180723240607;911.3423040569692;1.1812569242666342;-4.302309462280192;92.15629124641418;105.53591728210448;175.08129715919495;0.7658523321151733;True;True;False;False;1.3272035474140123;3.900715282670567;0.20227900614005495;0.19409351243386422
93.50671364044364;37.02933837564434;175.66452861020562;0.87026054857166;93.50671364044364;109.06688909060853;175.66452861020562;0.87026054857166;93.50671364044364;109.06688909060853;50.35900671411204;912.1238638507843;1.4932863595563646;-4.066889090608527;92.42039752006532;105.32153058052064;175.18096923828125;0.7628494501113892;True;True;False;False;1.3256371220531766;3.8982260183107376;0.20742883373241144;0.19404816149196472
93.71906652791692;36.85637581113865;175.51440127026424;0.678158941196721;93.71906652791692;109.24066044790166;175.51440127026424;0.678158941196721;93.71906652791692;109.24066044790166;49.46921212077797;911.8982629237788;1.2809334720830918;-4.240660447901661;92.16536259651184;105.07278752326964;175.37057042121887;0.7439421117305756;True;True;False;False;1.3266484761874318;3.9019197288693985;0.2074568690994347;0.1938532548427849
93.71378097521728;36.84935408147287;175.76779458862418;0.7195926220226694;93.71378097521728;109.24938745212742;175.76779458862418;0.7195926220226694;93.71378097521728;109.24938745212742;48.88633671927289;912.079625158789;1.28621902478271;-4.249387452127422;92.35674595832825;105.25507187843324;175.4809033870697;0.6625840067863464;True;True;False;False;1.3280750816370017;3.9052282802702574;0.20652579481319716;0.19392931569343672
93.75138735129086;36.88512369524047;175.91715923460376;0.7506885220421229;93.75138735129086;109.26094875303016;175.91715923460376;0.7506885220421229;93.75138735129086;109.26094875303016;48.29662912385045;912.1759082766127;1.2486126487091411;-4.260948753030149;92.31954789161682;105.26348638534546;175.62008500099182;0.5805915594100952;True;True;False;False;1.3284476319740233;3.9088624918745793;0.20458514390867732;0.19256242918575586
93.7568211263146;37.05885975419702;176.10303251469102;0.8079964262050006;93.7568211263146;109.3637258267359;176.10303251469102;0.8079964262050006;93.7568211263146;109.3637258267359;47.52294847603492;912.33152241306;1.2431788736853946;-4.363725826735902;92.3538143634796;105.26669454574584;175.74446201324463;0.5165114998817444;True;True;False;False;1.3311043749088523;3.9113154874155396;0.2072447361844364;0.19299173638029282
93.6944091175154;36.774145362337336;176.16756795658327;0.9525402156823484;93.6944091175154;109.42108109929885;176.16756795658327;0.9525402156823484;93.6944091175154;109.42108109929885;46.82640782067758;912.6221036138164;1.3055908824846083;-4.421081099298846;92.37093377113342;105.38229203224182;175.85983037948608;0.5311964452266693;True;True;False;False;1.329898690220317;3.9114099518302794;0.208568047266673;0.19630547681808266
93.60989558933927;36.87678555564196;176.30964532636045;1.192458635382232;93.60989558933927;109.50575371462384;176.30964532636045;1.192458635382232;93.60989558933927;109.50575371462384;46.06758511012109;912.9652094545;1.390104410660726;-4.505753714623836;92.33593440055849;105.446946144104;176.01709485054016;0.5595926940441132;True;True;False;False;1.3297636896948066;3.913880523660834;0.20976593130002352;0.20490522828721255
93.66797284392422;37.01742705872491;176.48709172046387;1.1204828573107175;93.66797284392422;109.53018074769182;176.48709172046387;1.1204828573107175;93.66797284392422;109.53018074769182;45.41796388203528;913.0344022000849;1.3320271560757817;-4.530180747691816;92.29328107833862;105.52430844306946;176.1511754989624;0.6249283254146576;True;True;False;False;1.3289779065544265;3.9138780480098827;0.2121919540894575;0.2102323045552449
93.72267145533964;36.76744087004069;176.78045844543675;0.8418207360483323;93.72267145533964;109.46465289028622;176.78045844543675;0.8418207360483323;93.72267145533964;109.46465289028622;44.94499549715424;913.102608598064;1.2773285446603495;-4.464652890286217;92.32099986076356;105.5731430053711;176.30529284477234;0.6984300911426544;True;True;False;False;1.3290103382695195;3.915169623336758;0.21697195975320308;0.21009469283550244
93.43412578920854;36.652026731795296;176.783154190572;0.8128632972051281;93.43412578920854;109.42893237457744;176.783154190572;0.8128632972051281;93.43412578920854;109.42893237457744;44.42114947653363;913.8500104029476;1.5658742107914634;-4.4289323745774425;92.39525079727171;105.50247359275818;176.46497011184692;0.7044801115989685;True;True;False;False;1.326654624446441;3.9137556671404354;0.2189723311132666;0.21030708654421632
93.16305362838006;36.60194752130604;176.62955457795096;0.8400593636857749;93.16305362838006;109.24946117977112;176.62955457795096;0.8400593636857749;93.16305362838006;109.24946117977112;44.18956754953595;914.6009379527102;1.8369463716199448;-4.249461179771117;92.0579445362091;105.46420383453368;176.63023352622986;0.6064766645431519;True;True;False;False;1.3255765068549752;3.9132612857281965;0.2185210629718333;0.21062512535393874
93.08664000699233;36.56852634803342;176.87721801660803;0.686913923452726;93.08664000699233;109.51642936568238;176.87721801660803;0.686913923452726;93.08664000699233;109.51642936568238;43.089036353743936;914.9986913783684;1.9133599930076883;-4.516429365682384;91.8548002243042;105.31583333015442;176.70109629631042;0.5044229328632355;True;True;False;False;1.3222825126539537;3.9172404293925642;0.21745458480455615;0.21000466313528876
93.26422686601776;36.45000343389279;176.6992847842765;0.5033621223816682;93.26422686601776;109.6979874399518;176.6992847842765;0.5033621223816682;93.26422686601776;109.6979874399518;42.123729623114144;914.8986323260518;1.735773133982235;-4.697987439951788;91.74373149871826;105.51733207702635;176.77754521369934;0.4738974571228027;True;True;False;False;1.3246756257512462;3.91957615897528;0.21717986074642498;0.2100234529025783
93.24381200869274;36.31155230829194;176.78373004290208;0.5353427311061003;93.24381200869274;109.60056414496174;176.78373004290208;0.5353427311061003;93.24381200869274;109.60056414496174;41.69217788776734;915.1708984585662;1.7561879913072571;-4.600564144961737;91.86532354354858;105.70032858848572;176.78509831428528;0.4085257649421692;True;True;False;False;1.3253694929994713;3.922318752230559;0.21708961100391302;0.2102735304021382
93.02013510260448;36.15135948245718;176.7994244911743;0.5936393642155381;93.02013510260448;109.44213104511589;176.7994244911743;0.5936393642155381;93.02013510260448;109.44213104511589;41.39563553479751;915.8524106695836;1.9798648973955293;-4.442131045115872;91.87975335121156;105.60252809524536;176.79506421089172;0.3052902221679687;True;True;False;False;1.3250974410864276;3.923797845813082;0.21688507457479853;0.21086340794407668
92.8081869426573;36.25461314128402;176.90883017141076;0.7851068349900332;92.8081869426573;109.48559816625767;176.90883017141076;0.7851068349900332;92.8081869426573;109.48559816625767;40.71641715316512;916.5402889757976;2.1918130573426997;-4.485598166257674;91.687837600708;105.46208810806274;176.84452652931213;0.2477617561817169;True;True;False;False;1.3221747632405054;3.9276406586112023;0.21697166416256816;0.2169461222140471
92.48509002971548;36.03064693701848;176.93679962261075;0.7280909509376566;92.48509002971548;109.53231732619356;176.93679962261075;0.7280909509376566;92.48509002971548;109.53231732619356;40.02489907779231;917.4787245426602;2.514909970284535;-4.532317326193564;91.48945713043211;105.54153847694396;176.89335942268372;0.2856042981147766;True;True;False;False;1.3206359822787055;3.9278007446512624;0.21555365477138985;0.22101032356654646
92.68578650561636;36.100457263052206;176.98853391421028;0.3819514126687042;92.68578650561636;109.325306640047;176.98853391421028;0.3819514126687042;92.68578650561636;109.325306640047;39.834611473259656;917.4126529202296;2.314213494383651;-4.325306640046989;91.22348403930664;105.59578680992126;176.94953560829163;0.3268857300281524;True;True;False;False;1.320930745668489;3.925566786244115;0.21301286437545386;0.22106122815844595
93.0105765145851;36.02666323412014;177.11257677269217;0.8230765709832275;93.0105765145851;109.24782011278758;177.11257677269217;0.8230765709832275;93.0105765145851;109.24782011278758;39.41287697577221;917.0716347015432;1.9894234854149035;-4.247820112787579;91.35791563987732;105.36048483848572;176.9858455657959;0.3231272101402282;True;True;False;False;1.323200215725818;3.9258879578530217;0.21076396616244716;0.22609275971810722
92.99084890558792;35.83526003721503;177.06881959271382;0.5088662857834385;92.99084890558792;109.10115586644952;177.06881959271382;0.5088662857834385;92.99084890558792;109.10115586644952;39.13982945341;917.3763463842596;2.00915109441209;-4.101155866449517;91.69702649116516;105.34482431411745;177.06605792045593;0.269135981798172;True;True;False;False;1.3221241577970806;3.9242512247521395;0.21076301222457702;0.22473504888959145
93.29882010727242;35.569440395814375;177.22073465110634;0.4923158573277376;93.29882010727242;109.02915657726912;177.22073465110634;0.4923158573277376;93.29882010727242;109.02915657726912;38.73700724957749;917.028290793479;1.7011798927275803;-4.029156577269134;91.68061923980711;105.162837266922;177.0942771434784;0.2143169939517974;True;True;False;False;1.3232196292019156;3.924114035133761;0.21107891712477592;0.22372791475583131
93.47645261029186;35.24448068734779;177.44376358159244;0.397181703801262;93.47645261029186;108.83449045487237;177.44376358159244;0.397181703801262;93.47645261029186;108.83449045487237;38.58911861740184;916.8998497731372;1.523547389708142;-3.834490454872352;91.9500286579132;105.1067705154419;177.16607093811035;0.268532782793045;True;True;False;False;1.32676300995096;3.9226754050078294;0.21208093932743777;0.2225497825362129
93.45858819931031;35.231694510820205;177.5778773005622;0.4279314586729508;93.45858819931031;108.51393579677163;177.5778773005622;0.4279314586729508;93.45858819931031;108.51393579677163;38.71896253962026;917.1387182470612;1.5414118006896729;-3.513935796771648;92.10182857513428;104.89672589302064;177.29625701904297;0.1487092673778534;True;True;False;False;1.32918268283903;3.9179855583372705;0.21361589148410845;0.2236741957150253
93.4852108767875;35.216890121028655;177.4956353422858;0.4499072776317779;93.4852108767875;108.6376081594353;177.4956353422858;0.4499072776317779;93.4852108767875;108.6376081594353;38.00309304139007;917.2909944655322;1.5147891232124948;-3.6376081594353034;92.13894367218018;104.64976668357848;177.4157166481018;0.1200523972511291;True;True;False;False;1.3282588874206063;3.919772786760635;0.21338024742041145;0.22491370239269162
93.2585106609654;35.2457912207045;177.4742281626365;0.4681312904856536;93.2585106609654;108.96482153391732;177.4742281626365;0.4681312904856536;93.2585106609654;108.96482153391732;36.86365187116797;917.9463667802714;1.741489339034601;-3.9648215339173305;92.11869215965272;104.7512800693512;177.5029444694519;0.0986257195472717;True;True;False;False;1.3281745764067028;3.924097969656399;0.21338838510664473;0.22509217849119398
93.1767078644246;34.94560519578401;177.5973245339409;0.4921041891716933;93.1767078644246;108.7567297752473;177.5973245339409;0.4921041891716933;93.1767078644246;108.7567297752473;36.75119251731906;918.3421709518908;1.823292135575386;-3.756729775247294;91.89199829101562;105.06535482406616;177.55045294761658;0.1046822965145111;True;True;False;False;1.3296462312644695;3.9241066214574154;0.213163994372988;0.22754447369122247
93.09510089075091;34.691365434622064;177.38161775910396;0.7059004209951932;93.09510089075091;108.46839543993408;177.38161775910396;0.7059004209951932;93.09510089075091;108.46839543993408;36.8269638845792;918.748490517315;1.9048991092490724;-3.46839543993407;91.85359716415404;104.87020325660706;177.58180618286133;0.1033906638622284;True;True;False;False;1.3300758309253649;3.919330497322994;0.21242505315660604;0.2335489211515374
93.21612148994735;34.84764642229602;177.02671438061654;0.7978838037801989;93.21612148994735;108.62882579610748;177.02671438061654;0.7978838037801989;93.21612148994735;108.62882579610748;36.04365044690781;918.760435866822;1.783878510052645;-3.628825796107492;91.81090235710144;104.63237762451172;177.54067063331604;0.1275940239429474;True;True;False;False;1.3312932375278135;3.9228972288850534;0.21792436849500352;0.2421306762432707
93.0528397728786;34.993486494837626;177.0544531098397;0.9309766361743326;93.0528397728786;108.46542846276472;177.0544531098397;0.9309766361743326;93.0528397728786;108.46542846276472;35.88660167411233;919.3248497689666;1.947160227121401;-3.4654284627647343;91.92519307136536;104.78412222862244;177.4276888370514;0.1923903822898864;True;True;False;False;1.3299531354776255;3.9229262109411485;0.22079424035316053;0.2519808648111832
93.07696744668574;35.2827726322358;177.22602263552656;0.6373982598259034;93.07696744668574;108.51000245810216;177.22602263552656;0.6373982598259034;93.07696744668574;108.51000245810216;35.33539655506883;919.5362157849684;1.9230325533142576;-3.5100024581021643;91.76691460609436;104.64803814888;177.32455492019653;0.2901315689086914;True;True;False;False;1.3307189014370393;3.9228127002125777;0.2206415865544608;0.25405148367611546
92.9715406406248;35.22025459540885;177.2333948977162;0.7847014659576297;92.9715406406248;108.75766420290556;177.2333948977162;0.7847014659576297;92.9715406406248;108.75766420290556;34.37207273771506;920.0034737375324;2.028459359375205;-3.757664202905573;91.7476933002472;104.6793384552002;177.27001786231995;0.3043657541275024;True;True;False;False;1.3286065727259238;3.9238318785573956;0.21989654259943742;0.2581218610577501
93.07537228136174;35.17606927953182;177.2726502519603;0.7187171936282232;93.07537228136174;108.6114387557204;177.2726502519603;0.7187171936282232;93.07537228136174;108.6114387557204;34.163501738364666;920.0662717039752;1.9246277186382628;-3.6114387557204;91.6266474723816;104.90059781074524;177.2737681865692;0.2880990505218506;True;True;False;False;1.3298619199557606;3.9250509538239076;0.2198803362182003;0.2607942922395514
93.20526434459164;35.09817054141759;177.14132468135216;0.7446827683204016;93.20526434459164;108.6275110565642;177.14132468135216;0.7446827683204016;93.20526434459164;108.6275110565642;33.64983196924767;920.063104606667;1.7947356554083598;-3.6275110565642015;91.743337392807;104.73994779586792;177.32202410697937;0.2068376541137695;True;True;False;False;1.332394100702242;3.924791487888692;0.22043763420699752;0.26516137513758664
92.90040432640428;35.10595835765151;177.12874308558332;0.9014726074245232;92.90040432640428;108.62356045551284;177.12874308558332;0.9014726074245232;92.90040432640428;108.62356045551284;33.17406503047519;920.9121227304296;2.099595673595715;-3.6235604555128313;91.8366367816925;104.78881692886353;177.3358976840973;0.2283364534378051;True;True;False;False;1.329483945990092;3.925355131315556;0.22110079444282638;0.2705921095293746
92.56152383543248;35.282502189306655;177.16577513917258;0.692183290995589;92.56152383543248;108.63109333292364;177.16577513917258;0.692183290995589;92.56152383543248;108.63109333292364;32.67585788158522;921.8698298021858;2.4384761645675184;-3.6310933329236255;91.580060005188;104.81365251541138;177.31866717338562;0.2254319190979004;True;True;False;False;1.3290390924651134;3.9264717963558424;0.22144011857095594;0.2736222699354529
92.83992100008211;35.32324701531789;177.13823221608698;0.2957784868818948;92.83992100008211;108.4008018886291;177.13823221608698;0.2957784868818948;92.83992100008211;108.4008018886291;32.65229499245112;921.638165628162;2.160078999917872;-3.400801888629104;91.27495288848876;104.80480933189392;177.31157302856445;0.2335931360721588;True;True;False;False;1.3320340213443678;3.9243202878520096;0.22085998221152625;0.27366230421689886
92.57971047121642;35.35712180676544;177.1643807355934;0.346602195774122;92.57971047121642;108.44007999984991;177.1643807355934;0.346602195774122;92.57971047121642;108.44007999984991;32.12029851819226;922.446597219216;2.4202895287835844;-3.440079999849928;91.50748920440674;104.56450843811037;177.29196906089783;0.1734781265258789;True;True;False;False;1.3308689040579142;3.924516034869303;0.2211627295960496;0.2740902499043453
92.56827997324643;35.2732289045639;177.4998413332326;0.6089004659268589;92.56827997324643;108.68351053653666;177.4998413332326;0.6089004659268589;92.56827997324643;108.68351053653666;31.17476011150547;922.7921634856604;2.431720026753567;-3.6835105365366583;91.23611617088318;104.5755226612091;177.3000204563141;0.0217358767986297;True;True;False;False;1.3304594939922212;3.9283817373436434;0.22185223511182678;0.27974527070618405
92.43801601744474;35.6057589231584;177.71813781987;0.3814167703068467;92.43801601744474;108.7101245413431;177.71813781987;0.3814167703068467;92.43801601744474;108.7101245413431;30.63039736368769;923.3769207341642;2.5619839825552617;-3.710124541343106;91.24561619758606;104.86290192604064;177.39836812019348;-0.0714403390884399;True;True;False;True;1.3303711479316407;3.929119928967661;0.22381039477457196;0.2828408601637551
92.45018423558994;35.32659443087193;177.81187705105967;0.4722411704779389;92.45018423558994;108.8869875853476;177.81187705105967;0.4722411704779389;92.45018423558994;108.8869875853476;29.781988003499595;923.6941821622144;2.549815764410056;-3.886987585347612;91.15309119224548;104.85410714149477;177.5461781024933;-0.0384512543678283;True;True;False;True;1.3316498987128638;3.930495034506457;0.2248646856670248;0.28681230785547385
92.15290416788442;35.35169672580839;178.30448317008037;0.399843321337941;92.15290416788442;108.643516565859;178.30448317008037;0.399843321337941;92.15290416788442;108.643516565859;29.75066503109713;924.6287177328802;2.847095832115585;-3.6435165658590014;91.14788484573364;105.02057194709778;177.7166998386383;-0.0116236507892608;True;True;False;True;1.3269400037690193;3.9278406145656697;0.23174131671871298;0.2868386859728577
92.37356172546842;35.37205057935957;178.3817027956599;0.2462051271001679;92.37356172546842;108.79027331352124;178.3817027956599;0.2462051271001679;92.37356172546842;108.79027331352124;28.971349326991422;924.5670153953276;2.62643827453158;-3.7902733135212543;90.9130392074585;104.82911252975464;178.01920413970947;-0.0800769031047821;True;True;False;True;1.3290658127225512;3.931321873055214;0.23430131326072;0.2872945740466372
92.43019304633314;35.30413998465543;178.5930268455554;0.0113202535446805;92.43019304633314;108.9645460583991;178.5930268455554;0.0113202535446805;92.43019304633314;108.9645460583991;28.11743406209958;924.8039445235356;2.5698069536668555;-3.964546058399094;91.10506558418274;104.9664342403412;178.22629809379578;-0.097743421792984;True;True;False;True;1.3296043944332303;3.933263018061178;0.2367724613955212;0.285636603735518
92.7866184722026;35.13677028671659;178.71680774548807;0.1887790525695487;92.7866184722026;109.23189428588142;178.71680774548807;0.1887790525695487;92.7866184722026;109.23189428588142;27.05413146601504;924.4337345989524;2.213381527797395;-4.231894285881424;91.14209771156312;105.10700559616087;178.4341263771057;-0.1952108740806579;True;True;False;True;1.3331854604821127;3.9382025451951472;0.23804556040649444;0.28674076824438227
92.67798668982702;34.83118061758551;179.02111775116944;0.1624035577037129;92.67798668982702;109.3135182537715;179.02111775116944;0.1624035577037129;92.67798668982702;109.3135182537715;26.32663095878402;924.9461157007432;2.322013310172977;-4.313518253771505;91.4864149093628;105.3213231563568;178.64818334579468;-0.2990758419036865;True;True;False;True;1.330239084920798;3.9410344814821276;0.2393829771173889;0.28959385225891404
92.69765791545072;34.731497466350305;179.07776588397834;0.1974471172894782;92.69765791545072;109.21194987310628;179.07776588397834;0.1974471172894782;92.69765791545072;109.21194987310628;25.95463195294494;925.2163750241856;2.302342084549281;-4.211949873106278;91.35361504554749;105.43083620071413;178.81555795669556;-0.3498691320419311;True;True;False;True;1.331670221549465;3.938137461320257;0.24049032617031332;0.294245910481993
92.58492973534136;34.671765688072675;179.22816801461153;0.3015219775305349;92.58492973534136;109.0316258470211;179.22816801461153;0.3015219775305349;92.58492973534136;109.0316258470211;25.75368668870112;925.7488103290108;2.4150702646586524;-4.031625847021104;91.36393785476685;105.33681082725523;179.00084495544434;-0.3105251491069793;True;True;False;True;1.332017053628905;3.9394624333225834;0.24109524322159648;0.2998087065711938
92.55930507513284;34.48184734427421;179.02814955458967;0.406440266838967;92.55930507513284;108.94297620199754;179.02814955458967;0.406440266838967;92.55930507513284;108.94297620199754;25.393435865812098;926.1220690180488;2.440694924867145;-3.9429762019975385;91.269677400589;105.20001459121704;179.15401816368103;-0.3121396899223327;True;True;False;True;1.331666575325922;3.93858206988219;0.23973249518808135;0.30704346465644466
92.23705327723668;34.62348989118612;178.85927739215768;0.1780851026292424;92.23705327723668;108.95314880615656;178.85927739215768;0.1780851026292424;92.23705327723668;108.95314880615656;24.84736049722771;927.0919986038236;2.762946722763317;-3.9531488061565625;91.27198672294617;105.10166788101196;179.19381618499756;-0.2720941603183746;True;True;False;True;1.328874755578669;3.93998486454254;0.24068240666117632;0.30997003988394584
92.10896221897136;34.6094331890288;178.8751241684618;0.2997938143268048;92.10896221897136;108.9226141026459;178.8751241684618;0.2997938143268048;92.10896221897136;108.9226141026459;24.381343396761505;927.7165736167226;2.8910377810286434;-3.922614102645895;90.93881511688232;105.09328103065492;179.16272521018982;-0.247882604598999;True;True;False;True;1.3278510747033534;3.939412486702037;0.24187101819422394;0.3140575484089509
92.20499795012736;34.61201009905363;179.13191125772485;0.3972275225593987;92.20499795012736;108.7793383756424;179.13191125772485;0.3972275225593987;92.20499795012736;108.7793383756424;24.144879637082354;927.9099738585476;2.795002049872636;-3.7793383756424106;90.83327078819276;105.10827779769896;179.1173541545868;-0.2627216279506683;True;True;False;True;1.3291306252905715;3.9374825324380307;0.24187448117190205;0.3201160082012245
92.16698135763588;34.50079720347612;179.03726499551922;0.1655374873698983;92.16698135763588;108.65637581113673;179.03726499551922;0.1655374873698983;92.16698135763588;108.65637581113673;23.88689298267476;928.3586739835137;2.833018642364124;-3.656375811136712;90.95247054100037;104.96524500846864;179.12081599235535;-0.3033375740051269;True;True;False;True;1.32766480702336;3.9365123094233185;0.24196333317113514;0.3225000460455746
92.06856940273975;34.41686025716723;179.22972577350575;0.4410977411930925;92.06856940273975;108.69935408147091;179.22972577350575;0.4410977411930925;92.06856940273975;108.69935408147091;23.3134196671881;928.9332337122878;2.9314305972602317;-3.699354081470929;90.9037880897522;104.84680581092834;179.136381149292;-0.2816945314407348;True;True;False;True;1.327063319470528;3.9367607545081493;0.24200028930161097;0.32853066086033866
92.05646860232387;34.60335171760465;179.313811732552;0.2826392785726881;92.05646860232387;108.78512369523852;179.313811732552;0.2826392785726881;92.05646860232387;108.78512369523852;22.64863322879012;929.3482927260876;2.943531397676125;-3.785123695238525;90.8125352859497;104.92928457260132;179.22377943992615;-0.2772115170955658;True;True;False;True;1.327495453913934;3.9364723702182594;0.24215138927254953;0.3328146562064695
92.07840260116264;34.71093261163571;179.42439938511606;0.3103083814927961;92.07840260116264;109.00885975419509;179.42439938511606;0.3103083814927961;92.07840260116264;109.00885975419509;21.696477951511888;929.6968955814336;2.921597398837349;-4.008859754195072;90.80586314201356;105.02520442008972;179.33146357536316;-0.3120724856853485;True;True;False;True;1.3223960039595424;3.937717471504056;0.2408538482112015;0.33805532637540153
92.34539586776148;34.82200042290982;179.68784766055975;0.0;92.34539586776148;108.7741453623354;179.68784766055975;0.0;92.34539586776148;108.7741453623354;21.631392101338577;929.5524553680808;2.654604132238518;-3.774145362335389;90.8631398677826;105.18528056144714;179.43127989768982;-0.2751871943473816;True;True;False;True;1.3240487007498902;3.933829118430135;0.24196280808302315;0.3390678993715565
92.41444648662036;34.73329277947702;179.96822419555912;0.2280662411822833;92.41444648662036;108.92678555564;179.96822419555912;0.2280662411822833;92.41444648662036;108.92678555564;20.822892333084617;929.7683013479948;2.585553513379637;-3.926785555640009;91.04592204093932;104.9592227935791;179.61445569992063;-0.3658194839954376;True;True;False;True;1.3257169967773874;3.9345572405115967;0.24428482836115117;0.34356993408187836
92.26163489692618;34.56006305786514;180.08560499184938;0.2354451323645537;92.26163489692618;109.11742705872297;180.08560499184938;0.2354451323645537;92.26163489692618;109.11742705872297;19.918037919500037;930.418664995834;2.738365103073818;-4.117427058722967;91.11533999443054;105.13408827781676;179.81045603752136;-0.4157948493957519;True;True;False;True;1.3210702499462204;3.9379076930403527;0.24526918798056158;0.34891524266795904
92.17088214689971;34.63586291588295;180.2074959448477;0.2107770904315608;92.17088214689971;108.91744087003876;180.2074959448477;0.2107770904315608;92.17088214689971;108.91744087003876;19.76902002237208;930.9652858429632;2.8291178531002856;-3.917440870038746;91.0163779258728;105.29448246955872;179.99212384223938;-0.4665569961071014;True;True;False;True;1.320375255139006;3.9363186711315477;0.24469759982801934;0.35476223298823856
92.06386155749216;34.82591527101245;180.1454456395473;0.369379437193795;92.06386155749216;108.85202673179332;180.1454456395473;0.369379437193795;92.06386155749216;108.85202673179332;19.37752284952441;931.5565427355252;2.9361384425078256;-3.8520267317933294;90.9243507385254;105.14666509628296;180.1702511310577;-0.4193075001239776;True;True;False;True;1.3196707613764835;3.9365838051509585;0.2445906404648461;0.36247858537654837
91.96479354324111;34.755832293299136;180.42948967150255;0.0048166928759257;91.96479354324111;108.85194752130408;180.42948967150255;0.0048166928759257;91.96479354324111;108.85194752130408;18.864077706263792;932.1461638896948;3.035206456758885;-3.851947521304084;90.80927181243896;105.11381602287292;180.27005434036252;-0.411992073059082;True;True;False;True;1.3173567027219926;3.935867920090242;0.24503853181288418;0.36390513346820696
91.80629080506802;34.20135872047692;180.50219137593103;0.0110077063433279;91.80629080506802;108.86852634803144;180.50219137593103;0.0110077063433279;91.80629080506802;108.86852634803144;18.31732704996851;932.8678635602756;3.193709194931984;-3.868526348031452;90.7602367401123;105.09328103065492;180.3861963748932;-0.4370969533920288;True;True;False;True;1.3114916437321982;3.934073020073697;0.24515985801294432;0.36604983625307635
91.72020174936554;33.92115405168026;180.62105827279973;0.0;91.72020174936554;108.80000343389082;180.62105827279973;0.0;91.72020174936554;108.80000343389082;17.93856936517891;933.4658695643382;3.2797982506344567;-3.800003433890822;90.59059143066406;105.10541534423828;180.50408244133;-0.4769261181354522;True;True;False;True;1.3085036541397648;3.9306597839628825;0.24538337502589458;0.367578999969712
91.50979142590272;33.85618152940398;180.5104783428104;0.3548833092604206;91.50979142590272;108.71155230828997;180.5104783428104;0.3548833092604206;91.50979142590272;108.71155230828997;17.608804491861843;934.3239966446818;3.490208574097281;-3.711552308289967;90.49579167366028;105.06174564361572;180.6286692619324;-0.5989313125610352;True;True;False;True;1.307030140679174;3.9283617638026747;0.24563909364985087;0.3785154658375953
91.78474620512166;33.88514160456546;180.62069551468556;0.1529284328042278;91.78474620512166;108.6013594824552;180.62069551468556;0.1529284328042278;91.78474620512166;108.6013594824552;17.33431650242603;934.2394482294568;3.215253794878336;-3.6013594824552086;90.34567880630492;104.99150490760805;180.70461988449097;-0.5664503574371338;True;True;False;True;1.3099310456448434;3.9250003553986486;0.24576113132071106;0.3841784660659069
91.97184709235044;33.865504375704695;180.7738606072884;0.2239313131796542;91.97184709235044;108.75461314128204;180.7738606072884;0.2239313131796542;91.97184709235044;108.75461314128204;16.547627920444988;934.293946960983;3.02815290764957;-3.75461314128205;90.5655415058136;104.87168288230896;180.761399269104;-0.5200581252574921;True;True;False;True;1.3094443124811517;3.924718573305072;0.24269727464889557;0.39062737220804006
91.78777471541396;33.74750329807082;180.76117187791948;0.1273638785595379;91.78777471541396;108.5806469370165;180.76117187791948;0.1273638785595379;91.78777471541396;108.5806469370165;16.394945243471824;935.065845435876;3.212225284586026;-3.580646937016496;90.76956391334534;105.03109526634216;180.8395791053772;-0.4626820981502533;True;True;False;True;1.3059827008269838;3.919018803226818;0.23979332377485868;0.39464527317785975
91.92450177242551;33.71961220917337;180.9259250614676;0.0414629339537389;91.92450177242551;108.70045726305024;180.9259250614676;0.0414629339537389;91.92450177242551;108.70045726305024;15.677904999802166;935.2206880264642;3.075498227574471;-3.700457263050225;90.56814122200012;104.88105845451356;180.91020584106445;-0.5266785621643066;True;True;False;True;1.3050635120111227;3.9158156592481963;0.2353344233229515;0.39703554370869365
91.75343744910634;33.63754042509458;181.39623458373845;0.1323860751356249;91.75343744910634;108.67666323411817;181.39623458373845;0.1323860751356249;91.75343744910634;108.67666323411817;15.232098755926254;935.9728831034458;3.246562550893657;-3.676663234118166;90.72434544563292;104.9760172367096;181.01939797401428;-0.5497525632381439;True;True;False;True;1.3019836429180631;3.911749874969823;0.23032667365842474;0.40104322219884514
91.7831319515324;33.57149250147703;181.659909685224;0.3127813862920744;91.7831319515324;108.53526003721304;181.659909685224;0.3127813862920744;91.7831319515324;108.53526003721304;15.024683385187398;936.3463691053796;3.216868048467603;-3.5352600372130496;90.5801441669464;104.99740266799928;181.2101137638092;-0.5924502015113831;True;True;False;True;1.2985055402782852;3.9085017948420364;0.23078137083113026;0.4091707123758204
92.06128694814252;33.926828288958724;181.64902318729324;0.1192135130908298;92.06128694814252;108.3194403958124;181.64902318729324;0.1192135130908298;92.06128694814252;108.3194403958124;14.984954663026972;936.2189748519552;2.9387130518574764;-3.319440395812393;90.5975124835968;104.86944270133972;181.4474856853485;-0.5912421643733978;True;True;False;True;1.2996780037424407;3.905603010263074;0.22831236449049197;0.414266003553004
91.89043825297551;33.5722840259215;181.8107391309847;0.1674207609270694;91.89043825297551;108.0444806873458;181.8107391309847;0.1674207609270694;91.89043825297551;108.0444806873458;15.09228202718518;936.9525006492034;3.109561747024472;-3.0444806873457964;90.84536361694336;104.64440822601318;181.65810704231265;-0.553034096956253;True;True;False;True;1.2989462118399617;3.9004978880933994;0.2213306684128167;0.419879083686173
91.74534514135044;33.60225156643966;181.85518557360388;0.0;91.74534514135044;108.0816945108182;181.85518557360388;0.0;91.74534514135044;108.0816945108182;14.61192362192758;937.6572951053902;3.254654858649559;-3.0816945108182097;90.7043981552124;104.40130710601808;181.84703946113584;-0.5364543199539185;True;True;False;True;1.2990565531443155;3.898567247525708;0.21762429855046797;0.4226866027840812
91.89249996273875;33.49771277347965;181.8622521176764;0.2308724422558217;91.89249996273875;108.11689012102666;181.8622521176764;0.2308724422558217;91.89249996273875;108.11689012102666;14.130639800068256;937.7969394437667;3.1075000372612465;-3.116890121026657;90.6073513031006;104.44692659378052;181.9753110408783;-0.6086824834346771;True;True;False;True;1.2997338138096792;3.8967664675022;0.21655129266206555;0.4296482508940297
91.92420178719294;33.7092264978021;181.96023580195015;0.0;91.92420178719294;108.19579122070247;181.96023580195015;0.0;91.92420178719294;108.19579122070247;13.557252251246371;938.14786913316;3.075798212807058;-3.195791220702489;90.70364451408386;104.51837730407716;182.0401287078857;-0.601993203163147;True;True;False;True;1.3003589800280206;3.8956187106438693;0.21635394425009807;0.43288295249948056
91.81562351500286;33.51298045448725;182.0466429499009;0.1843679429312076;91.81562351500286;107.945605195782;182.0466429499009;0.1843679429312076;91.81562351500286;107.945605195782;13.631518804993668;938.7751321059144;3.184376484997145;-2.945605195782008;90.74062132835388;104.55215287208556;182.11642026901245;-0.6381720304489136;True;True;False;True;1.2995099154571124;3.892015187940013;0.2162858909466703;0.4398948668211934
91.86358582804006;33.5575654810065;182.08753114486808;0.0;91.86358582804006;107.74136543462006;182.08753114486808;0.0;91.86358582804006;107.74136543462006;13.647250967879954;939.1037910111728;3.1364141719599417;-2.7413654346200644;90.64495038986206;104.37300062179564;182.2082507610321;-0.6065909564495087;True;True;False;True;1.298925267923616;3.8868700894803196;0.216591356526275;0.4436720265163896
91.89524363412112;33.49766810663729;182.33646904480625;0.0985179279585994;91.89524363412112;107.947646422294;182.33646904480625;0.0985179279585994;91.89524363412112;107.947646422294;12.86917360124938;939.458663955272;3.1047563658788846;-2.9476464222940137;90.7037205696106;104.15322780609132;182.26893782615664;-0.6631080806255341;True;True;False;True;1.2974312233580652;3.882700798070427;0.2162623983931068;0.4494954563556646
91.8272243379283;33.47847569466676;182.5217453663084;0.1723848391933852;91.8272243379283;108.1434864948356;182.5217453663084;0.1723848391933852;91.8272243379283;108.1434864948356;12.084473933193644;940.0086700631082;3.1727756620717003;-3.1434864948356136;90.70156335830688;104.37338089942932;182.37886428833008;-0.6428304314613342;True;True;False;True;1.2963033517252913;3.880441727766989;0.21611884792097358;0.45566581966303776
91.84930697344046;33.68576885900177;182.75702798913488;0.0;91.84930697344046;108.48277263223378;182.75702798913488;0.0;91.84930697344046;108.48277263223378;10.986770125752573;940.3875415470268;3.150693026559537;-3.4827726322337758;90.65388345718384;104.54088973999023;182.5222682952881;-0.6767456233501434;True;True;False;True;1.2946601681236527;3.8801863106225296;0.217255015668;0.4597091208128922
92.1171440291705;33.48040628814555;183.00184214786816;0.0;92.1171440291705;108.47025459540684;183.00184214786816;0.0;92.1171440291705;108.47025459540684;10.547436515108627;940.271959839108;2.882855970829496;-3.4702545954068285;90.71187925338744;104.83786582946776;182.6905870437622;-0.6703022122383118;True;True;False;True;1.2919556538146868;3.8764930507431763;0.2192723212840318;0.46341398440082743
92.02937505725276;33.1460249731306;183.16840604868105;0.2935534260096006;92.02937505725276;108.4760692795298;183.16840604868105;0.2935534260096006;92.02937505725276;108.4760692795298;10.073106534141756;940.831878579054;2.97062494274725;-3.47606927952981;90.9133849143982;104.83869552612305;182.89724826812744;-0.7033355534076691;True;True;False;True;1.2894337104842502;3.8740958602992044;0.22061661130787064;0.4727751717858215
92.10046953932208;33.16285260554063;183.1864570011887;0.1021877571141014;92.10046953932208;108.44817054141556;183.1864570011887;0.1021877571141014;92.10046953932208;108.44817054141556;9.66542810643294;941.0857729406148;2.899530460677923;-3.448170541415564;90.86647939682008;104.8700304031372;183.1092727184296;-0.7338413596153259;True;True;False;True;1.2914575788582308;3.871671620750353;0.2206367745018427;0.4790562082628527
92.05379914625392;33.427803848331365;183.127490532521;0.0;92.05379914625392;108.50595835764948;183.127490532521;0.0;92.05379914625392;108.50595835764948;9.090096401776345;941.5657177881748;2.946200853746077;-3.50595835764949;90.92839550971983;104.85772323608398;183.2643473148346;-0.7034093141555786;True;True;False;True;1.2902403456047769;3.866828345231083;0.22037265209402518;0.48340186359898324
91.76391304476452;33.43991663445612;183.39731438784057;0.1163511246873906;91.76391304476452;108.73250218930464;183.39731438784057;0.1163511246873906;91.76391304476452;108.73250218930464;8.169547624112809;942.5383167716532;3.2360869552354785;-3.7325021893046255;90.86154961586;104.90560364723206;183.35957407951355;-0.6785568594932556;True;True;False;True;1.286683844324625;3.863676517567056;0.22035003212546092;0.4892038959805706
91.90126569520584;33.57794763468602;183.33374411835908;0.0150606876295614;91.90126569520584;108.82324701531586;183.33374411835908;0.0150606876295614;91.90126569520584;108.82324701531586;7.490391013516396;942.6950897314686;3.0987343047941494;-3.823247015315857;90.5904185771942;105.13047909736632;183.4746277332306;-0.7602411508560181;True;True;False;True;1.2879237391921214;3.860865350316636;0.2205651470318866;0.49472637157277816
91.8764854837152;33.3736392596291;183.49524793963835;0.4688407712283773;91.8764854837152;108.9071218067634;183.49524793963835;0.4688407712283773;91.8764854837152;108.9071218067634;6.812875161912531;943.1578147284224;3.1235145162848;-3.9071218067633993;90.70604372024536;105.17365789413452;183.51247191429135;-0.7887324690818787;True;True;False;True;1.285932771300665;3.85670519408524;0.22029949278084562;0.5088240361776888
91.8937482073911;33.38323028506075;183.64919850532496;0.0;91.8937482073911;108.87322890456188;183.64919850532496;0.0;91.8937482073911;108.87322890456188;6.35971139208047;943.539757883242;3.106251792608901;-3.87322890456187;90.7021095752716;105.3193871974945;183.5979163646698;-0.7415550947189331;True;True;False;True;1.2855861833040634;3.8525977168045387;0.22017538272853712;0.5132350044109841
91.78636229240412;33.09090180434147;183.91418050660508;0.0494966329076054;91.78636229240412;109.25575892315636;183.91418050660508;0.0494966329076054;91.78636229240412;109.25575892315636;5.078220834283261;944.1686966188972;3.213637707595879;-4.25575892315635;90.70625805854796;105.23327851295473;183.7051022052765;-0.7386554777622223;True;True;False;True;1.2856364923957777;3.8521946114143506;0.22104112045892377;0.5187062386648477
91.63567558358815;33.11569051607505;184.19726363329795;0.0;91.63567558358815;109.02659443086988;184.19726363329795;0.0;91.63567558358815;109.02659443086988;4.969115295768663;944.8985550642084;3.364324416411847;-4.026594430869892;90.58980321884157;105.60563945770264;183.857501745224;-0.7137948274612427;True;True;False;True;1.2822523721645627;3.8484252126276197;0.22336572491062545;0.523151966765266
91.44989175128865;33.09298149351933;184.6430055231181;0.0;91.44989175128865;109.10169672580632;184.6430055231181;0.0;91.44989175128865;109.10169672580632;4.282031448446459;945.7186993176624;3.550108248711368;-4.101696725806335;90.49272179603577;105.41366147994997;184.1129434108734;-0.8608409762382507;True;True;False;True;1.278160717394861;3.8455780991995474;0.22896482962623924;0.5295144827811002
91.57319307921676;32.929939990558886;184.67951762468303;0.0904570335652086;91.57319307921676;109.17205057935752;184.67951762468303;0.0904570335652086;91.57319307921676;109.17205057935752;3.594430844569916;945.945444428301;3.4268069207832497;-4.172050579357517;90.27632999420166;105.47997498512268;184.42092895507807;-0.8762176334857941;True;True;False;True;1.2795384141444526;3.8431721950843536;0.2293168219380779;0.5373317024439049
91.54164318612342;32.916760616631784;184.717177793396;0.0306580996195612;91.54164318612342;109.15413998465336;184.717177793396;0.0306580996195612;91.54164318612342;109.15413998465336;3.0739786233972097;946.4654518039256;3.458356813876577;-4.154139984653369;90.45713472366332;105.5386483669281;184.6777606010437;-0.8888044953346252;True;True;False;True;1.2770085363220522;3.839956269073698;0.22934680574740707;0.5440244674844977
91.67023360502868;33.09140331080004;184.63808983849535;0.0;91.67023360502868;109.03677028671451;184.63808983849535;0.0;91.67023360502868;109.03677028671451;2.754832687987776;946.6693852079652;3.3297663949713296;-4.036770286714528;90.4051957130432;105.53857231140135;184.8486363887787;-0.8909435570240021;True;True;False;True;1.277538056252334;3.835103519613485;0.22984601355778284;0.5502795917269931
91.65814032410458;33.19935262512267;184.529232584089;0.0423397146931907;91.65814032410458;108.78118061758346;184.529232584089;0.0423397146931907;91.65814032410458;108.78118061758346;2.7277759880213104;947.1375406224762;3.341859675895421;-3.781180617583459;90.50788450241087;105.4322121143341;184.9363625049591;-0.8895765244960785;True;True;False;True;1.2780224492724743;3.8305328747135112;0.23310094419982982;0.5572976649971846
92.0036809089677;33.364352329173144;184.49219851319043;0.0;92.0036809089677;108.73149746634824;184.49219851319043;0.0;92.0036809089677;108.73149746634824;2.3229848748139448;946.8920407428692;2.996319091032305;-3.731497466348245;90.499760389328;105.18118739128111;184.91441130638125;-0.9202609956264496;True;True;False;True;1.2808208364396987;3.8274386186489706;0.23632910331758547;0.5641624232429777
92.20572873093953;33.12829376758905;184.54344235113052;0.0;92.20572873093953;108.7217656880706;184.54344235113052;0.0;92.20572873093953;108.7217656880706;1.8449154358561255;946.8874543110632;2.7942712690604736;-3.721765688070605;90.81748580932616;105.16679215431212;184.85837936401367;-0.930461287498474;True;True;False;True;1.2779139257163703;3.822768407666881;0.23744771056631403;0.5710908725567493
92.30959692032836;33.18182348397662;184.65984949049783;0.0;92.30959692032836;108.58184734427216;184.65984949049783;0.0;92.30959692032836;108.58184734427216;1.6285166983769577;947.052287434827;2.69040307967164;-3.5818473442721483;91.03908395767212;105.1141963005066;184.83046174049375;-0.9321840107440948;True;True;False;True;1.2771050493078084;3.817325385977994;0.23727894819080322;0.5778162277520907
92.36048572330084;33.20957047119527;184.7524733265791;0.0;92.36048572330084;108.77348989118406;184.7524733265791;0.0;92.36048572330084;108.77348989118406;0.7676519586501891;947.3092302395048;2.63951427669916;-3.773489891184056;91.12763333320618;105.01611924171448;184.84333872795105;-0.9500144422054292;True;True;False;True;1.2750073750162008;3.814466148070282;0.23742917990600756;0.5848194782314414
92.4687413938946;33.18104617782019;184.8759345825497;0.0;92.4687413938946;108.80943318902672;184.8759345825497;0.0;92.4687413938946;108.80943318902672;0.1926333774736538;947.4446541352106;2.5312586061053963;-3.80943318902672;91.19879364967346;105.1703805923462;184.91224765777588;-0.9579560160636902;True;True;False;True;1.2722173021958993;3.8101102269279137;0.23294368078449695;0.5919085549679662
92.47748419468196;33.01758415549027;185.15364257836404;0.0;92.47748419468196;108.86201009905156;185.15364257836404;0.0;92.47748419468196;108.86201009905156;0.0;947.7646696811166;2.5225158053180365;-3.86201009905156;91.2386190891266;105.22641277313232;185.01619458198547;-0.9727098047733308;True;True;False;True;1.2723670359378643;3.804683361838175;0.2307611574029711;0.5984720713910215
92.6113102775826;32.93969184012147;185.54856465562247;0.0;92.6113102775826;108.80079720347403;185.54856465562247;0.0;92.6113102775826;108.80079720347403;0.0;947.8333529560244;2.3886897224174106;-3.800797203474048;91.29528045654295;105.28105521202087;185.15650391578677;-0.9833116829395294;True;True;False;True;1.2719605681558863;3.7986896277435394;0.23359986785780215;0.6046247473948456
92.74013532730312;32.69001744351968;185.6235478489205;0.1243;92.74013532730312;108.76686025716516;185.6235478489205;0.1243;92.74013532730312;108.76686025716516;0.0;947.8941948195724;2.259864672696878;-3.766860257165149;91.4275963306427;105.23701906204224;185.3770124912262;-0.9893862903118134;True;True;False;True;1.271766990878018;3.79478804659009;0.2342796125181904;0.612040036083295
92.66507297861904;32.93030513002853;185.797756075226;0.0090367309563657;92.66507297861904;109.00335171760256;185.797756075226;0.0090367309563657;92.66507297861904;109.00335171760256;0.0;948.3456348066334;2.334927021380949;-4.00335171760257;91.51685786247252;105.19611501693726;185.58368682861328;-0.9802891314029694;True;True;False;True;1.269476651129382;3.7941176565091914;0.23514597684935723;0.6189073794136195
92.57325460378706;32.77245501428728;185.86630450525948;0.0;92.57325460378706;109.16093261163364;185.86630450525948;0.0;92.57325460378706;109.16093261163364;0.0;948.8405951591482;2.4267453962129366;-4.160932611633626;91.47343015670776;105.39822912216188;185.78653216362;-0.9645108878612518;True;True;False;True;1.268676123029845;3.7928106756896742;0.23445229894210953;0.6254952167938145
92.45707022474272;32.86545740407608;186.1945819178219;0.0429;92.45707022474272;109.32200042290772;186.1945819178219;0.0429;92.45707022474272;109.32200042290772;0.0;949.3965299700652;2.542929775257292;-4.322000422907735;91.3669662475586;105.55952906608582;185.9586799144745;-0.9562283754348756;True;True;False;True;1.266574375179983;3.789725137934224;0.23494563057168907;0.6325147391579717
92.43246239401331;32.963981344544266;185.9998830447716;0.0;92.43246239401331;109.28329277947492;185.9998830447716;0.0;92.43246239401331;109.28329277947492;0.0;949.7848029348916;2.5675376059866863;-4.28329277947492;91.25873231887816;105.72838616371156;186.1310374736786;-0.986783355474472;True;True;False;True;1.2645705462495582;3.785580424535895;0.23518659351693275;0.6394254735433613
92.391408523086;32.74815817870691;186.3952505171109;0.0;92.391408523086;109.16006305786306;186.3952505171109;0.0;92.391408523086;109.16006305786306;0.0;950.2092490242112;2.608591476913986;-4.160063057863056;91.26500344276428;105.67353630065918;186.2134003639221;-0.9806562960147858;True;True;False;True;1.2602223839875566;3.780687372545399;0.2351510403959216;0.6460519801497308
92.33773399610205;32.930750961405735;186.74034815193917;0.1653;92.33773399610205;109.28586291588086;186.74034815193917;0.1653;92.33773399610205;109.28586291588086;0.0;950.664410275101;2.662266003897954;-4.285862915880855;91.2147445678711;105.58453059196472;186.3817846775055;-0.9780648350715636;True;True;False;True;1.2588946541192416;3.777452637756804;0.23739142237804003;0.6544807377327111
92.3152051697472;33.360448693908666;186.6242522663672;0.0;92.3152051697472;109.52591527101036;186.6242522663672;0.0;92.3152051697472;109.52591527101036;0.0;951.0644367283304;2.684794830252798;-4.525915271010348;91.18039512634276;105.70715975761414;186.5992903709412;-0.9751750528812408;True;True;False;True;1.2535541481886445;3.777930543385248;0.2358444938564736;0.6607655869414802
92.42360263072638;33.334282797034305;186.6066641020021;0.1735;92.42360263072638;109.50583229329705;186.6066641020021;0.1735;92.42360263072638;109.50583229329705;0.0;951.2056144504056;2.576397369273621;-4.505832293297033;91.16126370429993;105.95194101333618;186.72319531440732;-0.9538909792900084;True;True;False;True;1.2550523245893452;3.77624867227137;0.2315606859071038;0.6693735264720908
92.53070579996788;33.162400393336064;186.7871282643424;0.0;92.53070579996788;109.0013587204748;186.7871282643424;0.0;92.53070579996788;109.0013587204748;0.4081695065381704;951.3349277611592;2.4692942000321096;-4.001358720474812;91.27844452857973;105.91221928596497;186.85275197029117;-0.9223410487174988;True;True;False;True;1.2519851854541693;3.766813895493842;0.23123891218627027;0.6750965355764713
92.46208362591037;33.37807796603819;186.78556626757683;0.0135619775762786;92.46208362591037;108.77115405167817;186.78556626757683;0.0135619775762786;92.46208362591037;108.77115405167817;0.3350643480681811;951.8014113359452;2.5379163740896478;-3.771154051678153;91.39635133743286;105.4454665184021;186.95214867591855;-0.9542696177959442;True;True;False;True;1.2494202320177388;3.760903182418887;0.23016399160044387;0.6813524956958003
92.44320699797794;33.57845200654192;187.070008213654;0.0;92.44320699797794;108.75618152940189;187.070008213654;0.0;92.44320699797794;108.75618152940189;0.0;952.1775534416888;2.556793002022061;-3.756181529401872;91.29922151565552;105.24696159362792;186.99788689613345;-0.9356130659580232;True;True;False;True;1.2467198392172356;3.756470927739485;0.22851793877076282;0.6869760708118735
92.37832311628948;33.51960373063197;187.30669281458708;0.0;92.37832311628948;108.83514160456336;187.30669281458708;0.0;92.37832311628948;108.83514160456336;0.0;952.6482269386686;2.621676883710535;-3.835141604563347;91.31095480918884;105.24987244606018;187.11249470710757;-0.9823577105998992;True;True;False;True;1.243693131002125;3.751710653490094;0.22670343899716003;0.6927746361538744
92.35882238368283;33.42105617967181;187.29756473798503;0.2851;92.35882238368283;108.8655043757026;187.29756473798503;0.2851;92.35882238368283;108.8655043757026;0.0;953.03678532171;2.641177616317151;-3.865504375702585;91.26275634765624;105.31011533737184;187.27479457855225;-0.9809808433055878;True;True;False;True;1.241680533551407;3.7472603145036274;0.22480709875657323;0.7020649202283621
92.50707456399864;33.736261859699326;187.56505046637363;0.0;92.50707456399864;108.7975032980687;187.56505046637363;0.0;92.50707456399864;108.7975032980687;0.0;943.0924379765872;-2.5070745639986285;-3.7975032980687047;91.25957584381104;105.38786482810974;187.3890221118927;-0.9585756063461304;True;True;False;True;1.2414362509185066;3.7413746874562706;0.22370040196507207;0.705412932821197
92.54775577996674;33.75698473664329;187.614907318724;0.0;92.54775577996674;108.81961220917124;187.614907318724;0.0;92.54775577996674;108.81961220917124;0.0;942.6767989361178;-2.547755779966735;-3.819612209171254;91.34954953193665;105.24418210983276;187.47913479804996;-0.940207540988922;True;True;False;True;1.2397725485047475;3.737407935244998;0.22177384368744155;0.7095147545592756
92.37793754230177;33.53374839497566;187.68676221098465;0.0;92.37793754230177;108.78754042509246;187.68676221098465;0.0;92.37793754230177;108.78754042509246;0.0;942.6767346407856;-2.377937542301765;-3.787540425092459;91.41622257232666;105.2434422969818;187.541264295578;-0.9182825684547424;True;True;False;True;1.2359544318876075;3.7342648912042016;0.21753970269109088;0.7147657757589059
92.49015381288368;33.485362650456565;187.79142160647157;0.0;92.49015381288368;108.77149250147492;187.79142160647157;0.0;92.49015381288368;108.77149250147492;0.0;942.135243760648;-2.4901538128836904;-3.77149250147491;91.28361630439758;105.24783277511597;187.60432481765747;-0.9938611090183258;True;True;False;True;1.237338201939955;3.730610320342034;0.2161512843019598;0.7209458783789929
92.68783984062384;33.223725812420064;187.5724524345536;0.0;92.68783984062384;109.1768282889566;187.5724524345536;0.0;92.68783984062384;109.1768282889566;0.0;941.4078511967832;-2.687839840623837;-4.176828288956585;91.37717151641846;105.19328713417052;187.7012300491333;-0.9956198930740356;True;True;False;True;1.2391611026242952;3.732486737245967;0.21649973253476237;0.7268276252118978
92.78822245087824;32.87689004190789;187.5620784858739;0.0209;92.78822245087824;108.87228402591936;187.5620784858739;0.0209;92.78822245087824;108.87228402591936;0.0521780875469137;940.848707330858;-2.7882224508782514;-3.872284025919356;91.52018356323242;105.53749370574953;187.68590092659;-0.997527837753296;True;True;False;True;1.2394930033124079;3.7245330594887145;0.2161701328521105;0.7330789114406622
93.08206631662948;32.860385818996626;187.7227722857417;0.0022761606124199;93.08206631662948;108.95225156643752;187.7227722857417;0.0022761606124199;93.08206631662948;108.95225156643752;0.0;939.8892566059052;-3.0820663166294797;-3.952251566437525;91.6362442970276;105.277024269104;187.6608157157898;-0.9913942217826844;True;True;False;True;1.2386804369204272;3.719684166282484;0.2161220576612304;0.7391704724415638
93.63512438849558;32.587021990479826;187.7914575392361;0.0692113801898961;93.63512438849558;108.89771277347752;187.7914575392361;0.0692113801898961;93.63512438849558;108.89771277347752;0.0;938.3721982866224;-3.635124388495584;-3.897712773477508;91.89882254600523;105.32158589363098;187.64597177505493;-0.9933054447174072;True;True;False;True;1.242763520139077;3.7167218923069942;0.2165667240086541;0.7459825008095479
93.75011972444246;32.42681416110923;187.82845701535425;0.0;93.75011972444246;109.15922649779996;187.82845701535425;0.0;93.75011972444246;109.15922649779996;0.0;937.6575243629292;-3.750119724442456;-4.159226497799949;92.4288535118103;105.30972814559937;187.64304757118225;-0.9853310883045197;True;True;False;True;1.2443910604076234;3.716814943266601;0.2172866498891705;0.7513722004222261
93.60119417713138;32.24780432680812;187.93398593883413;0.0;93.60119417713138;109.0129804544851;187.93398593883413;0.0;93.60119417713138;109.0129804544851;0.0;937.4553594942925;-3.601194177131376;-4.012980454485103;92.53892660140993;105.49988770484924;187.66834259033203;-0.9809546172618866;True;True;False;True;1.243927913684887;3.712107528018696;0.21867192392470972;0.7554357708081479
93.59814339127898;32.22379242145871;187.78035883730567;0.01;93.59814339127898;109.10756548100434;187.78035883730567;0.01;93.59814339127898;109.10756548100434;0.0;936.9813018423796;-3.598143391278981;-4.107565481004343;92.3704912662506;105.40186595916748;187.7244532108307;-0.9757077693939208;True;True;False;True;1.2458114437033299;3.7094198836764494;0.21869766433729304;0.7600895747962402
93.51910976285944;32.1288902350307;187.92682648225903;0.0783871303043707;93.51910976285944;109.09766810663514;187.92682648225903;0.0783871303043707;93.51910976285944;109.09766810663514;0.0;936.6596166470482;-3.519109762859429;-4.09766810663514;92.36267137527466;105.44698762893675;187.73929715156555;-0.9952478110790252;True;True;False;True;1.2428855652002408;3.7087068266476404;0.21939586273820255;0.7669339046221464
93.50128377843984;32.32355677528889;188.04832065430327;0.0;93.50128377843984;109.1284756946646;188.04832065430327;0.0;93.50128377843984;109.1284756946646;0.0;936.2260539808394;-3.5012837784398414;-4.128475694664601;92.30783534049988;105.45529842376708;187.760409116745;-0.9895633161067964;True;True;False;True;1.2380965203502545;3.706721844520642;0.22077615482219679;0.7712441173470294
93.58568124299538;32.24591867577406;188.22644713215365;0.1707;93.58568124299538;109.3857688589996;188.22644713215365;0.1707;93.58568124299538;109.3857688589996;0.0;935.590421214603;-3.5856812429953777;-4.385768858999612;92.29075050354004;105.4993691444397;187.80250191688535;-0.982574075460434;True;True;False;True;1.238107053997052;3.7079406531504078;0.22444586465951763;0.7787081038731223
93.40130283651534;32.55997832816689;188.13457364168173;0.023380601803513;93.40130283651534;109.2304062881434;188.13457364168173;0.023380601803513;93.40130283651534;109.2304062881434;0.0;935.4810871951636;-3.4013028365153417;-4.230406288143399;92.35597848892212;105.71683263778688;187.8861105442047;-0.9549957513809204;True;True;False;True;1.2324924024530877;3.704748062086026;0.2253703313432811;0.7838276198164087
93.487153361825;32.76780042970051;187.83639847472972;0.0;93.487153361825;108.94602497312844;187.83639847472972;0.0;93.487153361825;108.94602497312844;0.0047084582774838;934.8558790996756;-3.4871533618250083;-3.946024973128431;92.1928324699402;105.5474500656128;187.94577479362488;-0.9608933329582214;True;True;False;True;1.2300754741082072;3.7018690829995666;0.22405247888439853;0.78906847604123
93.40089154599214;32.685524576131165;187.80321267283068;0.0155549320132373;93.40089154599214;109.01285260553846;187.80321267283068;0.0155549320132373;93.40089154599214;109.01285260553846;0.0;934.5634489497648;-3.4008915459921383;-4.012852605538456;92.24661064147948;105.27902245521544;187.88642525672915;-0.9454970061779022;True;True;False;True;1.2281952452462577;3.7029215712942034;0.2225791138923808;0.7939249585721248
93.48279263294629;32.608223745482;187.66363114021152;0.0;93.48279263294629;109.3278038483292;187.66363114021152;0.0;93.48279263294629;109.3278038483292;0.0;933.9461945697242;-3.4827926329462717;-4.3278038483291965;92.19652462005617;105.38330841064452;187.8164279460907;-0.9961935877799988;True;True;False;True;1.2276105455269588;3.7024994783235825;0.22292519494888297;0.7989677989018967
93.622410968377;32.724740144128496;187.39206288543116;0.1271;93.622410968377;109.38991663445395;187.39206288543116;0.1271;93.622410968377;109.38991663445395;0.0;933.2025855478032;-3.622410968377011;-4.389916634453954;92.2528955936432;105.63141536712646;187.6820456981659;-0.9924481809139252;True;True;False;True;1.2297428696848758;3.6980432942440697;0.22461656389043722;0.8052966904838622
93.6784636331499;33.20797091485399;187.2111442323117;0.0;93.6784636331499;109.57794763468384;187.2111442323117;0.0;93.6784636331499;109.57794763468384;0.0;932.6074920891404;-3.678463633149903;-4.577947634683852;92.39879083633424;105.67561054229736;187.48857617378235;-0.9793023765087128;True;True;False;True;1.2296951269924539;3.700011853081501;0.2261246161196352;0.8098498232792316
94.03199215130743;33.15328974379516;187.0160979988476;0.0;94.03199215130743;109.42363925962692;187.0160979988476;0.0;94.03199215130743;109.42363925962692;0.0;931.409973235072;-4.031992151307435;-4.423639259626924;92.43036079406738;105.86367511749268;187.3402547836304;-0.9750734269618988;True;True;False;True;1.2334740410347638;3.6996756689901176;0.22742750768685546;0.8131420046490879
94.03029610604722;33.00161614988041;187.1179555999019;0.0;94.03029610604722;109.48323028505855;187.1179555999019;0.0;94.03029610604722;109.48323028505855;0.0;930.8757663720849;-4.030296106047217;-4.483230285058568;92.76296544075012;105.69325542449953;187.14317917823792;-0.9575806558132172;True;True;False;True;1.2321152886347175;3.697699920938986;0.22209836144062545;0.8157520985577693
94.14763289020664;32.80718023257521;187.27162287773567;0.0;94.14763289020664;109.24090180433927;187.27162287773567;0.0;94.14763289020664;109.24090180433927;0.0;930.1037199896264;-4.147632890206651;-4.240901804339288;92.75038170814514;105.74269151687622;187.0095443725586;-1.0009798407554626;True;True;False;True;1.2346240247576072;3.6960836487116735;0.2206483271843102;0.8182915377359337
94.32546347483375;32.50899009009031;187.1224265843674;0.0;94.32546347483375;109.31569051607286;187.1224265843674;0.0;94.32546347483375;109.31569051607286;0.0;929.195041101678;-4.325463474833768;-4.315690516072863;92.878666639328;105.5346658229828;186.9862163066864;-0.9996849298477172;True;True;False;True;1.2360111639464997;3.6953227889690856;0.2208304553362032;0.8231584973009882
94.44760477627987;32.48412542685921;186.54327477112827;0.0334;94.44760477627987;109.34298149351714;186.54327477112827;0.0334;94.44760477627987;109.34298149351714;0.0;928.3740300354746;-4.447604776279874;-4.342981493517144;93.02543306350708;105.57344722747804;186.9523322582245;-1.002659946680069;True;True;False;True;1.2379395116009348;3.692340726290543;0.2242210088010273;0.8277987683759735
94.588568673951;32.52061660335587;186.6299110416793;0.0;94.588568673951;109.22993999055667;186.6299110416793;0.0;94.588568673951;109.22993999055667;0.0;927.4990882699616;-4.588568673951002;-4.229939990556687;93.10966801643372;105.55285000801086;186.7683172225952;-0.99750816822052;True;True;False;True;1.2382638482413197;3.6920337515859125;0.22460898767313334;0.8322323684591283
94.57829164813624;32.58850912797702;186.67412765577265;0.035;94.57829164813624;109.2667606166296;186.67412765577265;0.035;94.57829164813624;109.2667606166296;0.0;926.9078331650644;-4.578291648136229;-4.266760616629597;93.2765200138092;105.44424271583556;186.61071181297305;-0.9952822327613832;True;True;False;True;1.2366379948742934;3.69141627108747;0.2240288332596834;0.8364393298353106
94.6663330292548;32.47034272075957;186.64452428666752;0.0772849750646497;94.6663330292548;109.49140331079784;186.64452428666752;0.0772849750646497;94.6663330292548;109.49140331079784;0.0;926.1213115164092;-4.666333029254801;-4.491403310797836;93.26845121383668;105.49587750434875;186.48584961891171;-0.9905107319355012;True;True;False;True;1.2396574325962832;3.6929661865673125;0.2236687001508417;0.8401648007416148
94.47385646320416;32.54438058270945;186.58529712105263;0.0;94.47385646320416;109.64935262512049;186.58529712105263;0.0;94.47385646320416;109.64935262512049;0.0;925.8840869112764;-4.473856463204172;-4.649352625120471;93.33273196220398;105.692937374115;186.36795043945312;-0.9861752390861512;True;True;False;True;1.2408994333207657;3.6942957076447014;0.2241531380524748;0.8442379184458175
94.39646699974752;32.54008419927836;186.4227812374624;0.0;94.39646699974752;109.86435232917094;186.4227812374624;0.0;94.39646699974752;109.86435232917094;0.0;925.4423516430958;-4.396466999747531;-4.864352329170941;93.12779688835144;105.84329223632812;186.3770377635956;-0.9777386486530304;True;True;False;True;1.2378201259361459;3.6982772981110412;0.22358554699988084;0.8493486743638781
94.41545644366246;32.39016269678689;186.33581992546067;0.0;94.41545644366246;109.67829376758684;186.33581992546067;0.0;94.41545644366246;109.67829376758684;0.0;924.8181771552996;-4.415456443662464;-4.678293767586837;93.03585267066956;106.04092597961426;186.307053565979;-0.9794007241725922;True;True;False;True;1.240584543982248;3.6960770808132155;0.22327120430054628;0.8543072824115838
94.56532125128813;32.06724566661284;186.17099646074143;0.0;94.56532125128813;109.78182348397442;186.17099646074143;0.0;94.56532125128813;109.78182348397442;0.0;923.9297200142266;-4.565321251288111;-4.781823483974421;93.08714175224304;105.82941555976868;186.18348956108093;-1.0032615065574646;True;True;False;True;1.2420871562872453;3.694534539042882;0.22246002845012602;0.8578210981199828
94.44929857739396;32.06160973728091;185.9471209442405;0.1288;94.44929857739396;109.85957047119304;185.9471209442405;0.1288;94.44929857739396;109.85957047119304;0.0;923.5530558618432;-4.449298577393947;-4.859570471193052;93.19207763671876;105.91997003555298;186.0679244995117;-1.0001176595687866;True;True;False;True;1.2426681067283636;3.695419437825807;0.2206616477472475;0.8634689525519693
94.68603085861074;32.114299200391045;185.81229481338747;0.0;94.68603085861074;109.88104617781798;185.81229481338747;0.0;94.68603085861074;109.88104617781798;0.0;922.4863514890905;-4.686030858610735;-4.881046177817979;93.08322834968568;105.97399020195007;185.89697003364563;-0.9851425886154176;True;True;False;True;1.2459066363033058;3.6941903924022044;0.2193512307646186;0.8671968880428925
94.65880799215375;31.600911172413586;185.7403854496499;0.1834;94.65880799215375;109.76758415548804;185.7403854496499;0.1834;94.65880799215375;109.76758415548804;0.0;921.915993107523;-4.658807992153754;-4.767584155488052;93.33253145217896;106.00120425224304;185.75183510780332;-0.973486751317978;True;True;False;True;1.2486360330190813;3.6954942859819786;0.21207390903185186;0.8733031889205282
94.3543327594744;32.020165751086644;185.9124777557656;0.0;94.3543327594744;109.73969184011924;185.9124777557656;0.0;94.3543327594744;109.73969184011924;0.0;921.903769173928;-4.354332759474389;-4.739691840119249;93.27085041999815;105.90769743919373;185.605742931366;-0.938609391450882;True;True;False;True;1.2451393557613686;3.694255944624984;0.21127252316851788;0.8773252646650146
94.53322194747238;31.91075912109128;185.9950281014034;0.0;94.53322194747238;109.54001744351746;185.9950281014034;0.0;94.53322194747238;109.54001744351746;0.0;920.9654130966688;-4.533221947472384;-4.540017443517456;93.03845930099487;105.84851241111755;185.5362045764923;-0.9624144434928894;True;True;False;True;1.2468843872104192;3.691353877740663;0.21290197797244542;0.8820498072821611
94.71578157412029;31.899282488146053;185.6047234841581;0.2918;94.71578157412029;109.8303051300263;185.6047234841581;0.2918;94.71578157412029;109.8303051300263;0.0;919.9958642503766;-4.715781574120271;-4.830305130026304;93.1702013015747;105.69104290008544;185.5360472202301;-0.9517043828964232;True;True;False;True;1.2457332419258842;3.691500144291975;0.2112905242013372;0.8892292871533012
94.76616847600953;32.038304730361574;185.7042211887988;0.0;94.76616847600953;109.72245501428506;185.7042211887988;0.0;94.76616847600953;109.72245501428506;0.0;919.2663195700488;-4.7661684760095255;-4.72245501428506;93.34473490715028;105.95258402824402;185.468829870224;-0.9707149863243104;True;True;False;True;1.247922907682239;3.689374633185777;0.20948279209104298;0.892949576672935
94.66025088657528;31.852528678092103;185.19172477982892;0.0;94.66025088657528;109.86545740407384;185.19172477982892;0.0;94.66025088657528;109.86545740407384;0.0;918.8426656187826;-4.660250886575284;-4.865457404073851;93.3924286365509;105.8249282836914;185.44108271598816;-0.9397338330745696;True;True;False;True;1.2471975720445108;3.691873662283056;0.20934010611799264;0.8959151172916283
94.56991853082492;31.67534850421301;184.98906922211168;0.0;94.56991853082492;110.01398134454205;184.98906922211168;0.0;94.56991853082492;110.01398134454205;0.0;918.4019635454066;-4.569918530824921;-5.013981344542032;93.26361131668092;105.96451091766356;185.2638733386993;-0.9184186160564424;True;True;False;True;1.2479831495577365;3.6952536853699223;0.2098571447547668;0.898290901364554
94.49647975849112;31.578152715889143;184.7416036430428;0.161;94.49647975849112;109.84815817870468;184.7416036430428;0.161;94.49647975849112;109.84815817870468;0.0;917.9395186192976;-4.496479758491134;-4.848158178704665;93.1844789981842;106.05894422531128;185.01084446907043;-1.0025452077388763;True;True;False;True;1.248195133455072;3.695682196442484;0.21108055438093684;0.9025186982619592
94.59496553359644;31.77527117044327;184.8343414206473;0.0;94.59496553359644;110.0807509614035;184.8343414206473;0.0;94.59496553359644;110.0807509614035;0.0;917.1430164346214;-4.594965533596437;-5.080750961403496;93.11372661590576;105.91178369522096;184.78320240974423;-0.9846885502338408;True;True;False;True;1.2527850258414182;3.6988127596825677;0.20871357151228218;0.9063731433603648
94.5545879692268;31.62589444788837;184.61497981643677;0.0;94.5545879692268;110.56044869390642;184.61497981643677;0.0;94.5545879692268;110.56044869390642;0.0;916.6111094922144;-4.554587969226787;-5.560448693906423;93.16536831855774;106.09749746322632;184.5624315738678;-0.9652304649353028;True;True;False;True;1.2548177060805243;3.7052639255059674;0.20696499487219902;0.9095356989402297
94.21809544037816;31.55785918073826;184.54202177580115;0.066;94.21809544037816;110.58428279703206;184.54202177580115;0.066;94.21809544037816;110.58428279703206;0.0;916.6768161540148;-4.218095440378164;-5.58428279703206;93.11199116706848;106.54919123649596;184.4013249874115;-0.9534664452075958;True;True;False;True;1.2524312848539312;3.7087037204602504;0.20739465405314964;0.91254812870725
94.05891330602364;31.75328665286352;184.53245831552985;0.0;94.05891330602364;110.4624003933338;184.53245831552985;0.0;94.05891330602364;110.4624003933338;0.0;916.4327676973402;-4.058913306023626;-5.462400393333809;92.7829749584198;106.55824184417725;184.29476857185364;-0.9920302033424376;True;True;False;True;1.2529863806270527;3.7106862497530195;0.20847706050955198;0.9163471438962302
94.02042351444696;31.608249104471746;184.0417952619485;0.1641;94.02042351444696;110.72807796603594;184.0417952619485;0.1641;94.02042351444696;110.72807796603594;0.0;915.9685588396904;-4.020423514446961;-5.72807796603594;92.69611954689026;106.44932341575624;184.24312949180603;-0.9877356886863708;True;True;False;True;1.2544259867853298;3.7149290720946637;0.20916973483274498;0.9203281355448375
93.7737854064615;31.84954667081105;183.9993576774447;0.2297325949287896;93.7737854064615;110.97845200653968;183.9993576774447;0.2297325949287896;93.7737854064615;110.97845200653968;0.0;915.9257785870684;-3.7737854064614993;-5.978452006539669;92.61780309677124;106.70292019844057;184.04617190361023;-0.966854840517044;True;True;False;True;1.2536609161687207;3.7191023575818063;0.2090411732988178;0.9258353233483729
93.67378446074636;31.861203860715506;183.9885627381146;0.0;93.67378446074636;110.96960373062971;183.9885627381146;0.0;93.67378446074636;110.96960373062971;0.0;915.6226090909704;-3.6737844607463614;-5.969603730629714;92.36552000045776;106.91626286506651;183.90291213989255;-0.940992683172226;True;True;False;True;1.2539951624640358;3.7197867979352344;0.20901288118194297;0.9282776051351955
93.87670601086758;31.602399956067305;183.84790841559283;0.0331;93.87670601086758;110.92105617966956;183.84790841559283;0.0331;93.87670601086758;110.92105617966956;0.0;914.7269280626284;-3.8767060108675793;-5.921056179669549;92.29906129837036;106.89829301834106;183.77134919166565;-0.8989588916301727;True;True;False;True;1.2550527167941063;3.723820366387365;0.20770469843728792;0.9321525924978106
93.9184460375448;31.54499496847866;183.68024614129868;0.0192375164957276;93.9184460375448;111.28626185969706;183.68024614129868;0.0192375164957276;93.9184460375448;111.28626185969706;0.0;914.1265538744916;-3.918446037544797;-6.286261859697063;92.46052026748656;106.83455848693848;183.6010110378265;-0.9301809966564178;True;True;False;True;1.2559675509890686;3.7287925196082203;0.20508673654950005;0.9348243655438413
93.86857110824278;31.360930338416367;183.66451219709424;0.0060263734876789;93.86857110824278;111.35698473664102;183.66451219709424;0.0060263734876789;93.86857110824278;111.35698473664102;0.0;913.703844261423;-3.868571108242776;-6.356984736641024;92.47676157951356;107.18310713768004;183.5072660446167;-0.9969410300254822;True;True;False;True;1.25822073351039;3.730686712729637;0.203953694640783;0.9376491662385136
93.95018780976574;30.94617645240242;183.50344840654307;0.0;93.95018780976574;111.1837483949734;183.50344840654307;0.0;93.95018780976574;111.1837483949734;0.0;913.024801377278;-3.950187809765737;-6.183748394973392;92.43142557144164;107.22969460487366;183.4148585796356;-0.9900763630867004;True;True;False;True;1.261733635288753;3.7337420689784158;0.20309301644563138;0.9401737036034234
93.8927644739262;30.844866212939905;183.22056169617363;0.1303;93.8927644739262;111.1853626504543;183.22056169617363;0.1303;93.8927644739262;111.1853626504543;0.0;912.6129563409884;-3.8927644739262064;-6.185362650454295;92.52001643180849;107.06664538383484;183.27688336372373;-1.0014404356479645;True;True;False;True;1.2638427929665457;3.737677218923966;0.2031502329002078;0.9433534696293785
93.98695792453309;30.80780785930557;182.91090488682752;0.0;93.98695792453309;110.9737258124178;182.91090488682752;0.0;93.98695792453309;110.9737258124178;0.0;911.9055341765844;-3.986957924533087;-5.973725812417797;92.46195840835573;107.06636190414427;183.1014442443848;-0.9916368126869202;True;True;False;True;1.2673997706136473;3.7392503804263746;0.20339365114739624;0.9472464811888487
94.01332090932812;30.42681507278693;182.6956049984551;0.4077;94.01332090932812;110.6768900419056;182.6956049984551;0.4077;94.01332090932812;110.6768900419056;0.0;911.3212138170566;-4.0133209093281295;-5.676890041905608;92.50840067863464;106.84312510490416;182.8995430469513;-0.9786057472229004;True;True;False;True;1.2715909699506647;3.739791621823668;0.2040214648541628;0.95546939636266
93.77892027603376;30.85695938094669;182.4717106937357;0.1612452765559963;93.77892027603376;110.71038581899435;182.4717106937357;0.1612452765559963;93.77892027603376;110.71038581899435;0.0;911.2549056290682;-3.778920276033759;-5.710385818994354;92.59373497962952;106.61183333396912;182.65586376190183;-0.9187103807926178;True;True;False;True;1.272050742803289;3.7436160235953437;0.204471656197652;0.959925376418294
94.07994694515574;30.826158362018123;182.5890230074628;0.0;94.07994694515574;110.48702199047754;182.5890230074628;0.0;94.07994694515574;110.48702199047754;0.0;910.1489962540196;-4.07994694515574;-5.487021990477544;92.36199378967284;106.6391441822052;182.4003565311432;-0.8906272053718567;True;True;False;True;1.2789043879828257;3.745418750069663;0.20495184238403508;0.9593733494424485
93.80132566390084;30.62461286248888;182.22380508117237;0.0342;93.80132566390084;110.37681416110696;182.22380508117237;0.0342;93.80132566390084;110.37681416110696;0.0;910.1622458905088;-3.801325663900855;-5.3768141611069495;92.62786316871644;106.41465592384338;182.2687542438507;-0.8418762683868408;True;True;False;True;1.276435758257618;3.7486548197218745;0.20484041402572592;0.9605571223486917
93.6855518326722;30.969136601420367;181.91617259830824;0.0;93.6855518326722;110.24780432680583;181.91617259830824;0.0;93.6855518326722;110.24780432680583;0.0;909.8869501311126;-3.685551832672203;-5.247804326805834;92.37386536598206;106.3094642162323;182.09003686904907;-0.9534189105033876;True;True;False;True;1.275519619355295;3.749180274948776;0.20550666818856814;0.9622378543451688
93.56615882749485;30.86440731108133;181.6805883510982;0.021;93.56615882749485;110.27379242145642;181.6805883510982;0.021;93.56615882749485;110.27379242145642;0.0;909.6343292304445;-3.5661588274948315;-5.27379242145642;92.26208448410034;106.14482474327087;181.86352252960205;-0.9941577911376952;True;True;False;True;1.277883155795627;3.7545703758242337;0.2061099925689184;0.9654559770722732
93.30195373820696;30.65224963279764;181.54435649153285;0.1289424874215094;93.30195373820696;110.22889023502842;181.54435649153285;0.1289424874215094;93.30195373820696;110.22889023502842;0.0;909.687251565354;-3.301953738206961;-5.228890235028416;92.12787413597108;106.19385290145874;181.6566777229309;-0.9918384253978728;True;True;False;True;1.2762414225690466;3.756620309892332;0.20638259174244694;0.9698403893895143
93.0617064811517;30.61211998298665;181.18271288147744;0.0;93.0617064811517;110.4735567752866;181.18271288147744;0.0;93.0617064811517;110.4735567752866;0.0;909.7274855810372;-3.0617064811517025;-5.473556775286596;91.86355352401732;106.1532461643219;181.41425728797915;-0.9851343929767608;True;True;False;True;1.2775818020847538;3.7626294961388975;0.2044265180478856;0.972205171706877
93.03650515093314;30.467388908453653;181.0252603069495;0.1649;93.03650515093314;110.44591867577176;181.0252603069495;0.1649;93.03650515093314;110.44591867577176;0.0;909.369660710654;-3.036505150933138;-5.445918675771765;91.63789677619934;106.34113097190856;181.1604940891266;-0.9773305058479308;True;True;False;True;1.2793912063875834;3.7678601681041917;0.2002928298505742;0.9744712545283597
92.73416367790666;30.94427926814481;180.7909329277445;0.1009904335278316;92.73416367790666;110.8099783281646;180.7909329277445;0.1009904335278316;92.73416367790666;110.8099783281646;0.0;909.5694763032492;-2.7341636779066647;-5.80997832816459;91.60433554649352;106.34878492355348;180.95113158226013;-0.9475114941596984;True;True;False;True;1.2763103085616572;3.777498558574967;0.19995318065780737;0.9772408927548453
92.47943013101398;31.04494575437325;180.83426501911725;0.0;92.47943013101398;111.0678004296982;180.83426501911725;0.0;92.47943013101398;111.0678004296982;0.0;909.7143882399804;-2.4794301310139844;-6.067800429698195;91.29846096038818;106.6522810459137;180.74037909507751;-0.959557443857193;True;True;False;True;1.2773872040528438;3.7870362701892977;0.19962369604081479;0.9791075210608228
92.44579908319204;31.204577886440383;180.85704356560228;0.0;92.44579908319204;111.03552457612886;180.85704356560228;0.0;92.44579908319204;111.03552457612886;0.0;909.451059651489;-2.445799083192042;-6.035524576128864;91.0950608253479;106.90229630470276;180.5785381793976;-0.93145951628685;True;True;False;True;1.2800209899267192;3.7912808255312775;0.20138062318329591;0.9817956774606682
92.32983883152168;31.103806251169704;180.8694092374362;0.0;92.32983883152168;111.00822374547968;180.8694092374362;0.0;92.32983883152168;111.00822374547968;0.0;909.356873610404;-2.32983883152167;-6.0082237454796825;91.03170657157898;106.848130941391;180.51126837730408;-0.9777714312076567;True;True;False;True;1.2801400885654584;3.795879192243559;0.20397057829025678;0.9829579074002954
92.2863268662919;30.9613696610337;180.7676184257856;0.0079;92.2863268662919;111.1747401441262;180.7676184257856;0.0079;92.2863268662919;111.1747401441262;0.0;909.1332523633274;-2.286326866291901;-6.17474014412619;90.922518491745;106.85202360153198;180.49840450286865;-1.0029205679893494;True;True;False;True;1.2814539481113083;3.802056115775044;0.20543817713631907;0.986002257296421
92.16871461087342;30.92986726445965;180.63988161254585;0.0;92.16871461087342;111.70797091485169;180.63988161254585;0.0;92.16871461087342;111.70797091485169;0.0;909.063633291992;-2.1687146108734225;-6.707970914851671;90.87939500808716;107.00316667556764;180.49513936042783;-1.0039794445037842;True;True;False;True;1.2832500630010273;3.814731066515282;0.20579368207561005;0.9875288367273042
91.981772791032;30.68168353585137;180.5115000841307;0.008;91.981772791032;111.70328974379284;180.5115000841307;0.008;91.981772791032;111.70328974379284;0.0;909.1483549835584;-1.9817727910320144;-6.703289743792837;90.73491024971008;107.45785427093506;180.42999386787412;-1.0039794445037842;True;True;False;True;1.2834965507157106;3.8226797869890077;0.20561845494657358;0.9905443965917747
92.05218244098246;30.71522651175036;180.64413481760727;0.0043612788601947;92.05218244098246;111.60161614987808;180.64413481760727;0.0043612788601947;92.05218244098246;111.60161614987808;0.0;908.74329931152;-2.052182440982463;-6.601616149878083;90.59812784194946;107.4578127861023;180.33836007118225;-1.0039794445037842;True;True;False;True;1.2859539122612882;3.8259762587851407;0.20757522451712326;0.9925462160779505
92.04542015800594;30.70445658326065;180.6393416677199;0.0;92.04542015800594;111.45718023257288;180.6393416677199;0.0;92.04542015800594;111.45718023257288;0.0;908.4831995520088;-2.045420158005939;-6.457180232572881;90.6555359363556;107.35363745689392;180.26857256889343;-1.0056595504283905;True;True;False;True;1.2883011597348684;3.8290940581979385;0.21012283948090696;0.9941330357718798
92.03547666592142;30.6649353571348;180.4295695483651;0.0297;92.03547666592142;111.20899009008798;180.4295695483651;0.0297;92.03547666592142;111.20899009008798;0.0;908.2303638484436;-2.035476665921422;-6.20899009008798;90.66995191574097;107.2519235610962;180.2288925647736;-1.0045629739761353;True;True;False;True;1.289837223906739;3.8292364281533726;0.20980155085992858;0.9969260457209356
92.15519220287862;30.807818673143423;180.34931121761176;0.0;92.15519220287862;111.23412542685688;180.34931121761176;0.0;92.15519220287862;111.23412542685688;0.0;907.7195358857396;-2.155192202878624;-6.2341254268568775;90.63894200325012;106.9909839630127;180.1662909984589;-0.9975622594356536;True;True;False;True;1.2909793767704059;3.8349418388761674;0.20842379559101532;0.9994116217953838
91.78933088776743;30.55641814544052;180.2777893211793;0.0;91.78933088776743;111.32061660335351;180.2777893211793;0.0;91.78933088776743;111.32061660335351;0.0;908.1638995555784;-1.7893308877674343;-6.320616603353528;90.74111914634705;107.03405213356018;180.11606812477112;-1.0010208189487455;True;True;False;True;1.290462801031329;3.8410342202963603;0.20738808254432134;0.9994491661021444
91.8514941386386;30.113077077578684;180.24333358366133;0.1437;91.8514941386386;111.43850912797468;180.24333358366133;0.1437;91.8514941386386;111.43850912797468;0.0;907.8009956021336;-1.8514941386385857;-6.438509127974683;90.36668395996094;107.09206867218018;180.0416386127472;-0.9938594698905944;True;True;False;True;1.2928625606766464;3.848232516068846;0.20814774677753523;1.0021519880281646
91.9650423372338;30.264910949570577;180.0434269373496;0.0;91.9650423372338;111.37034272075724;180.0434269373496;0.0;91.9650423372338;111.37034272075724;0.0;907.3270333197914;-1.9650423372337968;-6.370342720757236;90.48661661148073;107.1992723941803;179.96505856513977;-0.9871390461921692;True;True;False;True;1.2960902934643503;3.853058399054018;0.20787266899452325;1.0043252172263573
92.05666690319872;30.25165416753058;179.9006770984767;0.0;92.05666690319872;111.49438058270712;179.9006770984767;0.0;92.05666690319872;111.49438058270712;0.0;906.8817785428972;-2.056666903198717;-6.494380582707109;90.58605575561523;107.13107132911682;179.8821187019348;-0.9757274389266968;True;True;False;True;1.3008107358627896;3.8582377137147943;0.20784905361713643;1.0057732030044662
92.22853163587465;30.24487228371933;179.67951571528653;0.0;92.22853163587465;111.540084199276;179.67951571528653;0.0;92.22853163587465;111.540084199276;0.0;906.2638268237854;-2.2285316358746456;-6.540084199276009;90.63299584388731;107.22558760643004;179.77048754692078;-0.9655500948429108;True;True;False;True;1.303698783725685;3.8640983354491167;0.20759582411855765;1.0072688771303457
92.39569495956609;30.004458020170848;179.86731865141888;0.0988;92.39569495956609;111.44016269678454;179.86731865141888;0.0988;92.39569495956609;111.44016269678454;0.0;905.6323626249526;-2.395694959566072;-6.44016269678454;90.79617643356325;107.26292395591736;179.59591388702393;-1.0082755982875824;True;True;False;True;1.307836112366229;3.8682257205615946;0.20919600991098317;1.0056616587983545
92.35273805799694;30.018214160954475;180.00331416389565;0.0;92.35273805799694;111.16724566661048;180.00331416389565;0.0;92.35273805799694;111.16724566661048;0.0;905.398850433482;-2.352738057996945;-6.167245666610484;90.94848108291626;107.1632912158966;179.48585629463196;-0.9946773946285248;True;True;False;True;1.3097529873693268;3.8722210975779654;0.2148796608338369;1.007646087213154
92.34611144760932;30.1210481545113;179.66630547402485;0.0;92.34611144760932;111.21160973727856;179.66630547402485;0.0;92.34611144760932;111.21160973727856;0.0;905.0984052465244;-2.3461114476093314;-6.211609737278565;90.89204788208008;106.95518946647644;179.4692027568817;-0.9831658005714417;True;True;False;True;1.3130377456601854;3.874493925908622;0.21477674022164348;1.0092031119120117
92.0308191890052;29.96422673221965;179.45639141757852;0.0932;92.0308191890052;111.31429920038867;179.45639141757852;0.0932;92.0308191890052;111.31429920038867;0.0;905.4161749040512;-2.0308191890052;-6.314299200388689;90.90030336380003;106.944030046463;179.38790202140808;-0.9782779216766356;True;True;False;True;1.3136753106381303;3.883161398980598;0.21241999461243372;1.012075110405025
92.04054539641425;29.90215184622441;179.4566152836985;0.0034190359818124;92.04054539641425;110.85091117241124;179.4566152836985;0.0034190359818124;92.04054539641425;110.85091117241124;0.0848694959030922;905.125946597366;-2.040545396414231;-5.85091117241123;90.6338324546814;107.05565190315248;179.31116461753845;-0.9953838586807252;True;True;False;True;1.317347118516537;3.8841005259259904;0.20678574783127177;1.0132267234262626
91.85891143374012;29.82425817440088;179.14433114858562;0.0;91.85891143374012;111.32016575108428;179.14433114858562;0.0;91.85891143374012;111.32016575108428;0.0;905.2171418031922;-1.858911433740133;-6.320165751084289;90.63238048553468;106.6379895210266;179.19503569602966;-0.987417697906494;True;True;False;True;1.3167346031985592;3.893791574195813;0.20536753874586225;1.0134085465101696
91.81963232591517;29.94664406492809;179.18433904533234;0.0;91.81963232591517;111.26075912108892;179.18433904533234;0.0;91.81963232591517;111.26075912108892;0.0;905.0478451610102;-1.8196323259151652;-6.26075912108891;90.45107793807983;107.04420900344849;179.0058147907257;-0.9801563620567322;True;True;False;True;1.3191377493236294;3.8992830644262444;0.20603746462473033;1.0139255489340986
91.59305788821833;30.0029232567726;179.0606312293269;0.0;91.59305788821833;111.29928248814367;179.0606312293269;0.0;91.59305788821833;111.29928248814367;0.0;905.2583763929484;-1.5930578882183113;-6.299282488143689;90.41349959373474;106.992449760437;178.90164494514465;-1.001696139574051;True;True;False;True;1.31841751246055;3.9066334552298305;0.20561669634873422;1.014864822168134
91.31826131653814;29.729376511922844;178.77449151364422;0.0;91.31826131653814;111.4883047303592;178.77449151364422;0.0;91.31826131653814;111.4883047303592;0.0;905.5955618178798;-1.3182613165381412;-6.488304730359204;90.18235301971436;107.04810166358948;178.83496522903442;-1.007016748189926;True;True;False;True;1.3183044216352857;3.916510689754455;0.20200151074358152;1.0155168037392666
91.29213952555553;29.59677664648364;178.5565434600586;0.0;91.29213952555553;111.35252867808973;178.5565434600586;0.0;91.29213952555553;111.35252867808973;0.0;905.4720372243066;-1.2921395255555126;-6.352528678089726;89.91757607460022;107.19740557670592;178.68324756622314;-1.0058251023292542;True;True;False;True;1.3170199420132174;3.9219157012917125;0.19831786756437203;1.0162541982060396
91.09296031101638;29.48422330291352;178.6142394723529;0.0363;91.09296031101638;111.22534850421064;178.6142394723529;0.0363;91.09296031101638;111.22534850421064;0.0;905.6981103833108;-1.092960311016384;-6.225348504210643;89.88357925415039;107.09098315238953;178.53716850280762;-1.0056103765964508;True;True;False;True;1.3154154275497616;3.927075762077758;0.19616903744529907;1.0172369193787116
90.95124405506962;29.726276159156104;178.18541890900627;0.044243321606614;90.95124405506962;111.17815271588675;178.18541890900627;0.044243321606614;90.95124405506962;111.17815271588675;0.0;905.8358148537354;-0.9512440550696226;-6.178152715886768;89.70072793960571;107.00106477737428;178.41968894004822;-1.002858281135559;True;True;False;True;1.3152412137589367;3.933348220265904;0.19676534121405978;1.0182527782822992
90.70162480003408;29.99475395746569;177.9733610579581;0.0;90.70162480003408;111.42527117044088;177.9733610579581;0.0;90.70162480003408;111.42527117044088;0.0;906.2082208231304;-0.7016248000340681;-6.42527117044088;89.60268545150757;106.94340085983276;178.22409510612488;-0.993947982788086;True;True;False;True;1.3141616138909338;3.9402404537715943;0.19802288635139223;1.01863395336753
90.72123327867612;29.944470847121018;178.08496471984438;0.0794;90.72123327867612;111.325894447886;178.08496471984438;0.0794;90.72123327867612;111.325894447886;0.0;906.0754538925086;-0.7212332786761095;-6.325894447885986;89.29744005203247;107.14255571365356;178.04596781730652;-0.9874553978443146;True;True;False;True;1.3155942386889474;3.94514897846724;0.19802752577398217;1.019617419855671
90.58930830572692;29.71299719597229;177.8617786383825;0.0;90.58930830572692;111.30785918073587;177.8617786383825;0.0;90.58930830572692;111.30785918073587;0.0;906.24313940125;-0.5893083057269166;-6.307859180735875;89.37033581733704;107.04803252220154;177.93585777282715;-0.983060896396637;True;True;False;True;1.315425300299763;3.950823396455306;0.19771961029585106;1.0197076652282033
90.81255875908607;29.629589102107783;177.46599391259338;0.0;90.81255875908607;111.55328665286112;177.46599391259338;0.0;90.81255875908607;111.55328665286112;0.0;905.7180640537682;-0.8125587590860874;-6.553286652861132;89.19820833206177;107.04416751861572;177.7768361568451;-0.9906467795372008;True;True;False;True;1.318442614619534;3.9599519944037778;0.19640278996353577;1.0197722056409948
90.49161377006624;29.556615147151195;177.47121875617412;0.0;90.49161377006624;111.45824910446936;177.47121875617412;0.0;90.49161377006624;111.45824910446936;0.0;906.2516128639296;-0.4916137700662375;-6.45824910446936;89.39685845375061;107.23070406913756;177.58952975273132;-0.983927994966507;True;True;False;True;1.316633906008991;3.966159736320446;0.19531708389910674;1.0185582761023242
90.668502751364;29.420175021439444;177.63224488538512;0.0583;90.668502751364;111.74954667080866;177.63224488538512;0.0583;90.668502751364;111.74954667080866;0.0;905.8322863986588;-0.6685027513640023;-6.749546670808655;89.14626240730286;107.18787789344788;177.4536395072937;-1.0024501383304596;True;True;False;True;1.3200776505463412;3.9733891037529543;0.19499273174453116;1.0192115089342988
90.6100396000799;29.98966128867738;177.49554268916063;0.0;90.6100396000799;111.8112038607131;177.49554268916063;0.0;90.6100396000799;111.8112038607131;0.0;905.8600790010448;-0.6100396000799009;-6.811203860713107;89.29069185256958;107.4422836303711;177.34280824661255;-0.9979867935180664;True;True;False;True;1.3219050132509573;3.979024358615274;0.19538778181539032;1.0195044579736137
90.52333549816606;29.8892755390691;177.35362873452303;0.0;90.52333549816606;111.6023999560649;177.35362873452303;0.0;90.52333549816606;111.6023999560649;0.0;905.9521485915286;-0.5233354981660625;-6.6023999560649;89.25705456733704;107.48699045181274;177.25509524345398;-0.9951134026050568;True;True;False;True;1.3233317311072703;3.982199298453842;0.19431608445988147;1.0194687589601528
90.39279131744742;29.863729341635764;177.33978105216272;0.0;90.39279131744742;111.59499496847626;177.33978105216272;0.0;90.39279131744742;111.59499496847626;0.0;906.1434588865436;-0.3927913174474184;-6.594994968476257;89.12367391586304;107.28301644325256;177.22163081169128;-0.9884896874427797;True;True;False;True;1.3241318680925787;3.988991710766339;0.19424023246489278;1.0194837866028625
90.3248283555205;29.881063539403872;177.1965022789603;0.1285;90.3248283555205;111.46093033841396;177.1965022789603;0.1285;90.3248283555205;111.46093033841396;0.0;906.227012634738;-0.3248283555204949;-6.460930338413959;89.03558778762817;107.2845721244812;177.18836307525635;-1.005215346813202;True;True;False;True;1.3254814744007084;3.99501067770136;0.19346637570915282;1.0209256706216023
90.15754034984164;30.1897964714488;176.87394130371925;0.0568905688923431;90.15754034984164;111.09617645240002;176.87394130371925;0.0568905688923431;90.15754034984164;111.09617645240002;0.0;906.5182781986928;-0.1575403498416534;-6.096176452400016;88.97875356674194;107.19304275512695;177.0876157283783;-0.9919236600399016;True;True;False;True;1.325921834772234;3.9967563283822467;0.1915084909786053;1.0200024192640254
90.17087242415984;30.38226852003588;176.81788824441782;0.0;90.17087242415984;111.04486621293748;176.81788824441782;0.0;90.17087242415984;111.04486621293748;0.0;906.4706086700776;-0.1708724241598389;-6.044866212937492;88.8037359714508;106.82696676254272;176.92789912223816;-0.9712444245815276;True;True;False;True;1.3279130124767164;4.000402830208632;0.1917807585825502;1.0199683249627716
90.21008329527562;30.25292361429305;176.873800770543;0.2663;90.21008329527562;111.05780785930315;176.873800770543;0.2663;90.21008329527562;111.05780785930315;0.0;906.369403937958;-0.2100832952756235;-6.0578078593031535;88.80278182029724;106.77170205116272;176.79595589637756;-0.9548646211624146;True;True;False;True;1.3292370485420764;4.006920227672403;0.19160244899848858;1.020949312444079
89.94043634799645;30.394007426219837;177.20636258435607;0.0;89.94043634799645;110.72681507278452;177.20636258435607;0.0;89.94043634799645;110.72681507278452;0.0;906.8806867264796;0.0595636520035469;-5.726815072784518;88.8769359588623;106.84277939796448;176.6849672794342;-0.9577314555644988;True;True;False;True;1.3277414151987006;4.0132032307913565;0.19784777031519013;1.021245502380805
89.8401800157563;30.232209455979493;177.09238489276885;0.0737;89.8401800157563;111.20695938094428;177.09238489276885;0.0737;89.8401800157563;111.20695938094428;0.0;907.0891412112272;0.1598199842436969;-6.206959380944269;88.6137146949768;106.53174686431883;176.7137634754181;-0.946636199951172;True;True;False;True;1.3290021242615713;4.025414076257342;0.20048613425108644;1.0217100164054849
89.75820670376652;30.248647538457163;177.0515219512744;0.0692332487541845;89.75820670376652;111.2261583620157;177.0515219512744;0.0692332487541845;89.75820670376652;111.2261583620157;0.0;907.2743971664391;0.2417932962334816;-6.226158362015696;88.50646257400513;106.9432487487793;176.7743718624115;-0.9184563159942628;True;True;False;True;1.329884792258071;4.03221586225907;0.2021031822492417;1.0221555130110815
89.67246551778332;30.380414165852045;176.7874623273848;0.0;89.67246551778332;111.07461286248645;176.7874623273848;0.0;89.67246551778332;111.07461286248645;0.0;907.47811864457;0.3275344822166772;-6.074612862486447;88.44052243232727;106.99484205245972;176.82206392288208;-0.9818528592586516;True;True;False;True;1.3311775386596714;4.036486431750148;0.2012802423520288;1.0221511032725563
89.81920851608187;30.05387350758383;176.54983292709224;0.0;89.81920851608187;111.46913660141794;176.54983292709224;0.0;89.81920851608187;111.46913660141794;0.0;907.2283039122684;0.1807914839181279;-6.469136601417944;88.34817028045654;106.8377320766449;176.80559396743774;-0.9692037105560304;True;True;False;True;1.3344603712664427;4.04639414694293;0.20274045623407463;1.0191958135622672
89.68934395432798;30.193677277861863;176.37052280152253;0.0;89.68934395432798;111.41440731107888;176.37052280152253;0.0;89.68934395432798;111.41440731107888;0.0;907.5121385669654;0.3106560456720189;-6.4144073110788895;88.48354911804199;107.17982983589172;176.64090752601624;-0.983157604932785;True;True;False;True;1.3341118298608292;4.053471718576647;0.20368264314410017;1.0194086672057794
89.80398889700353;29.98667585105463;176.55726982574197;0.0;89.80398889700353;111.2522496327952;176.55726982574197;0.0;89.80398889700353;111.2522496327952;0.0;907.324269487704;0.196011102996465;-6.252249632795213;88.32930159568787;107.13309025764464;176.4788043498993;-1.005975902080536;True;True;False;True;1.336627321510955;4.058160578194951;0.20340847297377196;1.0199792363332398
89.90069241349575;29.802955234645296;176.49252784144304;0.0088;89.90069241349575;111.26211998298422;176.49252784144304;0.0088;89.90069241349575;111.26211998298422;0.0;907.1569972684524;0.0993075865042527;-6.262119982984217;88.44204354286194;106.9815046787262;176.37237906455994;-1.0046301782131195;True;True;False;True;1.3407112985663365;4.064610499585062;0.20325793827114919;1.0207979879005022
89.9198954953284;29.980829371495695;176.6469805012225;0.0;89.9198954953284;111.16738890845122;176.6469805012225;0.0;89.9198954953284;111.16738890845122;0.0;907.1318321163208;0.0801045046715955;-6.167388908451216;88.52519297599792;106.97586965560912;176.3091742992401;-1.0046891868114471;True;True;False;True;1.3423697120777953;4.070368636697157;0.20501939295055213;1.0208943449440666
89.91359657113657;30.07632094845203;176.54560423800646;0.0;89.91359657113657;111.69427926814237;176.54560423800646;0.0;89.91359657113657;111.69427926814237;0.0;907.1551105653274;0.0864034288634343;-6.694279268142367;88.5595908164978;106.92742228507996;176.33947849273682;-1.0072658956050873;True;True;False;True;1.3427606872577518;4.078015802738076;0.2055929078252712;1.0209981951824028
90.10610853603318;30.087854946457792;176.68697107766587;0.0;90.10610853603318;111.8449457543708;176.68697107766587;0.0;90.10610853603318;111.8449457543708;0.0;906.781607092716;-0.1061085360331759;-6.844945754370798;88.5318443775177;107.38217210769652;176.35634183883667;-1.005915254354477;True;True;False;True;1.3457038509039339;4.087807747385026;0.20766039822550844;1.0208854215847134
90.1774484411884;30.34652680397928;176.6437630603824;0.0963;90.1774484411884;112.05457788643793;176.6437630603824;0.0963;90.1774484411884;112.05457788643793;0.0;906.6247794776012;-0.1774484411883889;-7.054577886437926;88.73292136192322;107.5361430644989;176.41014456748962;-1.005915254354477;True;True;False;True;1.3456912084923942;4.0954829855108335;0.2087680638388129;1.0218978443809354
90.29744264376131;30.38778478162176;176.7467991045493;0.1953401715976181;90.29744264376131;112.00380625116723;176.7467991045493;0.1953401715976181;90.29744264376131;112.00380625116723;0.0;906.3611312802968;-0.2974426437613147;-7.003806251167248;88.80293393135071;107.6889317035675;176.4284896850586;-0.9924301505088806;True;True;False;True;1.343049932567814;4.101947825792615;0.21050601959969664;1.0231507878447657
90.06708105457618;30.54663358228345;176.3672463542237;0.0503588393865129;90.06708105457618;111.91136966103124;176.3672463542237;0.0503588393865129;90.06708105457618;111.91136966103124;0.0;906.7821954394988;-0.0670810545761781;-6.9113696610312445;88.90591311454773;107.64682459831238;176.45538449287417;-0.9607572853565216;True;True;False;True;1.341704173908052;4.105677956679559;0.20993067992563783;1.0233794607597735
89.98267510519028;30.72128614719309;176.41737836616633;0.1285405119078973;89.98267510519028;111.9298672644572;176.41737836616633;0.1285405119078973;89.98267510519028;111.9298672644572;0.0;906.9420631976606;0.0173248948097182;-6.929867264457187;88.67433094978333;107.58380913734436;176.41260981559753;-0.9302711486816406;True;True;False;True;1.3436790132035732;4.112919184287468;0.20839765946198294;1.0240845910062983
89.71486235486508;30.82134428641718;176.3640174697812;0.0;89.71486235486508;111.7316835358489;176.3640174697812;0.0;89.71486235486508;111.7316835358489;0.0;907.4799986842856;0.2851376451349239;-6.731683535848902;88.64187598228455;107.59126949310304;176.3360297679901;-0.9229426085948944;True;True;False;True;1.3424747567400457;4.116686976984386;0.20834656800619433;1.0235527285841903
89.83133684243803;30.34278876816284;176.25441070846037;0.0612;89.83133684243803;111.8152265117479;176.25441070846037;0.0612;89.83133684243803;111.8152265117479;0.0;907.2850680618244;0.1686631575619657;-6.815226511747895;88.38973808288574;107.43696665763856;176.29002928733826;-0.965723842382431;True;True;False;True;1.344980869118861;4.123132056086257;0.20760569262834666;1.0231169012200356
89.97654253650468;30.20384740755835;176.14147918160435;0.0;89.97654253650468;111.85445658325818;176.14147918160435;0.0;89.97654253650468;111.85445658325818;0.0;907.0171450946992;0.023457463495319;-6.854456583258184;88.48517394065857;107.48414182662964;176.19851350784302;-0.960485190153122;True;True;False;True;1.3476813432612345;4.129309203200982;0.20585461458816995;1.0228649494779085
89.81573194248831;30.12761450552661;176.28727956295938;0.0;89.81573194248831;111.86493535713234;176.28727956295938;0.0;89.81573194248831;111.86493535713234;0.0;907.3418939445314;0.1842680575116873;-6.864935357132339;88.57461524009705;107.52647018432616;176.14416003227234;-0.9950248897075652;True;True;False;True;1.3472209624265015;4.133400066239501;0.20230775639451418;1.0213530730170788
89.9716809208237;30.119282851525107;176.2911691800403;0.1892;89.9716809208237;112.05781867314096;176.2911691800403;0.1892;89.9716809208237;112.05781867314096;0.0;907.0545650621956;0.028319079176299;-7.057818673140957;88.47079253196716;107.53453207015993;176.12155318260193;-0.9902402758598328;True;True;False;True;1.3511289499737416;4.142314344038504;0.2015657526035785;1.0232821083055479
89.779076654075;30.543304048260204;176.28838526809085;0.0;89.779076654075;111.85641814543804;176.28838526809085;0.0;89.779076654075;111.85641814543804;0.0;907.4435494729164;0.2209233459250015;-6.856418145438042;88.58423972129822;107.69671702384947;176.10299825668335;-0.9835100173950196;True;True;False;True;1.3502956143177884;4.148622220086979;0.20207037373051095;1.0234774323869844
89.93382457014711;30.46008309566735;176.24326294496453;0.0731;89.93382457014711;111.4630770775762;176.24326294496453;0.0731;89.93382457014711;111.4630770775762;0.0;907.1635100868956;0.0661754298528904;-6.463077077576202;88.41623306274414;107.53532028198242;176.1098039150238;-0.9658221900463104;True;True;False;True;1.3535593705011546;4.150249808038732;0.20231512170842383;1.0241688625668826
89.78251568499302;30.646939731825658;176.39090316282395;0.0;89.78251568499302;111.6649109495681;176.39090316282395;0.0;89.78251568499302;111.6649109495681;0.0;907.4749512478508;0.2174843150069847;-6.664910949568096;88.59611821174622;107.17664241790771;176.09604835510254;-0.9395912289619446;True;True;False;True;1.3527298332879774;4.15526893534876;0.20373885749025814;1.0236824547986187
89.86592973261251;30.210885044977555;176.23915322315796;0.0689;89.86592973261251;111.70165416752808;176.23915322315796;0.0689;89.86592973261251;111.70165416752808;0.0;907.3371210612794;0.1340702673874858;-6.7016541675280905;88.42979860305786;107.33463740348816;176.13327622413635;-0.9926645457744598;True;True;False;True;1.353357711448384;4.160674219182936;0.20210634763317062;1.0231207414054118
89.74677747611433;30.43818514735796;176.318535477764;0.0;89.74677747611433;111.74487228371684;176.318535477764;0.0;89.74677747611433;111.74487228371684;0.0;907.5933016099274;0.2532225238856682;-6.744872283716845;88.47253489494324;107.3854148387909;176.1073124408722;-0.9761716425418854;True;True;False;True;1.3533111318466555;4.164798074151968;0.201377393830675;1.0230935423126488
89.61805084431562;30.167373196525617;176.1689336994632;0.0718;89.61805084431562;111.55445802016835;176.1689336994632;0.0718;89.61805084431562;111.55445802016835;0.0;907.8845178767097;0.3819491556843815;-6.554458020168354;88.33351922035217;107.43456745147704;176.10994815826416;-0.9907336533069612;True;True;False;True;1.3502336856407011;4.169488614201664;0.19907092603148563;1.0238849951925328
89.80554115279014;30.05379636373216;176.4069000029161;0.0;89.80554115279014;111.61821416095198;176.4069000029161;0.0;89.80554115279014;111.61821416095198;0.0;907.5604638138516;0.1944588472098587;-6.618214160951979;88.2688512802124;107.24028706550598;176.10379815101624;-0.9741686284542084;True;True;False;True;1.3527739157730563;4.174720697946233;0.20114332743174843;1.0240272411864928
89.74689236717522;29.92602237661338;176.3669930588855;0.1545;89.74689236717522;111.7710481545088;176.3669930588855;0.1545;89.74689236717522;111.7710481545088;0.0;907.7036892313762;0.2531076328247792;-6.771048154508804;88.42979860305786;107.33463740348816;176.11803889274597;-0.992051512002945;True;True;False;True;1.3520426449341587;4.182818193929167;0.2009917056790944;1.0254139594427196
89.96760849283812;29.86824374827704;176.46474653503702;0.0;89.96760849283812;111.66422673221716;176.46474653503702;0.0;89.96760849283812;111.66422673221716;0.0;907.2960046644272;0.0323915071618756;-6.664226732217159;88.39271116256714;107.44920468330383;176.17205142974854;-0.9685038030147552;True;True;False;True;1.353343351673001;4.1865876188394795;0.20250388139065825;1.0251418809195896
89.66158401079065;29.8377011611017;176.26900484282788;0.0;89.66158401079065;111.6521518462219;176.26900484282788;0.0;89.66158401079065;111.6521518462219;0.0;907.9123724961436;0.3384159892093521;-6.652151846221898;88.57539653778076;107.33062028884888;176.22224807739258;-0.9692545235157012;True;True;False;True;1.350509788840155;4.191433899083757;0.19876250297952658;1.024547707216701
89.64333043188363;29.790983404388484;176.49637022220043;0.0;89.64333043188363;111.62425817439838;176.49637022220043;0.0;89.64333043188363;111.62425817439838;0.0;907.9940017858522;0.3566695681163736;-6.624258174398378;88.3098452091217;107.3379008769989;176.23600363731384;-0.9570036828517914;True;True;False;True;1.349132622220521;4.196692271608852;0.199871619536716;1.024196421072971
89.48616697995445;29.749378703239618;176.44319396187268;0.0;89.48616697995445;111.7966440649256;176.44319396187268;0.0;89.48616697995445;111.7966440649256;0.0;908.355884632126;0.5138330200455528;-6.796644064925587;88.30351877212524;107.34268546104433;176.26702904701233;-1.0023386776447296;True;True;False;True;1.3481351394119525;4.202348874171074;0.20048499333309994;1.0239443136883335
89.22856394214509;29.6790366323751;176.65810624625726;0.0;89.22856394214509;111.9029232567701;176.65810624625726;0.0;89.22856394214509;111.9029232567701;0.0;908.939601777084;0.7714360578549133;-6.902923256770094;88.14361548423767;107.4949209690094;176.26944184303284;-1.0018666088581083;True;True;False;True;1.3455129422009908;4.206096467494925;0.20331900480953632;1.0233384064773259
89.09907262653515;29.79717848398536;176.8666212505442;0.0;89.09907262653515;111.67937651192034;176.8666212505442;0.0;89.09907262653515;111.67937651192034;0.0;909.3014425493512;0.9009273734648532;-6.6793765119203385;87.91754388809204;107.6132426261902;176.3198745250702;-1.0042957961559296;True;True;False;True;1.3458299351306828;4.207047601632674;0.2088701282148934;1.0234986024010562
89.0030789069354;29.73125745763768;176.97328817137816;0.0076;89.0030789069354;111.59677664648112;176.97328817137816;0.0076;89.0030789069354;111.59677664648112;0.0;909.6135536383462;0.9969210930646;-6.596776646481118;87.79980301856995;107.41651463508606;176.45732522010803;-1.002371460199356;True;True;False;True;1.3452838584689997;4.208458056729886;0.21454106731976932;1.0237831015325998
89.0820480616193;29.563016013618554;177.115232170018;0.0;89.0820480616193;111.534223302911;177.115232170018;0.0;89.0820480616193;111.534223302911;0.0;909.588538141387;0.9179519383806962;-6.534223302911002;87.70099306106567;107.3229455947876;176.5840232372284;-1.0039794445037842;True;True;False;True;1.3452973950644596;4.213320358952472;0.220421519308621;1.0239995171993017
88.92702080485404;29.73546586113066;177.25777575109416;0.0;88.92702080485404;111.82627615915358;177.25777575109416;0.0;88.92702080485404;111.82627615915358;0.0;910.0209862467016;1.0729791951459615;-6.826276159153579;87.81422591209412;107.27536940574646;176.764497756958;-1.0009175539016724;True;True;False;True;1.3420948915454038;4.218807191468885;0.22538024800763581;1.0239786642568331
88.80390363041822;29.78324638027013;177.20487960332122;0.0;88.80390363041822;112.14475395746317;177.20487960332122;0.0;88.80390363041822;112.14475395746317;0.0;910.4102844882592;1.196096369581781;-7.144753957463166;87.66568946838379;107.53799605369568;176.92165732383728;-1.0057808458805084;True;True;False;True;1.3411290486185448;4.2249459596955825;0.22669983241257985;1.0228111598642189
88.68274215227665;29.59744037208266;177.46903600864502;0.0533;88.68274215227665;112.1444708471185;177.46903600864502;0.0533;88.68274215227665;112.1444708471185;0.0;910.8120869604868;1.3172578477233543;-7.144470847118498;87.55374956130981;107.84163737297058;176.9893729686737;-1.006782352924347;True;True;False;True;1.3367349371549615;4.228440298487424;0.23112602388262027;1.0234920714565425
89.02648739477613;29.56424409292848;177.2838229434392;0.0;89.02648739477613;111.96299719596976;177.2838229434392;0.0;89.02648739477613;111.96299719596976;0.0;910.3002308551842;0.973512605223874;-6.962997195969763;87.44695377349854;107.85879826545715;177.12640404701233;-0.9993800520896912;True;True;False;True;1.3392350229733712;4.231297502111894;0.23161028975056103;1.0219826353707342
89.0115407036729;29.40361266809649;177.43654983466473;0.1829;89.0115407036729;111.92958910210524;177.43654983466473;0.1829;89.0115407036729;111.92958910210524;0.0;910.4599259180872;0.9884592963270932;-6.929589102105254;87.75336766242981;107.68875193595886;177.14764714241028;-0.987563580274582;True;True;False;True;1.3406226998376112;4.234841587069068;0.23140174447581793;1.0241552313667797
89.1437840962871;29.79400143396729;177.27644961829105;0.0;89.1437840962871;111.90661514714866;177.27644961829105;0.0;89.1437840962871;111.90661514714866;0.0;910.3272337057024;0.8562159037128936;-6.906615147148656;87.71783590316772;107.65791487693788;177.1997845172882;-0.9663352370262146;True;True;False;True;1.3399410687358382;4.239587677222781;0.22734641006841672;1.0241887938631253
89.20013863304587;29.57934342460233;177.2137360258582;0.0;89.20013863304587;111.82017502143692;177.2137360258582;0.0;89.20013863304587;111.82017502143692;0.0;910.32868675268;0.7998613669541328;-6.82017502143691;87.84510445594788;107.63647413253784;177.20728516578674;-0.9665794670581818;True;True;False;True;1.3380648397374098;4.239984203802134;0.22725292483722725;1.0214689427846024
89.10749560685227;29.616254086596552;177.30044880623805;0.2101;89.10749560685227;112.43966128867484;177.30044880623805;0.2101;89.10749560685227;112.43966128867484;0.0;910.6206209873276;0.8925043931477319;-7.439661288674841;87.90752530097961;107.5341863632202;177.16145515441897;-0.9513437747955322;True;True;False;True;1.336091253116075;4.2505326108264985;0.2265299150536556;1.0232769649754074
89.29732557738113;29.9845851381548;177.2870523434976;0.0;89.29732557738113;112.38927553906656;177.2870523434976;0.0;89.29732557738113;112.38927553906656;0.0;910.359961632023;0.7026744226188697;-7.38927553906656;87.80668950080872;108.11460757255554;177.1570098400116;-0.9815119206905364;True;True;False;True;1.3381805989238573;4.2526140976390305;0.22561975127012257;1.023633448904856
89.1948924068028;30.139215274953155;177.2314935510503;0.1408;89.1948924068028;112.4137293416332;177.2314935510503;0.1408;89.1948924068028;112.4137293416332;0.0;910.6585178961956;0.8051075931972065;-7.413729341633214;87.94549775123596;108.04082679748537;177.11525797843933;-0.9610146284103394;True;True;False;True;1.33768644632378;4.255524750145025;0.2243670560771063;1.0252773499263217
89.32707440970226;30.18674169306713;177.3593482163572;0.0;89.32707440970226;112.48106353940132;177.3593482163572;0.0;89.32707440970226;112.48106353940132;0.0;910.5015015694896;0.6729255902977371;-7.481063539401319;87.90841031074524;108.10753440856934;177.11899518966675;-0.9280157089233398;True;True;False;True;1.3386757872995965;4.260616273791111;0.22406862379915155;1.0230910231231536
89.2555768143467;30.089372903362385;177.56794710987054;0.0853;89.2555768143467;112.83979647144623;177.56794710987054;0.0853;89.2555768143467;112.83979647144623;0.0;910.7342201722404;0.7444231856533037;-7.839796471446249;88.01723194122314;108.14386129379272;177.14499831199646;-0.9720394015312196;True;True;False;True;1.3364309466865005;4.265597190099714;0.2276163595738955;1.0237499323766819
89.13189594732964;30.255810985771365;177.74641515736457;0.0;89.13189594732964;113.08226852003332;177.74641515736457;0.0;89.13189594732964;113.08226852003332;0.0;911.0808383310284;0.8681040526703612;-8.082268520033324;87.97201347351074;108.46436619758606;177.23416686058044;-0.9527862071990968;True;True;False;True;1.334441116906654;4.267096331094865;0.2327435144255106;1.0236439515535054
89.12202917542555;29.94950160634238;177.8631677872685;0.2153;89.12202917542555;113.0029236142905;177.8631677872685;0.2153;89.12202917542555;113.0029236142905;0.0;911.2163190818592;0.8779708245744473;-8.002923614290495;87.86507940292358;108.66422629356384;177.3470437526703;-0.98105788230896;True;True;False;True;1.3356547473776752;4.269803648255044;0.23751053983525847;1.0253829603899522
89.48106378203794;30.29733943921153;177.42557921689647;0.0;89.48106378203794;113.19400742621728;177.42557921689647;0.0;89.48106378203794;113.19400742621728;0.0;910.6153126452444;0.5189362179620645;-8.194007426217269;87.83070921897888;108.64105701446532;177.50972390174866;-0.9503144025802612;True;True;False;True;1.3393782410238686;4.27564078651764;0.2365629290168217;1.025023712540769
89.59189270438502;30.484119893269288;177.18951468288466;0.1713;89.59189270438502;113.08220945597694;177.18951468288466;0.1713;89.59189270438502;113.08220945597694;0.0;910.4628462962784;0.4081072956149825;-8.082209455976937;88.16919779777527;108.7537989616394;177.48336672782898;-0.9585821628570556;True;True;False;True;1.3402951770443163;4.276095130110054;0.23744158486510067;1.0248015572339564
89.72069184739595;30.67959113447781;177.14559166334865;0.0;89.72069184739595;113.1486475384546;177.14559166334865;0.0;89.72069184739595;113.1486475384546;0.0;910.2596623163386;0.2793081526040453;-8.148647538454597;88.2656500339508;108.65550756454468;177.34561443328855;-0.9198954701423644;True;True;False;True;1.3429407329895124;4.278122980908674;0.23816444321443375;1.0222007971810236
89.5483843298298;30.84921465612937;177.41146594477425;0.0;89.5483843298298;113.33041416584948;177.41146594477425;0.0;89.5483843298298;113.33041416584948;0.0;910.6415184384848;0.4516156701701987;-8.330414165849476;88.3634090423584;108.74184441566469;177.20787525177002;-0.9688381850719452;True;True;False;True;1.3418999078285463;4.283034593874203;0.23881461746381444;1.0224372480072803
89.66771004947178;30.49383847550315;177.40772602563746;0.1069;89.66771004947178;113.05387350758126;177.40772602563746;0.1069;89.66771004947178;113.05387350758126;0.0;910.46308242189;0.3322899505282208;-8.053873507581258;88.19469022750854;108.90494203567503;177.11527109146118;-0.952661633491516;True;True;False;True;1.3408183201665076;4.284128632588365;0.24032619764770474;1.0235655548136064
89.83874432081335;30.676728706043956;177.37839782382466;0.0;89.83874432081335;113.24367727785928;177.37839782382466;0.0;89.83874432081335;113.24367727785928;0.0;910.165319205944;0.1612556791866524;-8.243677277859291;88.33398938179016;108.65507888793944;177.12713837623596;-0.9895190596580504;True;True;False;True;1.341288574203823;4.285441493885723;0.24139910462887976;1.023910780054981
89.58899545607203;30.69731132184013;177.3841454583705;0.0;89.58899545607203;113.08667585105204;177.3841454583705;0.0;89.58899545607203;113.08667585105204;0.0;910.6863176926516;0.411004543927973;-8.08667585105205;88.47729182243347;108.79579544067384;177.17846274375916;-0.9817036986351012;True;True;False;True;1.3389100232063031;4.286491856785775;0.24172988447550744;1.0237234176627088
89.72124435217782;30.56759631658249;177.3407554108507;0.0;89.72124435217782;112.95295523464272;177.3407554108507;0.0;89.72124435217782;112.95295523464272;0.0;910.4766205062972;0.2787556478221802;-7.952955234642715;88.27480435371399;108.65097880363464;177.2197687625885;-0.9708428382873536;True;True;False;True;1.3381817904062967;4.28953677097479;0.2418575216746396;1.0235559431250303
89.44852468567639;30.32904638552201;177.29928321794796;0.0;89.44852468567639;113.18082937149312;177.29928321794796;0.0;89.44852468567639;113.18082937149312;0.0;911.0592272590096;0.5514753143236106;-8.180829371493118;88.37635922431946;108.5440309047699;177.21822142601013;-1.0049448907375336;True;True;False;True;1.3356831995398761;4.294340775050332;0.24192139164392018;1.0223521114543193
89.51247215252818;30.096976427319905;177.2176027708302;0.0;89.51247215252818;113.32632094844944;177.2176027708302;0.0;89.51247215252818;113.32632094844944;0.0;911.004862367216;0.4875278474718243;-8.32632094844945;88.09845232963562;108.75215339660645;177.1917462348938;-1.0059627890586853;True;True;False;True;1.3345727460121692;4.300322833789493;0.24125088571697428;1.022479339387427
89.4774514988114;30.076976528532352;177.01297791740834;0.1988;89.4774514988114;113.3878549464552;177.01297791740834;0.1988;89.4774514988114;113.3878549464552;0.0;911.1399073876456;0.5225485011885951;-8.387854946455207;88.1552381515503;108.9032895565033;177.1628975868225;-1.00433349609375;True;True;False;True;1.3328122994724547;4.306041195358632;0.24089047047394666;1.0203685899391985
89.43165977053849;30.19662792133561;176.88026463605266;0.0;89.43165977053849;113.69652680397668;176.88026463605266;0.0;89.43165977053849;113.69652680397668;0.0;911.3011639776832;0.5683402294615121;-8.696526803976681;88.1591169834137;108.96889090538023;177.09034323692322;-0.9816397726535796;True;True;False;True;1.3335443196677939;4.311898331246825;0.2410832509961551;1.0194652740450485
89.19199534639506;30.13908737316193;176.87257774554143;0.0;89.19199534639506;113.78778478161917;176.87257774554143;0.0;89.19199534639506;113.78778478161917;0.0;911.8562715232316;0.8080046536049394;-8.787784781619166;88.09255456924438;109.20210480690002;176.96097016334534;-0.9601294994354248;True;True;False;True;1.3275913142880376;4.318452680905461;0.24055887410994017;1.0200386391297753
89.07099592498443;29.795386656735523;177.0282397019885;0.1364;89.07099592498443;113.99663358228084;177.0282397019885;0.1364;89.07099592498443;113.99663358228084;0.0;912.2060043198668;0.9290040750155696;-8.99663358228085;87.87657070159912;109.3103940486908;176.859370470047;-0.9462854266166688;True;True;False;True;1.3277612536682286;4.325038974457307;0.24105901391201534;1.0218404469384337
89.01999796940676;29.815089600878487;176.80999488838896;0.0;89.01999796940676;114.22128614719048;176.80999488838896;0.0;89.01999796940676;114.22128614719048;0.0;912.4318674410245;0.9800020305932406;-9.221286147190485;87.73812198638916;109.5351312160492;176.8382978439331;-0.9865833818912506;True;True;False;True;1.3274965461027768;4.331811881644621;0.24050347896478155;1.0221266068191788
88.84929888057927;29.697809489238555;176.87632312163478;0.1927;88.84929888057927;114.37134428641455;176.87632312163478;0.1927;88.84929888057927;114.37134428641455;0.0;912.9039325560916;1.1507011194207308;-9.371344286414567;87.6950192451477;109.67065525054932;176.80479407310486;-0.9710772335529329;True;True;False;True;1.3262350346145642;4.337105719988985;0.23996710123902526;1.023565693361266
88.70615903675244;30.29928977938213;176.92706532528624;0.0;88.70615903675244;113.94278876816024;176.92706532528624;0.0;88.70615903675244;113.94278876816024;0.0;913.343639059668;1.2938409632475611;-8.942788768160227;87.54436016082764;109.844379901886;176.80466294288635;-0.9398747980594636;True;True;False;True;1.3261367134034456;4.3376458758300345;0.24001191918643344;1.0219088863955503
88.70697056850172;30.152161585646358;176.89739917079785;0.0;88.70697056850172;113.85384740755576;176.89739917079785;0.0;88.70697056850172;113.85384740755576;0.0;913.5145281246026;1.293029431498283;-8.853847407555747;87.40488815307617;109.48359322547913;176.83390498161316;-0.9608162939548492;True;True;False;True;1.32702706760736;4.338100683785189;0.23907108202276747;1.0216983770746395
88.79677724979841;30.31118867585752;176.72290509281433;0.0;88.79677724979841;113.827614505524;176.72290509281433;0.0;88.79677724979841;113.827614505524;0.0;913.507318686209;1.20322275020159;-8.827614505523997;87.41077899932861;109.38246011734007;176.82535529136658;-0.9453822672367096;True;True;False;True;1.326906785663267;4.341148826932306;0.23892288439978668;1.0198684862256449
88.8430840740633;30.410546940457422;176.81542921774638;0.0;88.8430840740633;113.86928285152248;176.81542921774638;0.0;88.8430840740633;113.86928285152248;0.0;913.575134737706;1.1569159259367012;-8.869282851522485;87.5110547542572;109.37613368034364;176.79276943206787;-1.0044170916080477;True;True;False;True;1.3286109234993762;4.341448426101018;0.2384439284739306;1.0194650451590714
88.70129621296874;30.242306705908323;176.90065028209546;0.1574;88.70129621296874;114.34330404825758;176.90065028209546;0.1574;88.70129621296874;114.34330404825758;0.0;914.0129659166868;1.2987037870312577;-9.34330404825758;87.50308966636658;109.37854671478271;176.78508520126343;-1.0044170916080477;True;True;False;True;1.3287512223921747;4.346839177615853;0.2385304724966797;1.0213763266896356
88.72877786415974;30.57894003683657;177.08195694143896;0.0;88.72877786415974;114.31008309566474;177.08195694143896;0.0;88.72877786415974;114.31008309566474;0.0;914.1311631192424;1.2712221358402616;-9.310083095664735;87.39831280708313;109.85387992858888;176.801096200943;-0.9855392575263976;True;True;False;True;1.3285652638632905;4.349739138143498;0.2385555776572211;1.0218375910675728
88.42871187471212;30.718110240018675;176.86108235398055;0.0634;88.42871187471212;114.54693973182304;176.86108235398055;0.0634;88.42871187471212;114.54693973182304;0.0;914.9007913829162;1.5712881252878788;-9.54693973182303;87.40967273712158;109.79337430000304;176.84502482414246;-0.9663975238800048;True;True;False;True;1.3263508244170346;4.355263664771495;0.23610392488399665;1.0223020939640872
88.31598136976784;30.696149740046685;177.0909852752388;0.3147499833119862;88.31598136976784;114.16088504497492;177.0909852752388;0.3147499833119862;88.31598136976784;114.16088504497492;0.0;915.3357574761764;1.6840186302321598;-9.160885044974933;87.13498091697693;110.00702810287476;176.87778115272522;-0.9486457705497742;True;True;False;True;1.3247555686187418;4.353769551729635;0.2355831609506219;1.0248529094272945
88.32856283354865;30.61254787390373;177.15962448444074;0.0;88.32856283354865;114.43818514735533;177.15962448444074;0.0;88.32856283354865;114.43818514735533;0.0;915.5351303659792;1.671437166451355;-9.438185147355329;87.03537583351135;109.68102645874023;176.92808270454407;-0.9522420167922974;True;True;False;True;1.324789837203817;4.3542867069665;0.23621250266873628;1.0244039224186268
88.46676168947734;30.52719132603213;177.0937926856778;0.1621;88.46676168947734;114.21737319652298;177.0937926856778;0.1621;88.46676168947734;114.21737319652298;0.0;915.481590942982;1.5332383105226626;-9.217373196522985;87.03642678260803;109.9143717288971;176.99132680892944;-0.9158796072006226;True;True;False;True;1.3264740827824644;4.354800380757851;0.2362866921671522;1.0250157924582772
88.61026038384782;30.75623766099551;177.3459180433858;0.0;88.61026038384782;114.15379636372953;177.3459180433858;0.0;88.61026038384782;114.15379636372953;0.0;915.3990253289774;1.389739616152184;-9.153796363729526;87.20091414451599;109.72111463546752;177.00613141059875;-0.88695228099823;True;True;False;True;1.3260353286039746;4.3573856425548945;0.2367086982069634;1.0239950486437002
88.58146526517952;30.833015599242486;177.64963724733187;0.1455;88.58146526517952;114.07602237661074;177.64963724733187;0.1455;88.58146526517952;114.07602237661074;0.0;915.6419141818008;1.4185347348204829;-9.076022376610736;87.29931616783142;109.65873527526855;177.1305215358734;-0.967792421579361;True;True;False;True;1.325048178732592;4.360173497588083;0.23923024770729512;1.025006933217029
88.23274995580998;30.92297074063161;177.6979848149988;0.081630460019752;88.23274995580998;114.0682437482744;177.6979848149988;0.081630460019752;88.23274995580998;114.0682437482744;0.0;916.5284827651828;1.7672500441900212;-9.068243748274398;87.31174778938293;109.63074684143066;177.30095148086548;-0.9363064169883728;True;True;False;True;1.3215568694229527;4.364375854034807;0.2414499095927831;1.0248583451205822
88.08240934614845;30.957778157781068;177.77905695667994;0.0;88.08240934614845;114.08770116109906;177.77905695667994;0.0;88.08240934614845;114.08770116109906;0.0;917.0647973237312;1.917590653851548;-9.087701161099062;87.007000207901;109.63887786865234;177.44449973106384;-0.9625357389450072;True;True;False;True;1.317621381849754;4.366237411491884;0.24292195920899667;1.0245537991964149
88.19089211593388;30.731138912316563;177.80211145104565;0.0;88.19089211593388;114.09098340438584;177.80211145104565;0.0;88.19089211593388;114.09098340438584;0.0;917.1035105380072;1.8091078840661223;-9.090983404385838;86.8601438999176;109.64084148406982;177.62048959732056;-0.9382061660289764;True;True;False;True;1.3199380653838582;4.367724946430149;0.24304977719942583;1.0240132356622633
88.17417895612007;30.879503097182937;177.88516144888206;0.235;88.17417895612007;114.09937870323697;177.88516144888206;0.235;88.17417895612007;114.09937870323697;0.0;917.378151242177;1.8258210438799267;-9.099378703236964;86.94795346260071;109.6393826007843;177.7211320400238;-0.9775567054748536;True;True;False;True;1.317521717273737;4.368765535481946;0.24279201999980252;1.0247952964804021
87.91905733359062;31.08294540904941;178.02152692734467;0.0;87.91905733359062;114.07903663237244;178.02152692734467;0.0;87.91905733359062;114.07903663237244;0.0;918.1318372930864;2.080942666409385;-9.07903663237245;86.97574138641357;109.6608510017395;177.7769935131073;-0.9762142598628998;True;True;False;True;1.3130432543360104;4.370973357418765;0.24379445769354857;1.024700154592293
88.14118066539206;31.055293754667385;178.20333143097653;0.0;88.14118066539206;114.24717848398272;178.20333143097653;0.0;88.14118066539206;114.24717848398272;0.0;917.9650496516716;1.858819334607944;-9.247178483982708;86.69625806808472;109.65189719200134;177.8642213344574;-0.9507405757904052;True;True;False;True;1.312783956532195;4.373133921560228;0.24592279608389056;1.0244866047207228
88.04521758258012;30.994095225489097;178.2694067745863;0.0;88.04521758258012;114.23125745763502;178.2694067745863;0.0;88.04521758258012;114.23125745763502;0.0;918.4048183952432;1.954782417419878;-9.231257457635024;86.89219784736633;109.80546021461488;177.98116326332092;-0.9321840107440948;True;True;False;True;1.3085658661450557;4.374144937674029;0.24730163450815879;1.0242056274453395
88.14609194848776;30.941352449881364;178.24038628980963;0.0;88.14609194848776;114.11301601361588;178.24038628980963;0.0;88.14609194848776;114.11301601361588;0.0;918.4637073190838;1.853908051512235;-9.11301601361589;86.7861557006836;109.8110053539276;178.08745741844177;-0.9994964301586152;True;True;False;True;1.3061006363407242;4.375244206330968;0.24637586807939557;1.02319937244789
88.17812567050194;30.88988493829799;178.10829845273128;0.0;88.17812567050194;114.335465861128;178.10829845273128;0.0;88.17812567050194;114.335465861128;0.0;918.646827615257;1.8218743294980584;-9.335465861128;86.93077182769775;109.70844793319702;178.1608510017395;-1.0013896226882937;True;True;False;True;1.3046519212019612;4.380827494285444;0.24143729931110988;1.023258890162371
88.23082367867661;30.79639751275269;178.10132782867038;0.0108;88.23082367867661;114.43324638026746;178.10132782867038;0.0108;88.23082367867661;114.43324638026746;0.0;918.784348176174;1.7691763213233855;-9.433246380267462;86.9569833278656;109.90752673149107;178.17177414894104;-1.0028812289237976;True;True;False;True;1.30293793297829;4.383280707449849;0.24079847945354144;1.023529534303437
88.21822972180675;30.750576684188868;178.18151113378525;0.0;88.21822972180675;114.29744037208;178.18151113378525;0.0;88.21822972180675;114.29744037208;0.0;919.0454262660904;1.7817702781932496;-9.29744037207999;87.01627898216248;109.96144318580627;178.148695230484;-1.0015961527824402;True;True;False;True;1.3035190755684933;4.38297127607086;0.24073025141142418;1.0228859696141521
88.23523976281894;30.795832932791683;178.42784956828848;0.0768;88.23523976281894;114.3142440929258;178.42784956828848;0.0768;88.23523976281894;114.3142440929258;0.0;919.2489755544916;1.764760237181065;-9.314244092925804;86.96399426460266;109.86348366737366;178.1597626209259;-1.0035565495491028;True;True;False;True;1.302253437340268;4.388573352986358;0.24168594665140816;1.0236391889344012
88.0757865877284;30.99624512379764;178.60951103303185;0.0;88.0757865877284;114.2036126680938;178.60951103303185;0.0;88.0757865877284;114.2036126680938;0.0;919.8031832696304;1.924213412271598;-9.203612668093813;87.02403664588928;109.8772566318512;178.2277798652649;-0.9937775135040284;True;True;False;True;1.3008627956103618;4.385252092372826;0.24436333570915972;1.0236951376781962
88.14209770897875;30.86730954409315;178.80696226132903;0.2912;88.14209770897875;114.6440014339646;178.80696226132903;0.2912;88.14209770897875;114.6440014339646;0.0;919.9271228154324;1.8579022910212477;-9.644001433964604;86.87920618057251;109.78157877922058;178.38130712509155;-0.987284928560257;True;True;False;True;1.2998908881846745;4.391325964259151;0.24712510206559388;1.0266826900182113
88.22744684913793;31.113390067533864;178.61099888131906;0.2491317451789362;88.22744684913793;114.47934342459963;178.61099888131906;0.2491317451789362;88.22744684913793;114.47934342459963;0.0;920.0041448405836;1.7725531508620662;-9.479343424599648;86.93923473358154;110.21119570732117;178.5398304462433;-0.9493128955364228;True;True;False;True;1.300828155847409;4.390982584667111;0.2467530616075214;1.0285973788653573
88.23488525092934;31.37357606590025;178.91592163160064;0.0;88.23488525092934;114.56625408659389;178.91592163160064;0.0;88.23488525092934;114.56625408659389;0.0;920.2256084571156;1.765114749070662;-9.566254086593872;87.04554653167725;110.05236411094666;178.63282799720764;-0.9110064804553986;True;True;False;True;1.3012622087290686;4.391665542315335;0.24815799606072297;1.0277832833789422
88.01074439516;31.209395176249767;179.12175535549807;0.1124;88.01074439516;114.98458513815211;179.12175535549807;0.1124;88.01074439516;114.98458513815211;0.0;920.9092388018636;1.9892556048399967;-9.984585138152111;87.04199957847595;110.13800954818726;178.73107075691223;-0.8613146841526031;True;True;False;True;1.2979361546998023;4.398103034132673;0.25064722648719107;1.0275021286636241
88.11101313018219;31.59582887776201;179.30616139144004;0.0007018818404519;88.11101313018219;115.18921527495048;179.30616139144004;0.0007018818404519;88.11101313018219;115.18921527495048;0.0;920.9739354124648;1.8889868698178132;-10.18921527495047;86.82934141159058;110.51644802093506;178.84620308876038;-0.9137487411499025;True;True;False;True;1.2985666526037336;4.403000949580796;0.25434881635421014;1.0263984313827148
88.17762859273648;31.394810054167188;179.4733009617699;0.0407514949687264;88.17762859273648;115.28674169306444;179.4733009617699;0.0407514949687264;88.17762859273648;115.28674169306444;0.0;921.0925694033318;1.822371407263517;-10.286741693064442;86.91494536399841;110.71271276474;179.00399208068848;-0.9770879149436952;True;True;False;True;1.2986736836238757;4.4065855538893715;0.25728713390974733;1.026130802807962
88.14728308727626;31.445839631527225;179.57655686592994;0.0;88.14728308727626;115.2393729033597;179.57655686592994;0.0;88.14728308727626;115.2393729033597;0.0;921.396243268554;1.852716912723736;-10.239372903359694;86.97310709953308;110.77067399024963;179.20981407165527;-0.9636519849300385;True;True;False;True;1.2992721339187132;4.406463945477284;0.258549561532415;1.025868054812896
88.39663728267259;31.33277622105364;179.64611256717444;0.0;88.39663728267259;115.45581098576866;179.64611256717444;0.0;88.39663728267259;115.45581098576866;0.0;921.1445637994578;1.603362717327414;-10.455810985768665;86.94261574745178;110.71991729736328;179.38535809516907;-0.9936545789241792;True;True;False;True;1.2995764346690915;4.411544834933969;0.25971555193413387;1.0251995292701137
88.26583386380972;31.17188298066733;179.89547559275164;0.0458;88.26583386380972;115.19950160633968;179.89547559275164;0.0458;88.26583386380972;115.19950160633968;0.0;921.6199523328272;1.7341661361902825;-10.19950160633968;87.18710660934448;110.9182493686676;179.50193285942078;-0.9888814389705658;True;True;False;True;1.2984488599593458;4.41173338324415;0.2623170641454406;1.0256612287772258
88.22312409349529;31.08264801961019;179.86832864528765;0.0;88.22312409349529;115.59733943920882;179.86832864528765;0.0;88.22312409349529;115.59733943920882;0.0;921.936594024948;1.7768759065047135;-10.597339439208824;87.06245851516724;110.73076558113098;179.63057160377502;-0.99655419588089;True;True;False;True;1.2940340584802372;4.415185000428227;0.26162138058278284;1.0257132525372918
88.23452021723996;30.69269114118828;179.88364070321404;0.0;88.23452021723996;115.83411989326656;179.88364070321404;0.0;88.23452021723996;115.83411989326656;0.0;922.1507185649928;1.765479782760039;-10.834119893266577;86.98123812675476;111.0813262462616;179.71518993377686;-0.9909762442111968;True;True;False;True;1.295340891220536;4.420038415203237;0.2618710702096491;1.0257749355517491
88.00962033066075;30.54097027958873;180.0794033501253;0.0;88.00962033066075;116.07959113447512;180.0794033501253;0.0;88.00962033066075;116.07959113447512;0.0;922.8359156425192;1.990379669339248;-11.079591134475107;87.01777935028076;111.28646183013916;179.76964831352234;-0.9899108111858368;True;True;False;True;1.2906531664124568;4.4222645593320715;0.2629804454711049;1.0251310186011966
88.0450982169899;30.8219004726465;180.06742494127664;0.0;88.0450982169899;116.29921465612664;180.06742494127664;0.0;88.0450982169899;116.29921465612664;0.0;923.0303438257728;1.9549017830101008;-11.29921465612665;86.8264651298523;111.49981141090392;179.87377882003784;-1.0020682215690613;True;True;False;True;1.2897526319519255;4.426319453133675;0.26322526867081053;1.0251672132497927
87.95794219325258;30.670858082995004;180.10239625173685;0.0;87.95794219325258;115.99383847550044;180.10239625173685;0.0;87.95794219325258;115.99383847550044;0.0;923.4653094443154;2.0420578067474224;-10.99383847550044;86.81243634223938;111.70137238502502;179.94232058525083;-1.0010437667369845;True;True;False;True;1.288725656459566;4.42784792676476;0.2634999568309251;1.0252196997466039
88.21867041388985;30.696498107410687;180.1993255133154;0.0607;88.21867041388985;116.22672870604124;180.1993255133154;0.0607;88.21867041388985;116.22672870604124;0.0;923.2161273772738;1.7813295861101466;-11.226728706041229;86.78464150428772;111.45421957969666;179.9967396259308;-1.000165194272995;True;True;False;True;1.2902970055289091;4.4321406519363045;0.2639667086435657;1.0258771001200342
88.40393683983953;30.66961796225242;180.45489188605177;0.0;88.40393683983953;116.2973113218374;180.45489188605177;0.0;88.40393683983953;116.2973113218374;0.0;923.0831051368558;1.596063160160469;-11.297311321837412;86.96886873245239;111.65997743606567;180.0639569759369;-0.9907336533069612;True;True;False;True;1.2916957814629013;4.436305466445068;0.26658429363204283;1.0245303286906693
88.6739823989925;30.56593476830176;180.4614159340561;0.0;88.6739823989925;116.21759631657976;180.4614159340561;0.0;88.6739823989925;116.21759631657976;0.0;922.7558224399046;1.326017601007507;-11.217596316579773;87.19087481498718;111.71027779579164;180.18961906433103;-0.986444056034088;True;True;False;True;1.2945432642410977;4.441508904810488;0.26706497670181406;1.023966991538503
88.49111669258413;30.429113690644552;180.3053009758073;0.0385;88.49111669258413;116.02904638551928;180.3053009758073;0.0385;88.49111669258413;116.02904638551928;0.0;923.2983561995223;1.5088833074158714;-11.02904638551928;87.40946531295776;111.6529734134674;180.29340863227844;-0.9830625355243684;True;True;False;True;1.2920862501320787;4.442899838812563;0.26686132303428955;1.0244120187402923
88.67626865357764;30.35597930664318;180.66168870948573;0.286639324007737;88.67626865357764;115.84697642731716;180.66168870948573;0.286639324007737;88.67626865357764;115.84697642731716;0.0;923.129236718524;1.3237313464223632;-10.846976427317172;87.26004385948181;111.45502161979675;180.33088564872745;-0.997386872768402;True;True;False;True;1.2921748818518648;4.443839506534456;0.26861627025538387;1.0251105416995074
88.96338539707799;30.594556740709454;180.9833080454288;0.2766334331055318;88.96338539707799;115.87697652852962;180.9833080454288;0.2766334331055318;88.96338539707799;115.87697652852962;0.0;922.7315007443796;1.036614602922015;-10.876976528529624;87.42315530776978;111.33270359039308;180.45294165611267;-0.9603212773799896;True;True;False;True;1.2965339368418847;4.449527794144421;0.26877588693881505;1.0278242063708036
88.99835473526271;30.734156008510524;181.01846605310027;0.0343660860280662;88.99835473526271;116.04662792133288;181.01846605310027;0.0343660860280662;88.99835473526271;116.04662792133288;0.0;922.7997773484;1.0016452647372915;-11.046627921332885;87.74653649330139;111.38093662261964;180.60172200202945;-0.8978967368602753;True;True;False;True;1.296754196796164;4.4494369390604165;0.26928818527906895;1.027063395061172
89.20132568734822;30.944198799977546;180.98181263251624;0.0237592482206036;89.20132568734822;116.0390873731592;180.98181263251624;0.0237592482206036;89.20132568734822;116.0390873731592;0.0;922.527388146194;0.7986743126517837;-11.039087373159193;87.745845079422;111.51186966896056;180.7436048984528;-0.8488884568214417;True;True;False;True;1.2986861178394817;4.4516352292779535;0.26894921273202377;1.0261157885355208
89.2297667630035;30.97140249781216;180.73086754984797;0.0;89.2297667630035;115.7453866567328;180.73086754984797;0.0;89.2297667630035;115.7453866567328;0.0;922.5769959032368;0.7702332369965035;-10.74538665673279;87.96440100669861;111.50793552398682;180.8958601951599;-0.9102262556552888;True;True;False;True;1.2989782219638997;4.4529741295620795;0.26938870185874475;1.0255152765240236
88.93596684115282;30.869046571728347;180.70050352909476;0.0;88.93596684115282;115.81508960087577;180.70050352909476;0.0;88.93596684115282;115.81508960087577;0.0;923.267293511871;1.064033158847181;-10.815089600875751;87.94192314147949;111.19696521759032;180.86705088615415;-0.9868964552879332;True;True;False;True;1.2948571550252277;4.4528487416768225;0.2687522398754899;1.0256686636848633
89.04244604666879;30.71655238550346;180.76091535957968;0.0477;89.04244604666879;115.7478094892358;180.76091535957968;0.0477;89.04244604666879;115.7478094892358;0.0;923.1962061886852;0.9575539533312138;-10.747809489235806;87.68126702308655;111.30547571182252;180.7905888557434;-0.9980179369449615;True;True;False;True;1.2962565783412607;4.45468853495893;0.267527856244155;1.0262310123176301
89.03470486252772;31.004609956214026;180.86637867916463;0.0;89.03470486252772;116.3992897793794;180.86637867916463;0.0;89.03470486252772;116.3992897793794;0.0;923.3393624174116;0.9652951374722818;-11.399289779379387;87.80207085609436;111.20897507667542;180.74275255203247;-0.9925022721290588;True;True;False;True;1.2939566060427485;4.4648520147924815;0.2676828773981314;1.0261117395084933
89.14744407355938;30.930811531830223;180.8290898618884;0.027;89.14744407355938;116.3021615856436;180.8290898618884;0.027;89.14744407355938;116.3021615856436;0.0;923.242590013678;0.8525559264406155;-11.302161585643605;87.80912327766418;111.81304264068604;180.7423198223114;-0.99012553691864;True;True;False;True;1.2927738072571207;4.466713158117033;0.26756557097649275;1.0261449784465821
89.00325888990832;31.06935090977443;180.8839821104964;0.0037086374514278;89.00325888990832;116.51118867585475;180.8839821104964;0.0037086374514278;89.00325888990832;116.51118867585475;0.0;923.6446345045056;0.9967411100916764;-11.511188675854768;87.91589832305908;111.71072030067444;180.7671558856964;-0.9834624826908112;True;True;False;True;1.290088829659062;4.472281877431966;0.26585337998810005;1.0259904009181127
88.99925759723891;31.225663287889272;180.7632981401116;0.1641558222422059;88.99925759723891;116.66054694045468;180.7632981401116;0.1641558222422059;88.99925759723891;116.66054694045468;0.0;923.7855359045232;1.000742402761091;-11.660546940454664;87.73288798332214;111.91862154006958;180.82354187965396;-0.9950888156890868;True;True;False;True;1.2892794715748528;4.472040923172804;0.26518816041910803;1.0274481046461021
88.9817904628448;31.46966358208325;180.763794114182;0.0;88.9817904628448;116.54230670590556;180.763794114182;0.0;88.9817904628448;116.54230670590556;0.0;923.9539024936796;1.018209537155201;-11.54230670590556;87.74695825576782;112.08096551895142;180.8166182041168;-0.9716247022151948;True;True;False;True;1.2859134499346958;4.4720279298643115;0.2633559350492034;1.027148063658467
89.13763129390036;31.38038370496756;180.647661131465;0.0;89.13763129390036;116.9289400368338;180.647661131465;0.0;89.13763129390036;116.9289400368338;0.0;923.7779821031892;0.8623687060996446;-11.928940036833808;87.72439050674438;111.9162085056305;180.7984435558319;-0.9641633927822112;True;True;False;True;1.2855973677607673;4.476813947001434;0.2628057712991737;1.025884888525541
89.28883093798575;31.452807920385823;180.47622503460025;0.0;89.28883093798575;117.11811024001592;180.47622503460025;0.0;89.28883093798575;117.11811024001592;0.0;923.5905653091648;0.7111690620142497;-12.118110240015907;87.8627700805664;112.26177716255188;180.73652386665344;-0.9495013952255248;True;True;False;True;1.2848903681456034;4.481853077958905;0.2622245857783439;1.0236260550212262
89.32702443062097;31.200780750298847;180.50338030165892;0.0259;89.32702443062097;117.14614974004392;180.50338030165892;0.0259;89.32702443062097;117.14614974004392;0.0;923.6090008654965;0.6729755693790338;-12.14614974004391;87.97988867759705;112.45923805236816;180.62288641929624;-0.9976114332675934;True;True;False;True;1.286539481600981;4.485685888509623;0.2623374657538475;1.0237380386395425
89.73735528919181;31.043263519747725;180.5390282912389;0.0655107533093209;89.73735528919181;117.11254787390097;180.5390282912389;0.0655107533093209;89.73735528919181;117.11254787390097;0.0;922.8780692242718;0.2626447108081891;-12.112547873900953;88.02800416946411;112.45968055725098;180.5519711971283;-0.9976114332675934;True;True;False;True;1.2908078477186296;4.48848275738056;0.2623399743035561;1.0237786494795589
89.62582468473707;30.87277864501055;180.60975910432376;0.0;89.62582468473707;117.07719132602936;180.60975910432376;0.0;89.62582468473707;117.07719132602936;0.0;923.1361497279556;0.3741753152629314;-12.077191326029364;88.39050555229187;112.44999384880066;180.4728865623474;-0.989515781402588;True;True;False;True;1.2921266915570615;4.49280277879996;0.2626508157962942;1.0243437720502981
89.60648998777319;30.80743578000363;180.6772696608756;0.1866;89.60648998777319;117.35623766099272;180.6772696608756;0.1866;89.60648998777319;117.35623766099272;0.0;923.2247091639184;0.3935100122268125;-12.356237660992733;88.29196524620056;112.40305376052856;180.48158049583435;-0.9839476644992828;True;True;False;True;1.2908940555304564;4.498227247193056;0.26329080328488036;1.0257433101902995
89.69046163021272;31.063511033513187;180.72774707848097;0.0;89.69046163021272;117.4830155992397;180.72774707848097;0.0;89.69046163021272;117.4830155992397;0.0;923.1092338806696;0.3095383697872762;-12.483015599239708;88.2894070148468;112.67192387580872;180.5343472957611;-0.9595246613025664;True;True;False;True;1.2899739061243474;4.502314831801085;0.26387972022340933;1.0257351377035142
89.49762970001383;30.94398524590977;180.76648486189416;0.0;89.49762970001383;117.62297074062884;180.76648486189416;0.0;89.49762970001383;117.62297074062884;0.0;923.5361695237058;0.5023702999861683;-12.62297074062883;88.32996535301208;112.75692629814148;180.59631943702695;-0.959390252828598;True;True;False;True;1.2893503085285458;4.50721480353522;0.26402563260077755;1.0254264661604156
89.60103467187582;31.07367034371431;180.5465060694968;0.1152;89.60103467187582;117.70777815777828;180.5465060694968;0.1152;89.60103467187582;117.70777815777828;0.0;923.3963422866466;0.3989653281241772;-12.70777815777828;88.18362760543823;112.91229391098022;180.6732141971588;-0.945739597082138;True;True;False;True;1.2884911571555138;4.509772145868201;0.26380664711377133;1.0242489558411376
89.73095562123987;31.31594312573896;180.3730291853287;0.0;89.73095562123987;117.53113891231378;180.3730291853287;0.0;89.73095562123987;117.53113891231378;0.0;923.1896957650016;0.2690443787601282;-12.53113891231378;88.28499579429626;112.96543598175047;180.65465927124023;-0.9848442673683168;True;True;False;True;1.2908285054487025;4.513341292687476;0.2645799645071585;1.0242606107744017
89.78662337144823;31.225760461539444;180.5017045858146;0.2158;89.78662337144823;117.72950309718014;180.5017045858146;0.2158;89.78662337144823;117.72950309718014;0.0;923.1142328484196;0.2133766285517708;-12.729503097180142;88.37218308448792;112.79913020133972;180.56559562683103;-0.975220948457718;True;True;False;True;1.2897630603216064;4.522276942704927;0.2643439923229589;1.0257646790606731
89.9425276861609;31.548740583985595;180.5731475734837;0.0;89.9425276861609;117.98294540904662;180.5731475734837;0.0;89.9425276861609;117.98294540904662;0.0;922.8308744361344;0.0574723138390993;-12.98294540904662;88.42238664627075;112.97006845474245;180.51286816596985;-0.9411008656024932;True;True;False;True;1.2929425653817344;4.527284097622054;0.26290762878087837;1.0257772601151356
89.91879888715401;31.48352191661652;180.6986375946831;0.0508;89.91879888715401;118.0052937546646;180.6986375946831;0.0508;89.91879888715401;118.0052937546646;0.0;922.8859950093268;0.0812011128459886;-13.005293754664592;88.58172988891602;113.19920301437378;180.47478795051572;-0.9521174430847168;True;True;False;True;1.2919764049214828;4.531326131248067;0.2635792974368314;1.025240604680512
89.91047490590954;31.5409028381978;180.4923839371015;0.0;89.91047490590954;117.99409522548628;180.4923839371015;0.0;89.91047490590954;117.99409522548628;0.0;922.913469786862;0.0895250940904617;-12.99409522548629;88.54181456565857;113.20581984519958;180.5138385295868;-0.9298531711101532;True;True;False;True;1.292854032284699;4.535259366897846;0.26281673864513583;1.0248491177975398
90.00742374788433;31.356312614379625;180.4305566823305;0.1937;90.00742374788433;117.99135244987856;180.4305566823305;0.1937;90.00742374788433;117.99135244987856;0.0;922.7315087821244;-0.0074237478843315;-12.991352449878562;88.52329158782959;113.19742608070374;180.5282890796661;-0.9909270703792572;True;True;False;True;1.2947955161231066;4.541277112612197;0.2629217394750703;1.0260652650649515
89.77135510082168;31.723326444359795;180.25718465487205;0.0;89.77135510082168;117.98988493829518;180.25718465487205;0.0;89.77135510082168;117.98988493829518;0.0;923.2026562431984;0.2286448991783203;-12.989884938295177;88.61877584457397;113.20965027809144;180.48084616661072;-0.9633618593215942;True;True;False;True;1.2911640988602802;4.544963403435482;0.26219729315144175;1.025972503859543
89.66680887987224;31.48638562258128;180.32194159977303;0.1688;89.66680887987224;117.94639751274988;180.32194159977303;0.1688;89.66680887987224;117.94639751274988;0.0;923.4422346716544;0.3331911201277648;-12.946397512749884;88.41785788536072;113.19797921180724;180.39912581443787;-0.9581248462200164;True;True;False;True;1.2905483785924605;4.547828546032029;0.2612243112225921;1.0257747976028657
89.71025000823231;31.43805142278263;180.24484408158725;0.0;89.71025000823231;117.95057668418606;180.24484408158725;0.0;89.71025000823231;117.95057668418606;0.0;923.399777897618;0.2897499917676924;-12.95057668418606;88.3348536491394;113.16292452812196;180.31596302986145;-0.9254652261734008;True;True;False;True;1.2884736440926405;4.5529781417781505;0.2598178201819801;1.025413527058027
89.65620831754013;31.435719065118278;180.46248676028003;0.0;89.65620831754013;118.04583293278888;180.46248676028003;0.0;89.65620831754013;118.04583293278888;0.0;923.546494611238;0.3437916824598659;-13.04583293278887;88.36607789993286;113.14844632148744;180.26971340179443;-0.9657369554042816;True;True;False;True;1.2901821919800265;4.558275048709108;0.26042898766668837;1.0253833549093725
89.93727137339769;31.21439667608385;180.386151248154;0.0;89.93727137339769;118.29624512379482;180.386151248154;0.0;89.93727137339769;118.29624512379482;0.0;923.0302073905176;0.0627286266023077;-13.29624512379482;88.31763744354248;113.25454378128052;180.30645608901975;-0.954136848449707;True;True;False;True;1.2931559034276512;4.565295718502385;0.2593544240074242;1.0253590669275088
90.02314772983088;30.98387306744462;180.30709744947816;0.0;90.02314772983088;118.21730954409033;180.30709744947816;0.0;90.02314772983088;118.21730954409033;0.0;922.8668184945316;-0.0231477298308817;-13.217309544090329;88.55646562576294;113.44533252716064;180.32866954803467;-0.9972934424877168;True;True;False;True;1.2957982466894782;4.568216050372;0.2588181210452426;1.0253143427531077
90.1106321844436;30.90880045039536;180.23512402740025;0.1174;90.1106321844436;118.51339006753103;180.23512402740025;0.1174;90.1106321844436;118.51339006753103;0.0;922.6887632213288;-0.1106321844435882;-13.513390067531049;88.62737703323364;113.39192080497742;180.31855940818787;-0.9997029602527618;True;True;False;True;1.299381577593612;4.574976135411953;0.2562749166668528;1.0263962883530315
90.07662493092802;31.162963280932026;180.1733042964621;0.0;90.07662493092802;118.82357606589744;180.1733042964621;0.0;90.07662493092802;118.82357606589744;0.0;922.742026770434;-0.0766249309280198;-13.823576065897427;88.72246718406677;113.65074467658997;180.30614137649536;-0.9896928071975708;True;True;False;True;1.3009119399464655;4.585123642786429;0.25123631266926705;1.026267328669462
90.08297437154673;30.940951712486488;180.51539297029765;0.0391;90.08297437154673;118.70939517624694;180.51539297029765;0.0391;90.08297437154673;118.70939517624694;0.0;922.7191112317396;-0.0829743715467259;-13.709395176246945;88.65223336219788;113.94065451622008;180.22645354270932;-0.9783008694648744;True;True;False;True;1.303003709186067;4.590341408533773;0.247908222646519;1.0263340386015989
90.14061668797204;31.309046080003583;180.4617361226034;0.0;90.14061668797204;119.1458288777592;180.4617361226034;0.0;90.14061668797204;119.1458288777592;0.0;922.5927633493494;-0.1406166879720274;-14.145828877759186;88.66306781768799;113.85018301010132;180.2660286426544;-0.9654419124126434;True;True;False;True;1.3039655984946104;4.600538281133954;0.24339552624494085;1.0259978505577625
90.31715615213815;31.153170854879;180.3099824177459;0.0;90.31715615213815;118.99481005416436;180.3099824177459;0.0;90.31715615213815;118.99481005416436;0.0;922.2209355292875;-0.3171561521381676;-13.99481005416436;88.7122757434845;114.19813704490662;180.3251421451569;-0.9934087097644806;True;True;False;True;1.3086190489458813;4.602807534596506;0.23881256780164867;1.0259315046396253
90.29484252772605;31.177263145316548;180.34287665018263;0.1533;90.29484252772605;119.09583963152438;180.34287665018263;0.1533;90.29484252772605;119.09583963152438;0.0;922.22327529116;-0.2948425277260327;-14.095839631524385;88.88467979431152;114.08665347099304;180.31792998313904;-0.9912663698196412;True;True;False;True;1.3110240519778904;4.606627458609996;0.23729280255725457;1.0272528979950528
90.09960249126485;31.10450558930352;180.15285609876884;0.0;90.09960249126485;119.0327762210508;180.15285609876884;0.0;90.09960249126485;119.0327762210508;0.0;922.5744430270524;-0.0996024912648323;-14.032776221050796;88.89188432693481;114.20216798782349;180.3507387638092;-0.9851245582103728;True;True;False;True;1.3116617012196006;4.611381393961161;0.23360703354159326;1.0265743236101645
90.32896004977172;31.231916237298265;180.23859021404624;0.0;90.32896004977172;118.92188298066448;180.23859021404624;0.0;90.32896004977172;118.92188298066448;0.0;922.10244757787;-0.3289600497717231;-13.921882980664492;88.73244428634644;114.0903594493866;180.27570605278012;-0.9645387530326844;True;True;False;True;1.3118485990499047;4.61778320530819;0.2331512179942842;1.0262713052870325
90.45722643705888;31.252160011555944;180.6116189824554;0.0;90.45722643705888;118.88264801960734;180.6116189824554;0.0;90.45722643705888;118.88264801960734;0.0;921.802053463326;-0.4572264370588783;-13.882648019607345;88.924795627594;113.98570704460144;180.2210509777069;-0.9543220698833466;True;True;False;True;1.3144977849675243;4.623680864928667;0.2344940889056377;1.0242352035739895
90.315971849807;31.260982480545074;180.78944122191567;0.0;90.315971849807;118.54269114118544;180.78944122191567;0.0;90.315971849807;118.54269114118544;0.0;922.0235991128886;-0.3159718498069992;-13.54269114118543;89.04481816291809;113.98771905899048;180.3015124797821;-1.004010587930679;True;True;False;True;1.313053313262049;4.626330804272148;0.23895262881952195;1.0245645914098254
90.39832807118086;31.29240236213933;180.98775250291845;0.0;90.39832807118086;118.44097027958588;180.98775250291845;0.0;90.39832807118086;118.44097027958588;0.0;921.8167570901668;-0.3983280711808561;-13.440970279585883;88.89934468269348;113.69795441627502;180.43004631996155;-1.0012470185756683;True;True;False;True;1.314474744594296;4.63123376896987;0.24479702246938317;1.0248672017869802
90.56944019767474;31.226711891120644;181.0546500307499;0.4364;90.56944019767474;118.77190047264364;181.0546500307499;0.4364;90.56944019767474;118.77190047264364;0.0;921.4214224276882;-0.5694401976747372;-13.771900472643653;89.01276421546936;113.5970287322998;180.63773036003116;-1.004045009613037;True;True;False;True;1.317870649391335;4.633898317436901;0.24764925379680466;1.028081780115332
90.46315536510872;31.56097395518775;180.931392863235;0.0;90.46315536510872;118.67085808299214;180.931392863235;0.0;90.46315536510872;118.67085808299214;0.0;921.5580667331302;-0.463155365108733;-13.67085808299214;89.17874503135681;113.93302130699158;180.80427885055545;-0.9485621750354768;True;True;False;True;1.3158953030011535;4.637991149085999;0.24763543106714442;1.0278005673016375
90.4278375039;31.535956072065083;180.93233707899785;0.0;90.4278375039;118.74649810740785;180.93233707899785;0.0;90.4278375039;118.74649810740785;0.0;921.5669484068663;-0.4278375039000082;-13.746498107407833;89.03139781951904;113.794593334198;180.86183190345764;-0.9051351249217988;True;True;False;True;1.31723852370787;4.643279496523915;0.24747863104476314;1.026053404577686
90.47853938973924;31.5570799995447;181.3064460921228;0.0576;90.47853938973924;118.76961796224955;181.3064460921228;0.0576;90.47853938973924;118.76961796224955;0.0;921.408499634668;-0.4785393897392396;-13.769617962249557;88.99532675743103;113.84546065330504;180.8723616600037;-0.8683924376964569;True;True;False;True;1.3178847308001456;4.648288503463426;0.24986694145240593;1.0260367866595994
90.50897528332472;31.94342223390529;181.35765879488704;0.0;90.50897528332472;118.7159347682989;181.35765879488704;0.0;90.50897528332472;118.7159347682989;0.0;921.2838225955318;-0.5089752833247303;-13.715934768298894;89.06553292274475;113.90952014923096;180.967116355896;-0.9946036338806152;True;True;False;True;1.3197804425802464;4.649314979410694;0.24938691075981712;1.025466339202721
90.30846541721075;31.85764634891422;181.46752339439325;0.1811;90.30846541721075;118.62911369064167;181.46752339439325;0.1811;90.30846541721075;118.62911369064167;0.0;921.6169789566496;-0.308465417210769;-13.629113690641688;89.12162733078003;113.84989953041077;181.05079054832456;-0.9892649948596954;True;True;False;True;1.3199982889735276;4.650796746682406;0.24776435626417348;1.0275119378944877
90.18884357762197;31.963449528872975;181.30352847896572;0.0;90.18884357762197;118.60597930664032;181.30352847896572;0.0;90.18884357762197;118.60597930664032;0.0;921.8150939135326;-0.1888435776219523;-13.605979306640307;88.90661835670471;113.77391314506532;181.18576288223267;-0.9633339941501616;True;True;False;True;1.3202192720935622;4.65521673222012;0.24308760303707158;1.0252832259626778
90.07154395511716;31.953940718137414;181.53908126763275;0.0;90.07154395511716;118.89455674070658;181.53908126763275;0.0;90.07154395511716;118.89455674070658;0.0;922.0245140148592;-0.0715439551171641;-13.894556740706577;88.79795575141907;113.75780320167542;181.2617528438568;-0.962635725736618;True;True;False;True;1.3164209006157814;4.660736958993928;0.24438986791189254;1.0253877153862823
90.2135028326982;31.81006555352405;181.5209442499464;0.0;90.2135028326982;119.08415600850763;181.5209442499464;0.0;90.2135028326982;119.08415600850763;0.0;921.7310570656814;-0.2135028326982109;-14.084156008507648;88.68468832969666;114.0191023349762;181.3260328769684;-0.9497374296188354;True;True;False;True;1.3175019462496635;4.667480555942145;0.24348877607466768;1.0237256550038527
90.13207111044888;31.655436303704725;181.45893327943392;0.0476;90.13207111044888;119.34419879997466;181.45893327943392;0.0476;90.13207111044888;119.34419879997466;0.0;921.8654534658202;-0.1320711104488907;-14.344198799974665;88.84343695640564;114.16335201263428;181.37685894966123;-1.004045009613037;True;True;False;True;1.3159258162462677;4.6739550003858685;0.24286684221625668;1.0248783226612048
90.41901098451532;31.8766622539768;181.45724130804444;0.0931404899065184;90.41901098451532;119.42140249780928;181.45724130804444;0.0931404899065184;90.41901098451532;119.42140249780928;0.0;921.2739642362942;-0.4190109845153102;-14.421402497809282;88.75008225440979;114.41629195213318;181.37520670890808;-0.9982343018054962;True;True;False;True;1.3206879736066914;4.677839679364099;0.24221616642367758;1.0259973635258695
90.12780476370342;32.24112529092304;181.5381774230167;0.1535229988641571;90.12780476370342;119.36904657172546;181.5381774230167;0.1535229988641571;90.12780476370342;119.36904657172546;0.0;921.8005085466492;-0.1278047637034234;-14.369046571725464;89.0184338092804;114.46235394477844;181.3736593723297;-0.9828199446201324;True;True;False;True;1.3174519350137055;4.684502736216723;0.24111653427234736;1.0267440564755401
90.583274636337;32.23692861907509;181.4209233045881;0.0348976809794393;90.583274636337;119.26655238550056;181.4209233045881;0.0348976809794393;90.583274636337;119.26655238550056;0.0;920.8725281662216;-0.583274636336995;-14.266552385500574;88.7506353855133;114.42806673049928;181.38745427131653;-0.9530894458293916;True;True;False;True;1.3212220077536836;4.686787963537982;0.2399446717878452;1.0267306450316267
90.5518964581062;32.06366889501325;181.22126763992156;0.0;90.5518964581062;119.60460995621114;181.22126763992156;0.0;90.5518964581062;119.60460995621114;0.0;920.8575145711716;-0.5518964581062136;-14.604609956211135;89.14630389213562;114.35546827316284;181.3596546649933;-0.9418876469135284;True;True;False;True;1.3237647442992442;4.695645748389616;0.23950563851304874;1.0263915171240858
90.65613914523348;31.93680365687802;181.18123531373035;0.0;90.65613914523348;119.58081153182732;181.18123531373035;0.0;90.65613914523348;119.58081153182732;0.0;920.575443002503;-0.6561391452334817;-14.580811531827322;89.150217294693;114.64456915855408;181.29141449928284;-0.949486643075943;True;True;False;True;1.3243676115525684;4.701314397383887;0.23945821955977348;1.026209880958245
90.65746867527191;31.857857983340885;181.2198998744821;0.0494;90.65746867527191;119.76935090977152;181.2198998744821;0.0494;90.65746867527191;119.76935090977152;0.0;920.4852987230616;-0.6574686752719288;-14.769350909771532;89.18774032592773;114.59128189086914;181.1966335773468;-0.9938430786132812;True;True;False;True;1.327831504242843;4.706447971259411;0.23934373507366216;1.0265572696376597
90.7442135210617;32.16092299159321;181.51008015590003;0.0;90.7442135210617;119.97566328788638;181.51008015590003;0.0;90.7442135210617;119.97566328788638;0.0;920.224146541446;-0.7442135210616954;-14.975663287886375;89.18079853057861;114.74750685691832;181.1228859424591;-0.9975311160087584;True;True;False;True;1.3293533280082033;4.712635227433547;0.24216161743691217;1.0264824678903406
90.70872697426536;32.2386695823937;181.6377760010677;0.0;90.70872697426536;120.26966358208034;181.6377760010677;0.0;90.70872697426536;120.26966358208034;0.0;920.1958911655636;-0.7087269742653461;-15.26966358208034;89.29035997390747;114.94630217552184;181.16917490959167;-0.9947249293327332;True;True;False;True;1.3302540652328656;4.7205635608101275;0.24583361818362978;1.024452118465369
90.68828457049273;32.04049120347794;181.68674665782984;0.3175;90.68828457049273;120.23038370496464;181.68674665782984;0.3175;90.68828457049273;120.23038370496464;0.0;920.1422790432068;-0.6882845704927121;-15.230383704964652;89.2364227771759;115.19967079162598;181.28281235694885;-0.9889519214630128;True;True;False;True;1.3319223431818457;4.723410524098467;0.2480247121504134;1.027744377985725
90.64822333503334;32.076931967169166;181.81493796314012;0.0869076123030078;90.64822333503334;120.35280792038292;181.81493796314012;0.0869076123030078;90.64822333503334;120.35280792038292;0.0;920.13063023806;-0.648223335033336;-15.352807920382917;89.2705717086792;115.22649073600768;181.4040946960449;-0.962422639131546;True;True;False;True;1.3342721478241049;4.728460670866402;0.250957572160112;1.0285368293835875
90.71875013058916;32.116168822756904;181.852159149004;0.0;90.71875013058916;120.15078075029594;181.852159149004;0.0;90.71875013058916;120.15078075029594;0.0;919.903146868944;-0.7187501305891573;-15.150780750295937;89.20049691200256;115.30988907814026;181.52225613594052;-0.9189513325691224;True;True;False;True;1.3372613782448883;4.729876825195828;0.25240815635190783;1.0270874303425865
90.6790402159676;31.918975546810337;181.81866100285905;0.0;90.6790402159676;120.0432635197448;181.81866100285905;0.0;90.6790402159676;120.0432635197448;0.0;919.8867333474418;-0.6790402159676034;-15.043263519744812;89.29271078109741;115.10399985313416;181.5952169895172;-0.8900764584541321;True;True;False;True;1.3382083768237774;4.732217530827038;0.25329129265858696;1.0262855981420722
90.64399649868288;31.71219706884407;181.5473487422597;0.0;90.64399649868288;119.92277864500764;181.5473487422597;0.0;90.64399649868288;119.92277864500764;0.0;919.866282086549;-0.6439964986828812;-14.92277864500764;89.26454257965088;115.00206470489502;181.6232001781464;-0.975114405155182;True;True;False;True;1.3401448843522545;4.734250494357684;0.25330272436131107;1.0244967937246356
90.641744967264;31.636115202553523;181.63571944805304;0.0;90.641744967264;119.90743578000072;181.63571944805304;0.0;90.641744967264;119.90743578000072;0.0;919.7849189495624;-0.641744967263989;-14.90743578000071;89.20545434951782;114.8975989818573;181.5815007686615;-1.000484824180603;True;True;False;True;1.3425615554759915;4.7422142519701165;0.25308652923012587;1.0250184481094378
90.4059517156135;31.735525753218187;181.649432596544;0.0;90.4059517156135;120.21351103351026;181.649432596544;0.0;90.4059517156135;120.21351103351026;0.0;920.170939457228;-0.4059517156134973;-15.213511033510258;89.19733023643494;114.90012264251708;181.54488921165463;-1.000484824180603;True;True;False;True;1.3417668663167568;4.750960224333906;0.25321038410087787;1.0253634035120578
90.62649028281156;31.54456636931969;181.416957792141;0.0497;90.62649028281156;120.14398524590683;181.416957792141;0.0497;90.62649028281156;120.14398524590683;0.0;919.6757354274168;-0.6264902828115595;-15.143985245906848;89.00724673271179;115.15298652648926;181.50572061538696;-1.000484824180603;True;True;False;True;1.3441393803344213;4.755885546576382;0.2531633975307387;1.026290108517678
90.77481600859235;31.7566870288785;181.46483494102523;0.0;90.77481600859235;120.32367034371138;181.46483494102523;0.0;90.77481600859235;120.32367034371138;0.0;919.295551938147;-0.774816008592353;-15.323670343711385;89.17994117736816;115.0945827960968;181.42961263656616;-0.9936004877090454;True;True;False;True;1.3467384767810764;4.762719022537924;0.2531764528090701;1.0261943852178756
90.80522697563784;31.446798378316387;181.39499404471096;0.2242;90.80522697563784;120.61594312573604;181.39499404471096;0.2242;90.80522697563784;120.61594312573604;0.0;919.1314212029104;-0.8052269756378507;-15.615943125736038;89.34024548530579;115.23912978172302;181.38805747032168;-0.9897173941135406;True;True;False;True;1.349134300112425;4.76678420282858;0.25293742698046356;1.0267424979170117
90.78282043821874;31.706448751338424;181.3538860442026;0.0;90.78282043821874;120.5757604615365;181.3538860442026;0.0;90.78282043821874;120.5757604615365;0.0;919.0688706809968;-0.7828204382187351;-15.575760461536504;89.35036087036133;115.50109958648682;181.3018786907196;-0.9650157392024994;True;True;False;True;1.3500834072443857;4.772401640805063;0.25156473278063346;1.0265652572887636
90.7757065200405;31.550219783070965;181.2941969852212;0.0226;90.7757065200405;120.94874058398266;181.2941969852212;0.0226;90.7757065200405;120.94874058398266;0.0;918.9787224589242;-0.7757065200405009;-15.948740583982657;89.3331446647644;115.4823830127716;181.22466921806333;-0.9532353281974792;True;True;False;True;1.3535888883704126;4.779334869194872;0.25164740650056244;1.026085928837997
90.59003688809264;31.68965942634916;181.4623231975967;0.1410138931819229;90.59003688809264;120.9335219166136;181.4623231975967;0.1410138931819229;90.59003688809264;120.9335219166136;0.0;919.2466341868144;-0.5900368880926266;-15.933521916613586;89.34550023078918;115.78331398963928;181.205393075943;-0.9348082542419434;True;True;False;True;1.3541063006515444;4.788143226483188;0.25201845136971307;1.0241403540688012
90.50006682109836;31.795788321497;181.57075692492225;0.0232032389097388;90.50006682109836;121.04090283819484;181.57075692492225;0.0232032389097388;90.50006682109836;121.04090283819484;0.0;919.347902735724;-0.5000668210983577;-16.040902838194853;89.12270593643188;115.80322670936584;181.21718168258667;-0.9802120923995972;True;True;False;True;1.354860665330595;4.792700324211518;0.2533030315567371;1.024584432831631
90.64082268260898;32.23356636036505;181.742349398976;0.0588193478186815;90.64082268260898;120.90631261437667;181.742349398976;0.0588193478186815;90.64082268260898;120.90631261437667;0.0;918.9997154365564;-0.6408226826089845;-15.906312614376674;89.07188010215759;115.8957724571228;181.2758755683899;-0.963456928730011;True;True;False;True;1.356254666839232;4.7989459967634875;0.2569924904503406;1.0240652826853394
90.69108311523216;32.08633074647055;181.894703670719;0.0;90.69108311523216;121.32332644435684;181.894703670719;0.0;90.69108311523216;121.32332644435684;0.0;918.813751546962;-0.6910831152321748;-16.32332644435685;89.1980562210083;115.79902291297913;181.3860511779785;-0.9495849907398224;True;True;False;True;1.3570684039505845;4.809230099966368;0.25951419332030756;1.0245757199846404
90.72645737100628;31.684810152410275;181.76953211023135;0.0;90.72645737100628;121.13638562257832;181.76953211023135;0.0;90.72645737100628;121.13638562257832;0.0;918.6508586200496;-0.7264573710062905;-16.13638562257833;89.24182271957397;116.14569783210754;181.5145719051361;-0.9891928732395172;True;True;False;True;1.3589435922821262;4.8143260609000444;0.2559076787208992;1.023417524245233
90.67585936680746;31.71763670928904;181.466307897432;0.0;90.67585936680746;121.13805142277968;181.466307897432;0.0;90.67585936680746;121.13805142277968;0.0;918.6551936456464;-0.6758593668074582;-16.138051422779682;89.2880506515503;115.98858094215392;181.569699048996;-0.9879586100578308;True;True;False;True;1.3625437894884567;4.8207662194692436;0.25328416784537783;1.023150410662004
90.53613140819624;31.66314254664122;181.28562600362235;0.0;90.53613140819624;121.18571906511532;181.28562600362235;0.0;90.53613140819624;121.18571906511532;0.0;918.8445349806278;-0.5361314081962547;-16.18571906511532;89.23439693450928;115.98157691955566;181.5144145488739;-1.000991314649582;True;True;False;True;1.364337406400667;4.827636002028614;0.2522125965809254;1.0234858105132607
90.76081095240691;31.38710615633311;180.99852815819568;0.0;90.76081095240691;121.01439667608088;180.99852815819568;0.0;90.76081095240691;121.01439667608088;0.0;918.323691704447;-0.7608109524069278;-16.014396676080892;89.06990957260132;115.98260712623596;181.37150883674624;-1.0015961527824402;True;True;False;True;1.3679582599202655;4.832825988113227;0.2541180723237936;1.0240317667245586
90.87588043435956;31.24549959845269;181.11842096272423;0.0974;90.87588043435956;120.83387306744166;181.11842096272423;0.0974;90.87588043435956;120.83387306744166;0.0;917.9921112802208;-0.8758804343595727;-15.833873067441658;89.27646255493164;115.82089924812315;181.1626183986664;-1.0039515793323517;True;True;False;True;1.3714577071970664;4.837750336234775;0.2536713546974646;1.0228889482779915
91.05156007896224;31.11489712646242;180.986749143701;0.0;91.05156007896224;120.8088004503924;180.986749143701;0.0;91.05156007896224;120.8088004503924;0.0;917.5239679331008;-1.0515600789622257;-15.808800450392395;89.37738132476807;115.67633843421936;181.0155165195465;-0.9901681542396544;True;True;False;True;1.3777835171493327;4.844155726057096;0.2526124979377706;1.0230108714810628
91.15878440738688;31.19629951085164;180.93604429994843;0.0;91.15878440738688;121.11296328092904;180.93604429994843;0.0;91.15878440738688;121.11296328092904;0.0;917.1693112657232;-1.1587844073868894;-16.11296328092905;89.53169107437134;115.6593987941742;180.92181086540225;-0.981469303369522;True;True;False;True;1.379628565349966;4.85224191133322;0.25053842176178337;1.0232746503240164
91.07198696863374;31.30910894327422;181.0440826363537;0.0;91.07198696863374;120.94095171248352;181.0440826363537;0.0;91.07198696863374;120.94095171248352;0.0;917.188401555578;-1.0719869686337375;-15.940951712483525;89.6219551563263;115.9051549434662;180.83439946174624;-0.9766027331352234;True;True;False;True;1.3821734707704112;4.857645557762406;0.24982771877661922;1.0236512055472244
90.96063435540898;31.082098377611345;180.9723639908908;0.1301;90.96063435540898;121.3590460800006;180.9723639908908;0.1301;90.96063435540898;121.3590460800006;0.0;917.2681751862096;-0.9606343554089848;-16.35904608000061;89.59151911735535;115.7586305141449;180.8338487148285;-1.0006602108478546;True;True;False;True;1.382255848242768;4.869661738231535;0.24975127699389651;1.0248921118765637
90.96870163042256;31.196631725299444;180.9128671072845;0.0214419316736169;90.96870163042256;121.25317085487602;180.9128671072845;0.0214419316736169;90.96870163042256;121.25317085487602;0.0;917.1239560554612;-0.9687016304225722;-16.253170854876018;89.47243690490723;116.169842004776;180.8142578601837;-0.9858539700508118;True;True;False;True;1.3844997515342037;4.873795922370276;0.24987795298751805;1.0249447274044114
91.12704643619882;31.19415082791181;180.85834149526423;0.0842967413171002;91.12704643619882;121.32726314531357;180.85834149526423;0.0842967413171002;91.12704643619882;121.32726314531357;0.0;916.6781062265188;-1.1270464361988246;-16.327263145313566;89.48627209663391;116.05807495117188;180.7929229736328;-0.9720443189144136;True;True;False;True;1.3880064940044252;4.880582809931995;0.24986552659286582;1.0253362781741853
91.1491796931738;31.12384804603157;180.81844460877403;0.0;91.1491796931738;121.30450558930052;180.81844460877403;0.0;91.1491796931738;121.30450558930052;0.0;916.4835668544092;-1.1491796931738063;-16.304505589300533;89.60429644584656;116.10511183738708;180.74866652488708;-0.955171138048172;True;True;False;True;1.3910878727919487;4.888244308258583;0.24993450140586418;1.0249334799572543
91.02627669786742;30.927620093964418;180.84771750534316;0.0494;91.02627669786742;121.48191623729528;180.84771750534316;0.0494;91.02627669786742;121.48191623729528;0.0;916.576148885932;-1.0262766978674165;-16.48191623729528;89.60957884788513;116.09386944770812;180.68776965141296;-0.9816987812519072;True;True;False;True;1.392364794684929;4.896811899533658;0.2490912712214771;1.0244721241145125
91.05064546582906;30.902165604534563;180.9549713620653;0.0;91.05064546582906;121.55216001155296;180.9549713620653;0.0;91.05064546582906;121.55216001155296;0.0;916.3905744569598;-1.0506454658290636;-16.552160011552957;89.51224851608276;116.25254893302916;180.6421494483948;-0.9741801023483276;True;True;False;True;1.3964736647499287;4.905500499686659;0.24821635758654004;1.0243009934279006
90.84920785254904;30.701805043977203;180.7888408736169;0.0;90.84920785254904;121.61098248054208;180.7888408736169;0.0;90.84920785254904;121.61098248054208;0.0;916.6533636214092;-0.8492078525490285;-16.610982480542077;89.50433874130249;116.2972903251648;180.6496894359589;-0.9913384914398192;True;True;False;True;1.3971693282922746;4.9097537773993745;0.2452351459070391;1.0214045857506342
90.97615704225562;30.417318296075244;180.90616507765543;0.0;90.97615704225562;121.69240236213632;180.90616507765543;0.0;90.97615704225562;121.69240236213632;0.0;916.2862375283228;-0.9761570422556218;-16.692402362136335;89.35434341430664;116.35075736045836;180.6496894359589;-0.9880504012107848;True;True;False;True;1.40032406476764;4.919295148515651;0.24635792983745602;1.0193553225429925
91.0048533792312;30.49286772025829;180.7403327800669;0.0;91.0048533792312;121.67671189111763;180.7403327800669;0.0;91.0048533792312;121.67671189111763;0.0;916.098690582071;-1.004853379231193;-16.676711891117648;89.4447181224823;116.39769053459167;180.67234873771667;-1.0018141567707062;True;True;False;True;1.4036294477682716;4.926213728775577;0.24496057344171088;1.0201295768538186
90.97567525279425;30.624936445965933;180.6238447947204;0.0;90.97567525279425;122.06097395518476;180.6238447947204;0.0;90.97567525279425;122.06097395518476;0.0;916.0230663843809;-0.9756752527942324;-17.06097395518475;89.49304795265198;116.391841173172;180.63332438468933;-1.001302748918533;True;True;False;True;1.4077029520138113;4.934188483266816;0.2421134310898679;1.020372328665874
90.75971091293415;30.487784925000547;180.31056588747492;0.3123;90.75971091293415;122.08595607206207;180.31056588747492;0.3123;90.75971091293415;122.08595607206207;0.0;916.324905030395;-0.7597109129341533;-17.08595607206209;89.45349216461182;116.73873043060304;180.55341362953183;-1.002432107925415;True;True;False;True;1.4079080585495214;4.940410202857464;0.2392316084347415;1.0243395494192813
90.85542210750346;30.651350316446504;180.2978849468019;0.0;90.85542210750346;122.1570799995417;180.2978849468019;0.0;90.85542210750346;122.1570799995417;0.0;916.0321878528651;-0.8554221075034576;-17.157079999541693;89.22424006462097;116.76076579093932;180.40804266929624;-0.967067927122116;True;True;False;True;1.4113467039644376;4.947947502271301;0.23524412407178846;1.023892260342375
90.85795345769525;30.56499982331957;180.11879997865984;0.0;90.85795345769525;122.59342223390227;180.11879997865984;0.0;90.85795345769525;122.59342223390227;0.0;915.9130688714812;-0.8579534576952454;-17.593422233902288;89.32483386993408;116.83185696601868;180.2539908885956;-0.9343542158603668;True;True;False;True;1.414472961556627;4.960083080073687;0.23298759379983772;1.0236453680104987
90.76559161529138;30.305354646000744;179.99998859901655;0.0;90.76559161529138;122.5576463489112;179.99998859901655;0.0;90.76559161529138;122.5576463489112;0.0;915.9833987619294;-0.7655916152913846;-17.557646348911206;89.30560564994812;117.17342233657835;180.1254439353943;-0.9099099040031432;True;True;False;True;1.4145288129117852;4.966092150247758;0.23196591093334556;1.0229372545878694
90.87368671765049;30.218510765262646;179.81231020791913;0.0;90.87368671765049;122.71344952886996;179.81231020791913;0.0;90.87368671765049;122.71344952886996;0.0;915.6651296751724;-0.8736867176504717;-17.713449528869972;89.21708393096924;117.17369198799132;179.98205304145813;-1.002097725868225;True;True;False;True;1.4195990925246615;4.977392188514998;0.22948236154134877;1.022642313379923
90.83410924828152;30.321844149135465;179.6689369620211;0.0;90.83410924828152;122.7539407181344;179.6689369620211;0.0;90.83410924828152;122.7539407181344;0.0;915.6277930515568;-0.8341092482815213;-17.753940718134402;89.31214642524719;117.26500010490416;179.86331462860107;-1.0032565891742706;True;True;False;True;1.4226991007321121;4.983274350493364;0.22911075596594638;1.022701887786591
90.8208802996952;30.50706026508568;179.78524960757346;0.0208;90.8208802996952;122.66006555352104;179.78524960757346;0.0208;90.8208802996952;122.66006555352104;0.0;915.543036382292;-0.8208802996951903;-17.660065553521036;89.31074285507202;117.30947184562685;179.70894813537598;-1.0027140378952026;True;True;False;True;1.4249650698684058;4.988780469784449;0.2286628619497817;1.0229931738429765
90.79379127028749;30.53659937363274;179.59794597384524;0.0;90.79379127028749;122.5554363037017;179.59794597384524;0.0;90.79379127028749;122.5554363037017;0.0;915.4877637344814;-0.7937912702874854;-17.555436303701697;89.2537910938263;117.2144992351532;179.61331486701965;-1.0012535750865936;True;True;False;True;1.4293852828499936;4.9938360947812575;0.22675227788840105;1.0230935219747952
90.48899570135838;30.405982737247022;179.53197074110255;0.3484;90.48899570135838;122.82666225397378;179.53197074110255;0.3484;90.48899570135838;122.82666225397378;0.0;915.9915160363012;-0.4889957013583768;-17.82666225397378;89.25827836990356;117.1609423160553;179.54765796661377;-1.0012535750865936;True;True;False;True;1.4294794033301834;5.002081379944013;0.22600427946083154;1.0267187942435068
90.61129595264543;30.75464448092593;179.56301771412356;0.0;90.61129595264543;123.24112529092;179.56301771412356;0.0;90.61129595264543;123.24112529092;0.0;915.6817161068792;-0.6112959526454489;-18.24112529092001;88.9366672039032;117.39506888389587;179.47492003440857;-0.956987291574478;True;True;False;True;1.4342164407831084;5.016374192989768;0.22564472797614799;1.026336818376734
90.30267429819229;30.81066714565167;179.5072738624052;0.0;90.30267429819229;123.28692861907206;179.5072738624052;0.0;90.30267429819229;123.28692861907206;0.0;916.2174532887664;-0.3026742981922723;-18.286928619072057;89.08359265327454;117.7566921710968;179.4429111480713;-0.9255406260490416;True;True;False;True;1.4324079187754986;5.023443021257056;0.2249002056712408;1.0251456198696487
90.31471990059713;30.85773336725305;179.27021092430996;0.0935;90.31471990059713;123.16366889501022;179.27021092430996;0.0935;90.31471990059713;123.16366889501022;0.0;916.1530055108644;-0.3147199005971117;-18.16366889501022;88.7601215839386;117.81445288658142;179.40165758132937;-0.8946889638900757;True;True;False;True;1.4335414649426812;5.029871698161701;0.2221436757821665;1.0251232913421198
90.59659619023464;30.87604626218961;179.29555990191682;0.0;90.59659619023464;123.086803656875;179.29555990191682;0.0;90.59659619023464;123.086803656875;0.0;915.5472902781764;-0.5965961902346351;-18.08680365687499;88.7692482471466;117.66851615905762;179.32905077934265;-0.9915007650852204;True;True;False;True;1.4371503270755666;5.038036181397428;0.22065002104072073;1.0251676393343083
90.4898891494838;30.73558322494766;179.23140393006463;0.0;90.4898891494838;123.05785798333784;179.23140393006463;0.0;90.4898891494838;123.05785798333784;0.0;915.68115820098;-0.4898891494838011;-18.05785798333784;89.02389597892761;117.60303926467896;179.26658034324646;-0.9818676114082336;True;True;False;True;1.4402439286976376;5.047595264312738;0.22067259681976178;1.0248149711203134
90.4715650672104;30.62121822837824;179.16762624218248;0.091;90.4715650672104;123.41092299159016;179.16762624218248;0.091;90.4715650672104;123.41092299159016;0.0;915.6524878122624;-0.4715650672103919;-18.41092299159017;88.96661233901978;117.60106873512268;179.1838896274567;-0.9748505055904388;True;True;False;True;1.4410617083601978;5.060604629887666;0.21841239727724027;1.0225384801819803
90.60284225883797;30.725491512575218;178.7606920784094;0.0;90.60284225883797;123.53866958239064;178.7606920784094;0.0;90.60284225883797;123.53866958239064;0.0;915.3270580867124;-0.6028422588379669;-18.538669582390654;88.89890909194946;117.90680503845216;179.11361694335938;-0.9939512610435486;True;True;False;True;1.442735888109915;5.07053573994759;0.2151258560738711;1.0201257762619895
90.47373955123092;30.77218051897655;178.8176121421445;0.1081;90.47373955123092;123.3904912034749;178.8176121421445;0.1081;90.47373955123092;123.3904912034749;0.0;915.5048845340816;-0.4737395512309348;-18.39049120347489;89.03450918197632;117.98207235336304;178.96711826324463;-0.9837870299816132;True;True;False;True;1.444323962202988;5.077238794205872;0.21190437832385706;1.0215644386236784
90.31185428192234;31.05924385761849;178.58815386203318;0.0;90.31185428192234;123.47693196716612;178.58815386203318;0.0;90.31185428192234;123.47693196716612;0.0;915.7654897992012;-0.3118542819223364;-18.47693196716611;88.92024612426758;117.84892678260805;178.8367486000061;-0.9651681780815125;True;True;False;True;1.443751544105316;5.087236843575037;0.21201281329182187;1.0223207326449255
90.05452907662288;30.761486527969016;178.26207498571966;0.131;90.05452907662288;123.56616882275384;178.26207498571966;0.131;90.05452907662288;123.56616882275384;0.0;916.2385596388772;-0.0545290766228845;-18.56616882275385;88.74232459068298;117.935298204422;178.68029713630676;-0.9774354100227356;True;True;False;True;1.4441315963625934;5.0995083266624714;0.2151558594521462;1.0240981933798692
90.07665351841908;31.11340287138011;178.2656798121746;0.0;90.07665351841908;123.41897554680727;178.2656798121746;0.0;90.07665351841908;123.41897554680727;0.0;916.1870402117348;-0.0766535184190786;-18.418975546807275;88.52795171737671;117.99448323249815;178.46107363700867;-0.955616980791092;True;True;False;True;1.4485639340994256;5.106721429249788;0.2153763207391553;1.0238284713659391
90.08394306343888;31.096841715008125;178.29817705952536;0.0;90.08394306343888;123.262197068841;178.29817705952536;0.0;90.08394306343888;123.262197068841;0.0;916.1622406525728;-0.0839430634388662;-18.262197068841004;88.5265965461731;117.88451385498048;178.3297860622406;-0.9774337708950044;True;True;False;True;1.4503593337505152;5.114890526256008;0.2153788240106462;1.0232149513735629
90.13949402321464;30.86597031173708;178.3333935109239;0.1513;90.13949402321464;123.23611520255048;178.3333935109239;0.1513;90.13949402321464;123.23611520255048;0.0;916.0399463245628;-0.1394940232146524;-18.236115202550465;88.53266024589539;117.73829364776611;178.2445776462555;-0.9637388586997986;True;True;False;True;1.4536855038888203;5.117810465467476;0.21522269650611758;1.0243615436625237
89.89921768155932;30.90447391328262;178.32688461987306;0.0154285129470749;89.89921768155932;123.38552575321512;178.32688461987306;0.0154285129470749;89.89921768155932;123.38552575321512;0.0;916.501899804778;0.1007823184406788;-18.38552575321512;88.58986783027649;117.7507529258728;178.21414232254028;-0.9885585308074952;True;True;False;True;1.4534456375490594;5.128101466485787;0.21533210683816162;1.0242437057342648
90.01522023483675;30.972601797358728;178.26706204310523;0.0829507983052592;90.01522023483675;123.24456636931662;178.26706204310523;0.0829507983052592;90.01522023483675;123.24456636931662;0.0;916.283332340682;-0.0152202348367467;-18.244566369316612;88.36343669891357;117.84070587158205;178.23874235153198;-0.9665581583976746;True;True;False;True;1.458272640026085;5.133556204232;0.21506076147789124;1.024806991986763
90.20977568565996;31.27880075127032;178.6041867880484;0.0;90.20977568565996;123.50668702887543;178.6041867880484;0.0;90.20977568565996;123.50668702887543;0.0;915.8921920743908;-0.2097756856599488;-18.506687028875437;88.47922086715698;117.7434515953064;178.23036313056946;-0.9454609453678132;True;True;False;True;1.4626023761281977;5.143047336303911;0.21791865126811197;1.0228093177811282
90.2695564587734;31.32986856708521;178.6501644235734;0.0;90.2695564587734;123.24679837831331;178.6501644235734;0.0;90.2695564587734;123.24679837831331;0.0;915.7446604367424;-0.269556458773394;-18.246798378313315;88.69859266281128;117.93593430519104;178.28420519828796;-0.9812267124652864;True;True;False;True;1.4655304495479151;5.150379210573343;0.2206369913115308;1.0228926468096131
90.4757713494623;31.131865504274785;178.7756896223985;0.0234;90.4757713494623;123.55644875133537;178.7756896223985;0.0234;90.4757713494623;123.55644875133537;0.0;915.2962897941948;-0.4757713494623061;-18.556448751335356;88.75243997573853;117.73941373825072;178.3733606338501;-0.978020578622818;True;True;False;True;1.4685440109847578;5.158060840997236;0.22348496570094742;1.0232180185615705
90.28410999821924;30.938424956260764;178.5670181872645;0.0;90.28410999821924;123.4502197830679;178.5670181872645;0.0;90.28410999821924;123.4502197830679;0.0;915.6161763167528;-0.2841099982192503;-18.45021978306789;88.90710926055908;117.98525285720824;178.477281332016;-1.0018698871135712;True;True;False;True;1.468118300300097;5.163593685936421;0.22226735558782548;1.0236718795020876
90.08235540466018;30.57176725175341;178.5922873672108;0.0773;90.08235540466018;123.63965942634609;178.5922873672108;0.0773;90.08235540466018;123.63965942634609;0.0;915.9818041707748;-0.0823554046601771;-18.63965942634607;88.74939775466919;117.88565468788148;178.52986454963684;-1.0023927688598633;True;True;False;True;1.4680006476464982;5.173392066615194;0.22205487457755;1.0241964197194076
90.13092090693743;30.70433059119629;178.55676579758432;0.0;90.13092090693743;123.79578832149392;178.55676579758432;0.0;90.13092090693743;123.79578832149392;0.0;915.873692445599;-0.1309209069374475;-18.79578832149392;88.5390350818634;118.09692311286926;178.52532744407654;-0.9925039112567902;True;True;False;True;1.4667994483770577;5.182896954617875;0.22207167673483014;1.0235519656769831
89.8813029119044;30.870591990948174;178.96517266867787;0.0;89.8813029119044;124.28356636036196;178.96517266867787;0.0;89.8813029119044;124.28356636036196;0.0;916.35547231474;0.118697088095601;-19.28356636036196;88.58457851409912;118.23486018180849;178.49826216697693;-0.9919793903827668;True;True;False;True;1.4672811876466525;5.196189322764936;0.22611365968772978;1.0235736440966972
89.91845975318616;30.837063963629124;178.89844520972608;0.0813;89.91845975318616;124.18633074646746;178.89844520972608;0.0813;89.91845975318616;124.18633074646746;0.0;916.2969849105892;0.0815402468138444;-19.186330746467466;88.37326169013977;118.64880275726318;178.57855319976807;-0.9844394028186798;True;True;False;True;1.4693233165961141;5.201549042056605;0.22739731407688715;1.022532280787123
89.95101473714546;30.83866768479141;178.8138397795769;0.0;89.95101473714546;123.8348101524072;178.8138397795769;0.0;89.95101473714546;123.8348101524072;0.0;916.2427469755792;0.0489852628545435;-18.834810152407183;88.36880207061768;118.5542380809784;178.6656105518341;-0.9921203553676604;True;True;False;True;1.4709942643825926;5.205687628923061;0.22708864223296368;1.0228150299388794
90.04534509464395;30.700991520859866;178.6610566530482;0.0;90.04534509464395;123.91763670928594;178.6610566530482;0.0;90.04534509464395;123.91763670928594;0.0;916.0606176289627;-0.0453450946439488;-18.917636709285944;88.43004751205444;118.2463445663452;178.70914578437805;-0.988202840089798;True;True;False;True;1.4748386663575777;5.213091363398851;0.22655470842732706;1.0230643790171619
90.31525699462344;30.67473496743104;178.952662582917;0.0;90.31525699462344;123.91314254663811;178.952662582917;0.0;90.31525699462344;123.91314254663811;0.0;915.5147478163846;-0.3152569946234393;-18.913142546638127;88.52643060684204;118.34153842926024;178.70424151420593;-0.9806448221206664;True;True;False;True;1.478504333777304;5.220102293690578;0.22746891951387263;1.022335788263195
90.1438870742638;30.91468107990823;179.07814786544353;0.0;90.1438870742638;123.68710615633;179.07814786544353;0.0;90.1438870742638;123.68710615633;0.0;915.815453391154;-0.1438870742637874;-18.687106156330003;88.7375054359436;118.342755317688;178.71283054351807;-1.0031041502952576;True;True;False;True;1.4781572269714718;5.226817141923544;0.2285482496967088;1.02249716932874
90.3734500254525;30.696431637797343;178.96793101256586;0.0896;90.3734500254525;123.59549959844958;178.96793101256586;0.0896;90.3734500254525;123.59549959844958;0.0;915.3371425455416;-0.3734500254524988;-18.595499598449575;88.60958003997803;118.14897274971008;178.77810716629028;-1.0027140378952026;True;True;False;True;1.4815684644738076;5.231472933282697;0.22918282292904574;1.021494759471714
90.101510178089;30.717514667703675;179.0770497037378;0.0839959601034396;90.101510178089;123.51489712645932;179.0770497037378;0.0839959601034396;90.101510178089;123.51489712645932;0.0;915.8312289035416;-0.1015101780890148;-18.51489712645932;88.80029964447021;118.04745936393738;178.82482886314392;-0.99090576171875;True;True;False;True;1.4796722079052833;5.235610527923782;0.23036938798550072;1.0226943588181785
90.05390354727238;30.631977449090947;179.04281868576095;0.0;90.05390354727238;123.64629951084854;179.04281868576095;0.0;90.05390354727238;123.64629951084854;0.0;915.9129074747628;-0.0539035472723838;-18.646299510848536;88.59675431251526;118.00732278823853;178.9114272594452;-0.977284610271454;True;True;False;True;1.4807025761733599;5.243157867238135;0.2297204048602043;1.022468734722119
89.97564707653538;30.73838241956281;179.0872797770088;0.0;89.97564707653538;123.80910894327111;179.0872797770088;0.0;89.97564707653538;123.80910894327111;0.0;916.0622332766004;0.0243529234646189;-18.809108943271116;88.54092264175415;118.10004830360413;178.93988251686096;-0.9601262211799622;True;True;False;True;1.4812710026935685;5.25153075394201;0.23014080152189365;1.0227230582395808
90.24051594559094;30.788376508214235;179.01919722515325;0.0814;90.24051594559094;123.63209837760824;179.01919722515325;0.0814;90.24051594559094;123.63209837760824;0.0;915.5357425949512;-0.2405159455909427;-18.63209837760823;88.42954969406128;118.25433731079102;178.95016312599182;-0.9749750792980194;True;True;False;True;1.4845720738557495;5.25666837335257;0.23004625667507164;1.021444863177681
90.1936514542232;31.13540816989171;178.73109074225127;0.0513285209942064;90.1936514542232;123.79663172529632;178.73109074225127;0.0513285209942064;90.1936514542232;123.79663172529632;0.0;915.5974027849412;-0.1936514542232146;-18.79663172529632;88.72091150283813;118.1025857925415;178.93943667411804;-0.992792397737503;True;True;False;True;1.4871433589097556;5.264938382003479;0.22991548602625173;1.0221660573030262
90.22720179652684;31.13783602643756;178.62397185524492;0.0;90.22720179652684;123.84415082790868;178.62397185524492;0.0;90.22720179652684;123.84415082790868;0.0;915.5044819064376;-0.2272017965268418;-18.84415082790869;88.64258122444153;118.24313640594482;178.85386109352112;-0.9790581464767456;True;True;False;True;1.4900476943715522;5.272550930386022;0.23084067779034043;1.0207803369901067
90.1403019857046;30.761283492710675;178.6779658328444;0.0;90.1403019857046;123.82384804602844;178.6779658328444;0.0;90.1403019857046;123.82384804602844;0.0;915.647987955212;-0.1403019857046104;-18.823848046028445;88.69530153274536;118.23622918128969;178.73934507369995;-0.967031866312027;True;True;False;True;1.4906464297248663;5.279701382651308;0.23081526544564498;1.0211305648332176
89.90560924380728;30.78051408187051;178.52411260811658;0.0424;89.90560924380728;123.6776200939613;178.52411260811658;0.0424;89.90560924380728;123.6776200939613;0.0;916.0986665075792;0.0943907561927233;-18.67762009396129;88.57765054702759;118.23752212524414;178.63996148109436;-0.9912434220314026;True;True;False;True;1.4909483968741668;5.284529226633154;0.23034726624914897;1.0217347556747074
89.78503812755683;30.9051925299374;178.41200541046427;0.091424395239104;89.78503812755683;123.70216560453144;178.41200541046427;0.091424395239104;89.78503812755683;123.70216560453144;0.0;916.3523941742392;0.214961872443169;-18.70216560453143;88.36799311637878;118.09648752212524;178.54853749275208;-0.9984211623668672;True;True;False;True;1.4890716630063896;5.289691759813145;0.2305896518342527;1.0229680365519551
89.9380464111681;31.16635226122732;178.58470693936638;0.0;89.9380464111681;123.55180504397408;178.58470693936638;0.0;89.9380464111681;123.55180504397408;0.0;916.0750391900092;0.0619535888318978;-18.55180504397407;88.27006816864014;118.14830899238586;178.47604870796204;-0.9862424433231354;True;True;False;True;1.4909965579976767;5.295210773941507;0.23081310590744183;1.0228706323842134
89.98507289338076;30.89195574575746;178.73271181520877;0.1804;89.98507289338076;123.3173182960721;178.73271181520877;0.1804;89.98507289338076;123.3173182960721;0.0;915.9892467040949;0.0149271066192397;-18.317318296072106;88.42204785346985;117.99305200576782;178.45897555351257;-0.9719017148017884;True;True;False;True;1.4917371886114366;5.297028883829871;0.23214779701832253;1.0232255442448939
90.24689079288474;30.78350073107761;178.68636987681327;0.0;90.24689079288474;123.44286772025517;178.68636987681327;0.0;90.24689079288474;123.44286772025517;0.0;915.4676011859692;-0.2468907928847414;-18.44286772025515;88.48489737510681;117.8146948814392;178.49823594093323;-0.9592099487781524;True;True;False;True;1.4956046511768688;5.301247532845842;0.23249505665612036;1.0229616026593609
90.28678613465593;30.39369643100077;179.01859765700755;0.0;90.28678613465593;123.6249364459628;179.01859765700755;0.0;90.28678613465593;123.6249364459628;0.0;915.3548917300424;-0.2867861346559266;-18.62493644596279;88.68255877494812;117.88898730278017;178.52278351783752;-0.9625980257987976;True;True;False;True;1.4972040171120473;5.309952079552677;0.23564766299854656;1.0224793346957222
90.05655134534973;30.42812460248593;178.87909799880833;0.0;90.05655134534973;123.5377849249974;178.87909799880833;0.0;90.05655134534973;123.5377849249974;0.0;915.7771231573672;-0.0565513453497317;-18.5377849249974;88.74384570121765;118.09057593345642;178.64567875862122;-0.9486342966556548;True;True;False;True;1.4958069607414046;5.311345695111654;0.2359596160057895;1.0223363075432448
89.74727228698052;30.504987928817624;178.95798891649727;0.0;89.74727228698052;123.75135031644336;178.95798891649727;0.0;89.74727228698052;123.75135031644336;0.0;916.3881410947258;0.2527277130194818;-18.751350316443364;88.54300379753113;117.99549961090088;178.71184706687927;-1.0023927688598633;True;True;False;True;1.4923832449745018;5.320000842117733;0.23711944506771176;1.022416025570421
89.92498403998866;30.452163080841636;178.9318718919945;0.0;89.92498403998866;123.71499982331642;178.9318718919945;0.0;89.92498403998866;123.71499982331642;0.0;916.0664146171122;0.075015960011342;-18.71499982331642;88.21044063568115;118.20466613769533;178.77777934074402;-1.0002946853637695;True;True;False;True;1.4952772702363808;5.324503235002479;0.2375622715180255;1.0210393791283943
89.95466143508534;30.4520265687604;178.8030056573588;0.0;89.95466143508534;123.50535464599758;178.8030056573588;0.0;89.95466143508534;123.50535464599758;0.0;916.0170619549205;0.0453385649146582;-18.505354645997585;88.44338488578796;118.1524851322174;178.84355425834656;-1.0026419162750244;True;True;False;True;1.497784200627457;5.329041576015624;0.2368434130445882;1.0211943806039578
89.77342863530872;30.487674827135333;178.78174291541694;0.0;89.77342863530872;123.4685107652595;178.78174291541694;0.0;89.77342863530872;123.4685107652595;0.0;916.3855726964622;0.2265713646912814;-18.46851076525949;88.40559911727905;117.94874620437622;178.7909972667694;-1.002432107925415;True;True;False;True;1.4957254891825547;5.33511475062212;0.23681861702809734;1.0215260912094355
89.86419621789295;30.69678027242315;178.8147093984761;0.0197;89.86419621789295;123.6218441491323;178.8147093984761;0.0197;89.86419621789295;123.6218441491323;0.0;916.234247046586;0.1358037821070468;-18.6218441491323;88.28924107551575;117.95069599151611;178.76100778579712;-1.002432107925415;True;True;False;True;1.4961270023984852;5.342081076242727;0.2339284429768325;1.0221222773557728
89.65077627832432;30.84079515397485;179.0009190203083;0.0;89.65077627832432;123.85706026508252;179.0009190203083;0.0;89.65077627832432;123.85706026508252;0.0;916.6791940966708;0.3492237216756848;-18.85706026508251;88.32181358337402;118.05047392845154;178.70502829551697;-1.0007897019386292;True;True;False;True;1.4965835971320713;5.353104451014422;0.2309851170197623;1.0220935611514337
89.60141273447294;30.746615110326044;179.02521451065655;0.0;89.60141273447294;123.93659937362958;179.02521451065655;0.0;89.60141273447294;123.93659937362958;0.0;916.8244843472636;0.3985872655270555;-18.936599373629576;88.16869306564331;118.30867552757265;178.73091340065002;-0.9986473619937896;True;True;False;True;1.4959934534464652;5.36089148481782;0.22652574864987252;1.0220704397251896
89.63709185740564;30.5452632786086;179.21344156067923;0.1891;89.63709185740564;123.85598273724386;179.21344156067923;0.1891;89.63709185740564;123.85598273724386;0.0;916.8062710701352;0.3629081425943639;-18.855982737243863;88.10616850852966;118.35890674591064;178.79348874092102;-1.0025615990161896;True;True;False;True;1.4957518376740218;5.363806207302479;0.22657667751163;1.0191540777190722
89.80926090889616;30.885610294394585;179.16467411010234;0.0144525852528404;89.80926090889616;124.25464448092276;179.16467411010234;0.0144525852528404;89.80926090889616;124.25464448092276;0.0;916.5103207195;0.1907390911038362;-19.254644480922764;88.12581849098206;118.33134698867798;178.9028251171112;-0.9799104928970336;True;True;False;True;1.4993464032357482;5.374505667847921;0.22762560788304798;1.0195508881398132
89.69989431547027;31.02928616742801;179.1063937421769;0.0;89.69989431547027;124.3606671456485;179.1063937421769;0.0;89.69989431547027;124.3606671456485;0.0;916.7544857851656;0.3001056845297256;-19.360667145648502;88.27304124832153;118.65661573410034;178.99325251579285;-0.9586362540721892;True;True;False;True;1.4996066937145252;5.381279900757712;0.22778191059519495;1.019995344726406
89.68911982425688;31.262618979471085;179.14994500135964;0.0;89.68911982425688;124.45773336724989;179.14994500135964;0.0;89.68911982425688;124.45773336724989;0.0;916.816048858863;0.3108801757431223;-19.457733367249887;88.2094795703888;118.75666332244872;179.01559710502625;-0.944247990846634;True;True;False;True;1.4995746109235089;5.38824810894074;0.22435616834976627;1.0201474832437276
89.83850888778728;30.970858721823188;179.07539845142392;0.3635;89.83850888778728;124.52604626218644;179.07539845142392;0.3635;89.83850888778728;124.52604626218644;0.0;916.5587214219012;0.1614911122127154;-19.52604626218644;88.15135931968689;118.80948042869568;179.05574917793274;-1.0025615990161896;True;True;False;True;1.5018854493503337;5.39632151530822;0.22125239860477752;1.0240471648242948
89.78936756108386;31.2881071769136;179.05298458098682;0.0;89.78936756108386;124.43558322494448;179.05298458098682;0.0;89.78936756108386;124.43558322494448;0.0;916.6785362236031;0.2106324389161358;-19.43558322494448;88.33456325531006;118.88678741455078;179.0347945690155;-0.957711786031723;True;True;False;True;1.5040262940503262;5.40301237154685;0.21766223289690692;1.0220364838721203
89.81306044240216;31.29468987920735;178.96654199824283;0.1125;89.81306044240216;124.37121822837506;178.96654199824283;0.1125;89.81306044240216;124.37121822837506;0.0;916.6592347861554;0.1869395575978387;-19.371218228375056;88.27812314033508;118.80554628372192;179.00736212730408;-0.9223000705242156;True;True;False;True;1.506176348649858;5.409425726859784;0.21740725894099583;1.022671376977949
89.55323361301876;31.32228321058306;179.10781713959085;0.3323047957257302;89.55323361301876;124.52549151257205;179.10781713959085;0.3323047957257302;89.55323361301876;124.52549151257205;0.0;917.2038137192684;0.4467663869812384;-19.52549151257203;88.31653809547424;118.7622983455658;178.97818565368652;-0.8775404095649719;True;True;False;True;1.5058968338020666;5.415160280465855;0.21614692086486428;1.025055651980097
89.5903864316178;31.74501211524678;178.96272528512327;0.0;89.5903864316178;124.62218051897337;178.96272528512327;0.0;89.5903864316178;124.62218051897337;0.0;917.189076933668;0.4096135683821984;-19.62218051897337;88.07291841506958;118.89056944847108;178.9629876613617;-0.9374570846557616;True;True;False;True;1.5057924991141216;5.4211976969976625;0.21534652158481965;1.024952879016884
89.5367306256082;31.5507351363602;178.81509647133976;0.0;89.5367306256082;124.95924385761528;178.81509647133976;0.0;89.5367306256082;124.95924385761528;0.0;917.351003688138;0.4632693743917997;-19.95924385761529;88.10569834709167;118.95751905441284;178.93904328346252;-0.897231251001358;True;True;False;True;1.506961093006561;5.428888902622612;0.21552853209309963;1.0236174318832534
89.65463950464496;31.383986075930604;179.0574637549437;0.0;89.65463950464496;124.71148652796582;179.0574637549437;0.0;89.65463950464496;124.71148652796582;0.0;917.1769551799836;0.3453604953550382;-19.711486527965818;88.03428220748901;119.24964141845705;178.8623583316803;-0.9018830955028534;True;True;False;True;1.5064791149208054;5.432890105892837;0.21618840156455335;1.0219388228267106
89.88062470257206;31.250645025348987;179.13799082301838;0.0;89.88062470257206;125.1134028713769;179.13799082301838;0.0;89.88062470257206;125.1134028713769;0.0;916.7710328501764;0.1193752974279362;-20.113402871376906;88.17627787590027;119.05854153633118;178.88885974884033;-1.0006602108478546;True;True;False;True;1.5115218694392742;5.443409820849433;0.21692304563293008;1.020648327416613
89.9191353824416;30.90097840635915;179.14809972233775;0.0;89.9191353824416;125.14684171500492;179.14809972233775;0.0;89.9191353824416;125.14684171500492;0.0;916.7099281967612;0.0808646175584044;-20.146841715004925;88.365234375;119.39804649353027;178.90201210975647;-1.0013306140899658;True;True;False;True;1.5086805237886762;5.451451729597108;0.2181649873336297;1.0207665361445961
89.92184049899868;30.69816590668226;179.099539139793;0.0;89.92184049899868;124.96597031173388;179.099539139793;0.0;89.92184049899868;124.96597031173388;0.0;916.7152999126548;0.0781595010013234;-19.96597031173387;88.35063171386719;119.40073609352112;178.96175503730774;-1.0026566684246063;True;True;False;True;1.5101651568303347;5.45430122106219;0.21816151808403908;1.0212926007570375
89.65076614940126;30.69735814617129;179.10707379866082;0.1003;89.65076614940126;125.0544739132794;179.10707379866082;0.1003;89.65076614940126;125.0544739132794;0.0;917.2678698786498;0.3492338505987362;-20.05447391327941;88.36506843566895;119.2496829032898;179.0199899673462;-1.002010852098465;True;True;False;True;1.5083135859466723;5.462070294320487;0.21806657485831335;1.0226872254861987
89.57181765837551;31.36512904438452;179.2053415112834;0.0;89.57181765837551;125.17260179735553;179.2053415112834;0.0;89.57181765837551;125.17260179735553;0.0;917.4723313741144;0.4281823416244918;-20.17260179735553;88.16381168365479;119.36376619338988;179.0122926235199;-0.9871488809585572;True;True;False;True;1.5077782134187536;5.467834440301501;0.2188307766752519;1.0221808882842593
89.55991405872274;31.329033587034548;179.25734170423033;0.0;89.55991405872274;125.52880075126711;179.25734170423033;0.0;89.55991405872274;125.52880075126711;0.0;917.5532295523032;0.4400859412772604;-20.528800751267116;88.02300524711609;119.45815801620483;179.04548168182373;-0.9756667912006378;True;True;False;True;1.5075304542600134;5.4757420127074905;0.21663805760686577;1.0219890227178738
89.43304772355151;31.210070798340546;179.50192181473426;0.2129;89.43304772355151;125.629868567082;179.50192181473426;0.2129;89.43304772355151;125.629868567082;0.0;917.8656403481492;0.5669522764484896;-20.629868567082;88.07249665260315;119.75735354423524;179.0861189365387;-0.975470095872879;True;True;False;True;1.5070459425533262;5.4808433499193026;0.21565608839892042;1.023867523749891
89.41001458344853;31.384286183414662;179.46507743516523;0.0148621350728241;89.41001458344853;125.48186550427155;179.46507743516523;0.0148621350728241;89.41001458344853;125.48186550427155;0.0;917.9873002652153;0.5899854165514711;-20.481865504271568;87.95332455635071;119.8850646018982;179.20342803001404;-0.9779353439807892;True;True;False;True;1.507088298054056;5.485830449127665;0.21365068820550145;1.0206608727690805
89.42061820602406;31.298596906682405;179.56179069236046;0.1573828033636604;89.42061820602406;125.33842495625754;179.56179069236046;0.1573828033636604;89.42061820602406;125.33842495625754;0.0;918.0447577422708;0.5793817939759407;-20.33842495625754;87.89158129692078;119.71794295310974;179.27759528160095;-0.9545466303825378;True;True;False;True;1.508414866553224;5.490229022293955;0.21176965754316784;1.021263215030764
89.79934952822711;31.488255121768663;179.31390858931573;0.0;89.79934952822711;125.0217672517502;179.31390858931573;0.0;89.79934952822711;125.0217672517502;0.0;917.3645460037284;0.2006504717728887;-20.02176725175019;87.96050143241882;119.63321018218994;179.3505036830902;-0.9192201495170592;True;True;False;True;1.511654615867163;5.494865317239884;0.20944962221399924;1.0212654143173847
89.8628028468209;31.66569927161447;179.23565629968007;0.3645;89.8628028468209;125.20433059119308;179.23565629968007;0.3645;89.8628028468209;125.20433059119308;0.0;917.2643927627772;0.1371971531791018;-20.20433059119307;88.25467729568481;119.31001567840576;179.3281066417694;-0.966413915157318;True;True;False;True;1.513650383045162;5.50341758012026;0.2085496606581381;1.025613921958053
90.02261908809112;31.95158672105382;179.26700227247673;0.0;90.02261908809112;125.42059199094496;179.26700227247673;0.0;90.02261908809112;125.42059199094496;0.0;916.9630532339938;-0.022619088091119;-20.42059199094496;88.33362984657288;119.48751544952393;179.24477338790894;-0.911835879087448;True;True;False;True;1.5164999013081402;5.512485438690629;0.20843499943086147;1.0250845970757274
89.77758795398364;31.924600596202247;179.22533372818546;0.0;89.77758795398364;125.43706396362587;179.22533372818546;0.0;89.77758795398364;125.43706396362587;0.0;917.4500996237966;0.222412046016359;-20.43706396362589;88.45744132995605;119.64932703971864;179.212384223938;-0.9196823835372924;True;True;False;True;1.5155400205979432;5.519407051693894;0.2083745406957265;1.0243963776114597
89.87668814683391;31.917322976528357;179.1932006030912;0.0;89.87668814683391;125.48866768478818;179.1932006030912;0.0;89.87668814683391;125.48866768478818;0.0;917.2815541775648;0.1233118531660864;-20.488667684788183;88.24918055534363;119.70276641845705;179.14178371429443;-0.8881422877311707;True;True;False;True;1.5190989734473535;5.523724467753045;0.208193720764765;1.0234544892436308
89.91461096644854;31.96953967447288;179.13140335927753;0.1597;89.91461096644854;125.40099152085662;179.13140335927753;0.1597;89.91461096644854;125.40099152085662;0.0;917.2221501187578;0.0853890335514648;-20.40099152085662;88.36758518218994;119.70152878761292;179.12467122077942;-1.0002537071704865;True;True;False;True;1.5184146191663483;5.529953416499757;0.20802262274580155;1.0245313984658495
90.02241995238352;31.887218050564467;178.99879184457677;0.0;90.02241995238352;125.4247349674278;178.99879184457677;0.0;90.02241995238352;125.4247349674278;0.0;917.0179173513612;-0.0224199523835153;-20.4247349674278;88.35398507118225;119.66268515586852;179.08950209617615;-0.9834592044353484;True;True;False;True;1.519133049270137;5.53476630713248;0.20817525423106287;1.024442440755306
89.95824193775444;31.709047959861508;178.9616289707438;0.0;89.95824193775444;125.714681079905;178.9616289707438;0.0;89.95824193775444;125.714681079905;0.0;917.143284053635;0.0417580622455631;-20.71468107990499;88.4784049987793;119.64123058319092;179.0092372894287;-0.969441384077072;True;True;False;True;1.5192639394584413;5.541313322671851;0.20822368759018817;1.0220713182005614
89.92378477409804;31.7376244688353;178.67677026973948;0.0043;89.92378477409804;125.5464316377941;178.67677026973948;0.0043;89.92378477409804;125.5464316377941;0.0;917.2177661225804;0.0762152259019615;-20.5464316377941;88.39859509468079;119.89307808876038;178.95997166633606;-0.957031548023224;True;True;False;True;1.5200842802469292;5.546403495432359;0.20990863194863313;1.0220397551066105
90.11929544093026;31.61166698301836;178.57664543121578;0.0;90.11929544093026;125.61751466770042;178.57664543121578;0.0;90.11929544093026;125.61751466770042;0.0;916.8369068190364;-0.1192954409302586;-20.61751466770042;88.4013123512268;119.73679089546204;178.8287365436554;-1.0002537071704865;True;True;False;True;1.5226850246913721;5.550255471388768;0.21117626271747547;1.0222543341377333
89.89547863441155;31.7339472945633;178.4294754011059;0.0;89.89547863441155;125.5819774490877;178.4294754011059;0.0;89.89547863441155;125.5819774490877;0.0;917.2686343732832;0.1045213655884538;-20.581977449087702;88.55073380470276;119.82672309875488;178.6889386177063;-1.0013306140899658;True;True;False;True;1.5234593781372785;5.555656616696553;0.21120441641045432;1.0215660941052398
89.69390024104646;31.628795384907548;178.5602918062851;0.0;89.69390024104646;125.73838241955956;178.5602918062851;0.0;89.69390024104646;125.73838241955956;0.0;917.6857273420918;0.3060997589535361;-20.73838241955956;88.34471321105957;119.7813801765442;178.5602080821991;-1.001366674900055;True;True;False;True;1.5232301655216494;5.562241105871925;0.20849652626837964;1.0215478193732725
89.6380585311417;31.369836727298846;178.35192873604905;0.0;89.6380585311417;125.83837650821098;178.35192873604905;0.0;89.6380585311417;125.83837650821098;0.0;917.8382240630953;0.3619414688583049;-20.838376508210985;88.12857723236084;119.93897414207458;178.47937941551208;-0.9995833039283752;True;True;False;True;1.522683838901437;5.570160197462717;0.20405957245889667;1.0213436435099057
89.53103132193304;31.20681205133138;178.5914277048171;0.1018;89.53103132193304;126.23540816988844;178.5914277048171;0.1018;89.53103132193304;126.23540816988844;0.0;918.1005373440267;0.4689686780669575;-21.235408169888444;88.0660388469696;120.03288888931274;178.40640544891355;-0.9987522661685944;True;True;False;True;1.522436270355994;5.576646617582103;0.19899611414982582;1.0227201511438204
89.38790629890397;31.400130536574466;178.77561547819266;0.0331501469459003;89.38790629890397;126.28783602643428;178.77561547819266;0.0331501469459003;89.38790629890397;126.28783602643428;0.0;918.4493165471606;0.612093701096029;-21.28783602643429;88.02075815200806;120.39274215698242;178.42052817344666;-0.99177286028862;True;True;False;True;1.5214356130427635;5.584665524142943;0.2003864939866759;1.02303994617384
89.34451326210392;31.35121803155864;178.8443762080413;0.1072979612745905;89.34451326210392;125.9612834927074;178.8443762080413;0.1072979612745905;89.34451326210392;125.9612834927074;0.0;918.6177151142402;0.6554867378960836;-20.96128349270741;87.87004375457764;120.44752287864684;178.51153254508972;-0.9769092500209808;True;True;False;True;1.5221765009602357;5.587826298545562;0.20264427723779735;1.0239257054158544
89.6529993295494;31.30282918832544;178.6286614101842;0.0;89.6529993295494;126.03051408186724;178.6286614101842;0.0;89.6529993295494;126.03051408186724;0.0;918.0881412110688;0.3470006704505977;-21.03051408186724;87.805673122406;120.16214871406557;178.61258149147034;-0.9544777870178224;True;True;False;True;1.527298400575116;5.593805761178843;0.20147257214733058;1.0235218510664563
89.80169670925942;31.44164245474347;179.05367191846435;0.0;89.80169670925942;126.20519252993412;179.05367191846435;0.0;89.80169670925942;126.20519252993412;0.0;917.8370132077088;0.1983032907405828;-21.205192529934124;88.13691568374634;120.18845009803772;178.6662399768829;-0.9690676629543304;True;True;False;True;1.5270375147817892;5.602641586167263;0.20172034261747518;1.0232371316707256
89.79097802980519;31.23036803527596;179.15069652928736;0.0;89.79097802980519;126.51635226122404;179.15069652928736;0.0;89.79097802980519;126.51635226122404;0.0;917.8848910053828;0.2090219701948115;-21.516352261224043;88.23452949523926;120.3460578918457;178.7885582447052;-0.9698544442653656;True;True;False;True;1.5266338114186284;5.613132189806978;0.20461074691060047;1.0220265402221669
90.02288703504797;31.13244917695321;178.94441918829747;0.0337;90.02288703504797;126.29195574575418;178.94441918829747;0.0337;90.02288703504797;126.29195574575418;0.0;917.4489425909233;-0.0228870350479724;-21.29195574575418;88.22173833847046;120.64461731910706;178.8991403579712;-0.9990178048610688;True;True;False;True;1.5279470763220178;5.6176249371427;0.2046379055619772;1.022409277912808
89.83969450634163;31.097729143674048;178.9713572765288;0.0679686604023865;89.83969450634163;126.23350073107432;178.9713572765288;0.0679686604023865;89.83969450634163;126.23350073107432;0.0;917.8122760436628;0.1603054936583703;-21.23350073107433;88.45757961273193;120.43769097328186;178.91989827156067;-0.9996914863586426;True;True;False;True;1.5257524473020585;5.620739305887337;0.2046922168822904;1.0231941816388963
89.56913197899586;31.134623736860757;178.9827396673733;0.0;89.56913197899586;125.89369643099748;178.9827396673733;0.0;89.56913197899586;125.89369643099748;0.0;918.3747751641756;0.4308680210041444;-20.89369643099748;88.28754019737244;120.39810061454772;178.97513031959534;-0.990358293056488;True;True;False;True;1.5243810773476838;5.624653898201681;0.20371482451971198;1.0233143714848805
89.55067397342165;31.09282735986724;179.12665592220313;0.0;89.55067397342165;125.97812460248264;179.12665592220313;0.0;89.55067397342165;125.97812460248264;0.0;918.4691402447912;0.4493260265783476;-20.97812460248264;88.03609371185303;120.10336470603944;178.9516842365265;-0.9789007902145386;True;True;False;True;1.525631375770784;5.627197438683333;0.20396966974364727;1.0218903224384543
89.41303923454939;30.88733653889563;179.19473568235892;0.0;89.41303923454939;126.10498792881434;179.19473568235892;0.0;89.41303923454939;126.10498792881434;0.0;918.8043198594128;0.5869607654506126;-21.10498792881434;88.0239109992981;120.15541434288023;178.9438557624817;-0.98038911819458;True;True;False;True;1.5247100754096854;5.634912119333971;0.2051521792113976;1.0216524013475516
89.4611804619105;30.706354633784752;179.20312685643856;0.0;89.4611804619105;126.10216308083834;179.20312685643856;0.0;89.4611804619105;126.10216308083834;0.0;918.786298840084;0.5388195380894985;-21.102163080838334;87.88971447944641;120.26288771629332;179.01039123535156;-1.0015961527824402;True;True;False;True;1.5240462127531853;5.640018212209115;0.2058791186933321;1.021151033381856
89.29697468864163;30.5828298188281;179.40552333231835;0.0001;89.29697468864163;126.15202656875712;179.40552333231835;0.0001;89.29697468864163;126.15202656875712;0.0;919.1865529917004;0.703025311358374;-21.15202656875711;87.9295883178711;120.26227927207948;179.06700015068054;-1.0035565495491028;True;True;False;True;1.522503726479699;5.646184573011825;0.20828765576937097;1.0215737066539865
89.29613954193344;30.54172185453493;179.83355038479505;0.240888713030437;89.29613954193344;126.23767482713204;179.83355038479505;0.240888713030437;89.29613954193344;126.23767482713204;0.0;919.2819599932976;0.7038604580665577;-21.23767482713204;87.78549766540527;120.31883692741394;179.17118310928345;-1.0016994178295135;True;True;False;True;1.5233245394288675;5.651014083936374;0.21711662810029883;1.0237110421500744
89.18427517596164;30.883559875431853;180.12630346167523;0.0;89.18427517596164;126.49678027241984;180.12630346167523;0.0;89.18427517596164;126.49678027241984;0.0;919.5995367863168;0.8157248240383552;-21.49678027241985;87.8001971244812;120.4530611038208;179.372638463974;-0.9729638695716858;True;True;False;True;1.5219782242035587;5.657799349938807;0.22674600729828076;1.0237005269647934
89.27350365668889;30.879458187339143;180.28866545594812;0.0;89.27350365668889;126.69079515397156;180.28866545594812;0.0;89.27350365668889;126.69079515397156;0.0;919.5298431347342;0.726496343311112;-21.69079515397155;87.69600105285645;120.63903069496156;179.63057160377502;-0.94793438911438;True;True;False;True;1.524007248202738;5.664534653119993;0.234893343233478;1.0233267148300504
89.11400304234418;30.719203269494137;180.25459198506024;0.0;89.11400304234418;126.64661511032274;180.25459198506024;0.0;89.11400304234418;126.64661511032274;0.0;919.9457105425316;0.88599695765582;-21.64661511032274;87.77845215797424;120.8376808166504;179.88024353981018;-0.9300744533538818;True;True;False;True;1.5214801612070616;5.668714266847745;0.2363278558615233;1.0228326401571086
89.36840054311264;30.72971562742239;180.52844554997785;0.1274;89.36840054311264;126.4952632786053;180.52844554997785;0.1274;89.36840054311264;126.4952632786053;0.0;919.5550484686822;0.6315994568873577;-21.495263278605293;87.63207292556763;120.79443287849426;180.07014632225037;-1.0008913278579712;True;True;False;True;1.5232143598928964;5.6724267366366385;0.24024628371532847;1.0240291934341654
89.43755311413646;30.834174758027828;180.640415660603;0.0711917447851733;89.43755311413646;126.88561029439128;180.640415660603;0.0711917447851733;89.43755311413646;126.88561029439128;0.0;919.5009565875528;0.5624468858635367;-21.88561029439127;87.91768908500671;120.65561771392822;180.211478471756;-0.988396257162094;True;True;False;True;1.5235479568074803;5.677772050348185;0.24370077967650203;1.02456224057566
89.27752028309258;31.21700369045316;180.6268937688294;0.0;89.27752028309258;127.0792861674247;180.6268937688294;0.0;89.27752028309258;127.0792861674247;0.0;919.8960151677558;0.7224797169074151;-22.079286167424694;87.93302464485168;120.9978883266449;180.3139173984528;-0.9637667238712312;True;True;False;True;1.5238506325601222;5.684485327119308;0.24442672975825833;1.0210083345395167
89.54832940631694;30.8261253899114;180.52556672249827;0.2672;89.54832940631694;127.36261897946775;180.52556672249827;0.2672;89.54832940631694;127.36261897946775;0.0;919.450727550228;0.4516705936830618;-22.36261897946777;87.80518221855164;121.19484448432922;180.39815545082087;-0.94717875123024;True;True;False;True;1.5249771676386714;5.691614496105601;0.24450294277017207;1.0234073102217218
89.5738098880754;30.83697222912354;180.4452669388883;0.0;89.5738098880754;127.12085872181989;180.4452669388883;0.0;89.5738098880754;127.12085872181989;0.0;919.4599893325357;0.4261901119245976;-22.12085872181987;88.04151439666748;121.45418000221252;180.42874813079837;-0.9509553015232086;True;True;False;True;1.5249696378579034;5.690748414053609;0.24416801371655383;1.0235463113938608
89.35964321406539;30.822714520239376;180.43880499911924;0.0;89.35964321406539;127.48810717691028;180.43880499911924;0.0;89.35964321406539;127.48810717691028;0.0;919.9451480288122;0.640356785934614;-22.48810717691028;88.05994057655334;121.18496417999268;180.420355796814;-0.944836437702179;True;True;False;True;1.5236506147159963;5.699320270276666;0.24388118219351373;1.0238339510837076
89.56336058983169;30.832622432197624;180.4231592509388;0.0;89.56336058983169;127.54468987920404;180.4231592509388;0.0;89.56336058983169;127.54468987920404;0.0;919.6230941820708;0.4366394101683113;-22.54468987920403;87.88790988922119;121.53549718856812;180.4011189937592;-0.9225688874721528;True;True;False;True;1.523837959015518;5.703642498783311;0.24335265387891733;1.0231541651944633
89.43936464208245;30.955888698934263;180.51299151975653;0.0;89.43936464208245;127.62228321057972;180.51299151975653;0.0;89.43936464208245;127.62228321057972;0.0;919.9293046655918;0.5606353579175476;-22.622283210579724;88.03619050979614;121.57595872879028;180.35155177116397;-1.001302748918533;True;True;False;True;1.5228011288944479;5.708764174189065;0.24313364584582028;1.0231367652482684
89.36399452984855;30.53913544892858;180.7397977661872;0.0;89.36399452984855;128.09501211524343;180.7397977661872;0.0;89.36399452984855;128.09501211524343;0.0;920.1547962711152;0.6360054701514457;-23.095012115243435;87.93679976463318;121.63328385353088;180.35189270973208;-1.003345102071762;True;True;False;True;1.5220737361007537;5.719205128112218;0.2458230163388956;1.0229551347683328
89.4664533721934;30.48697657017677;180.9634844548685;0.1914;89.4664533721934;127.95073513635688;180.9634844548685;0.1914;89.4664533721934;127.95073513635688;0.0;920.034679315779;0.5335466278066008;-22.95073513635687;87.89422249794006;122.03256154060364;180.4188871383667;-1.0037335753440857;True;True;False;True;1.5223732661762706;5.7243681450889765;0.25124300305188757;1.0248455688260807
89.49596429615352;30.619844032554223;181.19907847158905;0.024635846038853;89.49596429615352;127.83398607592729;181.19907847158905;0.024635846038853;89.49596429615352;127.83398607592729;0.0;920.0467970182332;0.5040357038464833;-22.83398607592727;87.9577910900116;121.9562087059021;180.53673386573792;-0.9790532290935516;True;True;False;True;1.5249129675154707;5.726311566359662;0.2590540380962003;1.0212281170703952
89.59715735275479;30.3532302270644;181.290802994054;0.0538359210770843;89.59715735275479;127.75064502534563;181.290802994054;0.0538359210770843;89.59715735275479;127.75064502534563;0.0;919.9116156655434;0.4028426472452082;-22.750645025345648;88.0164852142334;121.84961342811584;180.7510006427765;-0.9594886004924774;True;True;False;True;1.5240009973691442;5.726824167856582;0.26398372520785496;1.0217220636581479
89.64251082564225;30.786907661076505;181.3351443904171;0.0383573355262409;89.64251082564225;127.4509784063558;181.3351443904171;0.0383573355262409;89.64251082564225;127.4509784063558;0.0;919.8746210727344;0.3574891743577524;-22.4509784063558;88.11237740516663;121.75376272201538;180.92392206192017;-0.934501737356186;True;True;False;True;1.5265494144564822;5.72831198905407;0.2668090231823266;1.0221216197670209
89.55227450444461;30.851964991539862;181.34088905103005;0.0052335923422992;89.55227450444461;127.29816590667892;181.34088905103005;0.0052335923422992;89.55227450444461;127.29816590667892;0.0;920.1027589383776;0.4477254955553889;-22.29816590667892;88.1844573020935;121.50746035575868;181.06884717941284;-0.981438159942627;True;True;False;True;1.5249232189267379;5.7322132531114285;0.2677737272389306;1.0221082949822626
89.68969386105051;30.840692729371927;181.27926911884504;0.0148286168761822;89.68969386105051;127.34735814616792;181.27926911884504;0.0148286168761822;89.68969386105051;127.34735814616792;0.0;919.8876169579064;0.3103061389494854;-22.34735814616793;88.0756287574768;121.35852289199828;181.16267085075376;-0.9777845442295074;True;True;False;True;1.5227337744150502;5.737371804072817;0.2679853813378692;1.0221181102997743
89.80372821898384;30.685202221408016;181.17926364597693;0.0658388467897516;89.80372821898384;128.06512904438117;181.17926364597693;0.0658388467897516;89.80372821898384;128.06512904438117;0.0;919.7009223938996;0.1962717810161649;-23.06512904438117;88.17621564865112;121.4051103591919;181.15771412849423;-0.9883028268814088;True;True;False;True;1.5242245642303356;5.748927706840257;0.2679722697466313;1.022772293666687
90.15970010518797;30.684476511807013;181.02783312240084;0.2055652032001999;90.15970010518797;128.0790335870312;181.02783312240084;0.2055652032001999;90.15970010518797;128.0790335870312;0.0;919.0151481922936;-0.1597001051879658;-23.079033587031205;88.27573084831238;122.04005646705627;181.11111044883728;-0.9910975396633148;True;True;False;True;1.5280501981554233;5.751073823688376;0.26808539555769045;1.0240867884742881
90.22367576904249;30.797895537989287;181.0097951867209;0.0;90.22367576904249;128.01007079833718;181.0097951867209;0.0;90.22367576904249;128.01007079833718;0.0;918.865903517226;-0.2236757690424866;-23.010070798337185;88.65031123161316;122.04244875907898;181.0207092761993;-0.9619653224945068;True;True;False;True;1.526776767095036;5.754151172192338;0.26596716956139105;1.0238090673752949
90.13823528611132;30.774000676720497;180.87452355100385;0.0178;90.13823528611132;128.2342861834113;180.87452355100385;0.0178;90.13823528611132;128.2342861834113;0.0;919.006961047216;-0.1382352861113105;-23.234286183411317;88.68340921401978;121.97438597679138;180.94268679618835;-0.9409435093402864;True;True;False;True;1.5269111347118738;5.761994197487899;0.2656643991792931;1.0225961725780741
90.01730436854119;30.818717946201662;181.0852034920265;0.0298285966269682;90.01730436854119;128.19859690667903;181.0852034920265;0.0298285966269682;90.01730436854119;128.19859690667903;0.0;919.2303915108748;-0.0173043685411897;-23.19859690667903;88.5754725933075;122.17060232162476;180.86827039718628;-0.9374947845935822;True;True;False;True;1.5273347048413322;5.7656709464233185;0.265412092156733;1.0226146855030742
89.73049334909516;30.88681822087749;181.03675907934607;0.0327724373677773;89.73049334909516;128.4382551217653;181.03675907934607;0.0327724373677773;89.73049334909516;128.4382551217653;0.0;919.801706300628;0.2695066509048445;-23.43825512176531;88.46564149856567;122.1293318271637;180.8720076084137;-0.9956854581832886;True;True;False;True;1.5269714906497125;5.77204987227562;0.2628692542771412;1.021854748775479
89.7831795566999;30.989312405447038;181.1313597253296;0.0515975726426991;89.7831795566999;128.66569927161112;181.1313597253296;0.0515975726426991;89.7831795566999;128.66569927161112;0.0;919.7322681055392;0.2168204433000937;-23.66569927161112;88.20791697502136;122.33444666862488;180.88635325431824;-0.9898927807807922;True;True;False;True;1.527218468598015;5.78043818151821;0.2632467966984315;1.0226173299108858
89.90468217177225;31.0419026810032;181.08036050806527;0.1865930439602683;89.90468217177225;129.00158672105044;181.08036050806527;0.1865930439602683;89.90468217177225;129.00158672105044;0.0;919.5181722678344;0.0953178282277491;-24.001586721050444;88.25337052345276;122.5790205001831;180.9189260005951;-0.9806644916534424;True;True;False;True;1.528115564335222;5.790125679945188;0.2636791839970389;1.024425318968057
89.74158965215925;31.22836205999068;181.1228170495589;0.0;89.74158965215925;129.0246005961989;181.1228170495589;0.0;89.74158965215925;129.0246005961989;0.0;919.8570663508242;0.2584103478407513;-24.024600596198862;88.34700179100037;122.8354105949402;180.96214652061465;-0.963396281003952;True;True;False;True;1.5262194828772429;5.796465320956077;0.26398803500989304;1.0230258882956895
89.58749773130918;30.971891110635635;180.9281830099409;0.038;89.58749773130918;129.06732297652496;180.9281830099409;0.038;89.58749773130918;129.06732297652496;0.0;920.1997049055698;0.4125022686908153;-24.067322976524963;88.2021644115448;122.87447547912598;180.974315404892;-0.945942848920822;True;True;False;True;1.5268291607247644;5.801639125113612;0.26380575604338385;1.0228488293152151
89.81712471531583;31.32186599198775;181.0522252615544;0.0;89.81712471531583;129.1695396744695;181.0522252615544;0.0;89.81712471531583;129.1695396744695;0.0;919.7954512400486;0.1828752846841723;-24.16953967446949;88.08476233482361;122.92158842086792;180.94110012054443;-0.9411746263504028;True;True;False;True;1.5276407598651216;5.80933966343993;0.26400463586515144;1.0218900077198836
89.63018303870803;31.293265137134263;181.2362700437941;0.0;89.63018303870803;129.13721805056107;181.2362700437941;0.0;89.63018303870803;129.13721805056107;0.0;920.1937179645554;0.3698169612919741;-24.137218050561074;88.29502820968628;122.9686529636383;180.91354966163635;-0.9904812276363372;True;True;False;True;1.5240296778002649;5.813122551874772;0.26339106030907283;1.0222776145345789
89.74566359021057;31.33996844054763;180.9579184265425;0.1766;89.74566359021057;129.00904795985812;180.9579184265425;0.1766;89.74566359021057;129.00904795985812;0.0;920.0120657897226;0.2543364097894312;-24.009047959858123;88.11140942573547;122.97638988494872;180.95284938812256;-0.9915237128734588;True;True;False;True;1.5246345907839336;5.819521227252169;0.2610700552474572;1.024062207258905
89.59217021611794;31.567038136216294;180.87052788779323;0.0;89.59217021611794;129.0876244688319;180.87052788779323;0.0;89.59217021611794;129.0876244688319;0.0;920.352964059213;0.4078297838820646;-24.087624468831905;88.19100499153137;122.88492274284364;180.9048295021057;-0.9790532290935516;True;True;False;True;1.5216305932619192;5.823140840213896;0.2582571146230792;1.0238655652480015
89.59309170891144;31.651384616602343;180.78026951904295;0.0;89.59309170891144;129.01166698301498;180.78026951904295;0.0;89.59309170891144;129.01166698301498;0.0;920.4054983781436;0.4069082910885555;-24.011666983014976;88.08803963661194;122.92339301109314;180.8925426006317;-0.9615784883499146;True;True;False;True;1.5227326320777415;5.828759289001088;0.258337229209802;1.0235142955240024
89.5353694182963;31.30871941683611;180.7875332013465;0.0866;89.5353694182963;129.1839472945599;180.7875332013465;0.0866;89.5353694182963;129.1839472945599;0.0;920.5751973981858;0.4646305817037017;-24.183947294559918;88.06803703308105;122.87162685394289;180.8361566066742;-0.945987105369568;True;True;False;True;1.523855462602601;5.834010512205421;0.25831026564138554;1.0230723163840938
89.85718125872047;31.228039649757296;180.6985090215101;0.0842866418330914;89.85718125872047;129.12879538490415;180.6985090215101;0.0842866418330914;89.85718125872047;129.12879538490415;0.0;919.9935244615646;0.1428187412795267;-24.12879538490415;88.01732182502747;123.02660727500916;180.7469880580902;-0.9925399720668792;True;True;False;True;1.5263917168368442;5.837717710388383;0.2583342287855723;1.0238472792862754
89.90709663791853;31.483847315287782;180.6795339312623;0.0;89.90709663791853;128.91983672729543;180.6795339312623;0.0;89.90709663791853;128.91983672729543;0.0;919.9127362020056;0.0929033620814721;-23.919836727295436;88.30199766159058;122.96776103973389;180.68906784057617;-0.9742636978626252;True;True;False;True;1.5290541717469412;5.836814702492846;0.2544710841346703;1.0236926220361564
89.87608312027477;31.38671723292144;180.56413397935688;0.0357;89.87608312027477;128.80681205132797;180.56413397935688;0.0357;89.87608312027477;128.80681205132797;0.0;919.9871503522374;0.123916879725229;-23.806812051327967;88.35533332824707;122.76370406150818;180.63668131828308;-0.9604622423648834;True;True;False;True;1.5288313287396706;5.8413724911044;0.2527312768179688;1.023055419380556
89.68391321485954;31.451366237180807;180.5864162819836;0.0;89.68391321485954;129.05013053657106;180.5864162819836;0.0;89.68391321485954;129.05013053657106;0.0;920.388012413698;0.3160867851404561;-24.05013053657106;88.34338569641113;122.66529512405396;180.5813181400299;-0.9706445038318634;True;True;False;True;1.5267296974446756;5.851387765172241;0.25233626370955226;1.022868119895833
89.65621767366783;31.32673199601934;180.6921398188331;0.0;89.65621767366783;129.05121803155524;180.6921398188331;0.0;89.65621767366783;129.05121803155524;0.0;920.4855484007668;0.3437823263321746;-24.05121803155524;88.1310179233551;122.8655562400818;180.53879261016849;-0.9941987693309784;True;True;False;True;1.5258870463217622;5.856123541646366;0.25271791136960686;1.0229209394345091
89.47542799976283;31.32284719607052;180.6552470965656;0.0;89.47542799976283;129.05282918832202;180.6552470965656;0.0;89.47542799976283;129.05282918832202;0.0;920.8929653920876;0.5245720002371712;-24.052829188322026;88.11237049102783;122.86830806732178;180.5478930473328;-0.993269383907318;True;True;False;True;1.521884198560445;5.861713720800306;0.2518135956413169;1.0230316671476065
89.49423639890526;31.329765383608493;180.64676770776663;0.0;89.49423639890526;129.24164245474006;180.64676770776663;0.0;89.49423639890526;129.24164245474006;0.0;920.9252915271676;0.5057636010947419;-24.24164245474006;87.99644112586975;122.87426805496216;180.5607962608337;-0.998496562242508;True;True;False;True;1.5226769128096855;5.870997300109702;0.2495276247863678;1.0229906894049772
89.68266750023322;31.212110136273157;180.70362745034492;0.1664;89.68266750023322;129.08036803527256;180.70362745034492;0.1664;89.68266750023322;129.08036803527256;0.0;920.6158644713244;0.3173324997667777;-24.08036803527256;87.96686935424805;123.06757354736328;180.55981278419492;-0.9973573684692384;True;True;False;True;1.5221774888760458;5.876019111306478;0.2492478407684879;1.023706615563371
89.80801960120628;31.34652845802277;180.6425454722303;0.0;89.80801960120628;129.0324491769498;180.6425454722303;0.0;89.80801960120628;129.0324491769498;0.0;920.4074712693472;0.1919803987937172;-24.0324491769498;88.11774277687073;122.93206334114076;180.57514190673828;-0.9812578558921814;True;True;False;True;1.5256490741814945;5.881680261832247;0.24816822304572572;1.0228513136880786
89.86801845027887;31.20605205301228;180.4528345046618;0.0;89.86801845027887;129.04772914367064;180.4528345046618;0.0;89.86801845027887;129.04772914367064;0.0;920.313070957708;0.1319815497211323;-24.04772914367064;88.2391619682312;122.8644154071808;180.55041074752808;-0.9655041992664336;True;True;False;True;1.5272269887769232;5.8866514694864;0.24802636917228718;1.0227496016301296
89.63202529369173;30.977146738370568;180.60211061671689;0.0;89.63202529369173;129.13462373685732;180.60211061671689;0.0;89.63202529369173;129.13462373685732;0.0;920.802654810845;0.3679747063082743;-24.13462373685732;88.3353168964386;122.85624980926514;180.49229383468628;-0.952594429254532;True;True;False;True;1.526104573865636;5.891918821063287;0.2478491577890786;1.0226855734062255
89.49977915439266;31.217886594354077;180.69308096516596;0.0;89.49977915439266;129.14282735986382;180.69308096516596;0.0;89.49977915439266;129.14282735986382;0.0;921.1162103836176;0.5002208456073447;-24.142827359863816;88.09538245201111;122.96414494514464;180.4825115203857;-0.9980851411819458;True;True;False;True;1.5222059354006257;5.899055098164729;0.2485738656648278;1.0221531715263017
89.41360593702183;31.24975485210265;180.83127090558816;0.0199;89.41360593702183;128.9873365388922;180.83127090558816;0.0199;89.41360593702183;128.9873365388922;0.0;921.3552529311067;0.5863940629781723;-23.987336538892208;87.98909831047058;122.9723174571991;180.5052626132965;-0.9999045729637146;True;True;False;True;1.521788598053665;5.901950302537884;0.24972092997418002;1.021929967983241
89.39605530966477;31.23639146159111;180.69503428542583;0.0519469938325369;89.39605530966477;128.8563546337813;180.69503428542583;0.0519469938325369;89.39605530966477;128.8563546337813;0.0;921.4685400608846;0.6039446903352257;-23.856354633781308;87.93223643302917;122.82978940010072;180.574643611908;-0.9973573684692384;True;True;False;True;1.5206882485912694;5.905759928824288;0.24902180568601354;1.0225635313955186
89.72473495399683;31.10126735886149;180.59909780051547;0.021242501951565;89.72473495399683;128.78282981882467;180.59909780051547;0.021242501951565;89.72473495399683;128.78282981882467;0.0;920.891706730932;0.2752650460031702;-23.782829818824663;87.88899540901184;122.73624801635742;180.6263482570648;-0.9941938519477844;True;True;False;True;1.5245151712246787;5.909868252627877;0.24896658673144434;1.0229900012386401
89.51907818567695;30.8181841532048;180.63263537976317;0.0;89.51907818567695;128.7917218545315;180.63263537976317;0.0;89.51907818567695;128.7917218545315;0.0;921.3397222737054;0.4809218143230538;-23.791721854531488;88.18348240852356;122.67431807518004;180.61293363571167;-0.9861375391483308;True;True;False;True;1.5245758205360849;5.915885906966135;0.24872852929368755;1.0225635708710212
89.74467981075978;30.915244067274944;180.85099922478287;0.1767;89.74467981075978;129.1835598754284;180.85099922478287;0.1767;89.74467981075978;129.1835598754284;0.0;920.9526419321162;0.2553201892402228;-24.18355987542841;87.96469831466675;122.67538976669312;180.5780136585236;-0.9888797998428344;True;True;False;True;1.52803133935225;5.924280024125006;0.24974763719326654;1.0233225792945366
89.97111658782035;31.13069261224344;180.805234511106;0.0;89.97111658782035;129.2294581873357;180.805234511106;0.0;89.97111658782035;129.2294581873357;0.0;920.5338110698938;0.0288834121796526;-24.22945818733569;88.20088529586792;123.03778743743896;180.5909299850464;-0.977102667093277;True;True;False;True;1.5290767938208227;5.931287868401173;0.25036785427257474;1.0232428690970299
90.03413814356044;31.117482501635426;180.84394600561208;0.0;90.03413814356044;129.1192032694907;180.84394600561208;0.0;90.03413814356044;129.1192032694907;0.0;920.4116190800376;-0.0341381435604404;-24.119203269490697;88.39394187927246;123.01526808738708;180.61884760856628;-0.9627832472324372;True;True;False;True;1.5298114532194247;5.938112302391893;0.24992698237723596;1.0214606695876416
90.1075325624097;31.05977756323852;180.6845505281597;0.0;90.1075325624097;129.17971562741894;180.6845505281597;0.0;90.1075325624097;129.17971562741894;0.0;920.2602784898644;-0.1075325624097018;-24.179715627418943;88.44919276237488;122.9656937122345;180.6682181358337;-0.9465870261192322;True;True;False;True;1.528757692769563;5.9434205697628215;0.2492872929414867;1.0213536126086877
90.02303085566749;31.16823211507829;180.96409829654465;0.0;90.02303085566749;129.33417475802435;180.96409829654465;0.0;90.02303085566749;129.33417475802435;0.0;920.4149442283608;-0.0230308556674856;-24.33417475802437;88.54847979545593;123.00654935836792;180.67000150680545;-1.0004569590091703;True;True;False;True;1.5275701577691903;5.948876913276061;0.2463648116765128;1.0216843107265572
89.8074480498532;31.08858061910429;180.81187934859432;0.0;89.8074480498532;129.7670036904497;180.81187934859432;0.0;89.8074480498532;129.7670036904497;0.0;920.8430390592335;0.1925519501467931;-24.767003690449712;88.444491147995;123.11549544334412;180.7000958919525;-0.9980851411819458;True;True;False;True;1.527970192379287;5.959999614389684;0.24558888868583284;1.022112510737109
89.77348609016535;31.118140298030355;180.9633140310707;0.0274;89.77348609016535;129.42612538990795;180.9633140310707;0.0274;89.77348609016535;129.42612538990795;0.0;920.936636571962;0.2265139098346509;-24.426125389907952;88.21953964233398;123.5067527294159;180.7033610343933;-1.0005176067352295;True;True;False;True;1.530836690227105;5.961455473392883;0.24571822364433182;1.022342949262573
89.87120993815236;31.372950728420477;180.97393195529065;0.0;89.87120993815236;129.48697222912008;180.97393195529065;0.0;89.87120993815236;129.48697222912008;0.0;920.7713907306328;0.1287900618476385;-24.486972229120084;88.2561707496643;123.22245717048644;180.74045777320865;-0.9968574345111848;True;True;False;True;1.5298526353009545;5.968222684526024;0.24628668950026192;1.0223124275027926
89.9494179120581;31.10507061439623;181.31952734511137;0.0;89.9494179120581;129.52271452023592;181.31952734511137;0.0;89.9494179120581;129.52271452023592;0.0;920.6321467910676;0.0505820879419047;-24.52271452023592;88.33145189285278;123.2663550376892;180.81134676933289;-0.995078980922699;True;True;False;True;1.530844261011631;5.976205730967455;0.2509778690950896;1.0222452485624445
90.00022379697006;31.01897615321972;181.08244410270527;0.0;90.00022379697006;129.58262243219417;181.08244410270527;0.0;90.00022379697006;129.58262243219417;0.0;920.537279299636;-0.0002237969700615;-24.58262243219417;88.40750050544739;123.32305097579956;180.9338748455048;-0.9938430786132812;True;True;False;True;1.5328199400715743;5.982830188649269;0.2513757630334689;1.0221690050477867
89.70631317411582;30.883559291599383;181.1758387330113;0.0;89.70631317411582;129.7558886989308;181.1758387330113;0.0;89.70631317411582;129.7558886989308;0.0;921.1250707057484;0.2936868258841798;-24.75588869893079;88.44198822975159;123.3659393787384;181.0038459300995;-0.9991702437400818;True;True;False;True;1.5302023051614448;5.989413241995056;0.25185805575799297;1.0219625921225635
89.90937005343274;30.882927888192004;181.05943675790093;0.0;89.90937005343274;129.38913544892512;181.05943675790093;0.0;89.90937005343274;129.38913544892512;0.0;920.7581151905658;0.0906299465672617;-24.38913544892512;88.16716504096985;123.5198757648468;181.04183435440063;-0.998496562242508;True;True;False;True;1.5339676329412004;5.989968563073392;0.25027859660628093;1.0219422004829348
90.1467064023348;30.936113441939447;181.16932479324825;0.2592;90.1467064023348;129.3869765701733;181.16932479324825;0.2592;90.1467064023348;129.3869765701733;0.0;920.2955264856372;-0.1467064023348001;-24.38697657017329;88.34583330154419;123.16836094856262;181.0246169567108;-0.9986457228660583;True;True;False;True;1.5374911534289026;5.995276342072187;0.24908301948834294;1.0245403582848287
90.03084146805425;31.23798365069357;181.19709297027777;0.0;90.03084146805425;129.56984403255075;181.19709297027777;0.0;90.03084146805425;129.56984403255075;0.0;920.5076955005536;-0.0308414680542483;-24.569844032550748;88.58446097373962;123.18796944618224;180.98230123519895;-0.9729360044002532;True;True;False;True;1.5367468159309645;6.003239810711906;0.2466951317711181;1.0224376892997755
90.07898519807758;31.072290642723114;181.4266769485027;0.0;90.07898519807758;129.35323022706092;181.4266769485027;0.0;90.07898519807758;129.35323022706092;0.0;920.4072958447664;-0.078985198077575;-24.35323022706092;88.47435331344604;123.31972527503969;181.0138642787933;-0.9412090480327606;True;True;False;True;1.5359801445830754;6.004237468477217;0.24856466306110261;1.0219801976198601
89.90520990444395;30.804073995693702;181.41422279547032;0.238;89.90520990444395;129.836907661073;181.41422279547032;0.238;89.90520990444395;129.836907661073;0.0;920.74431507229;0.0947900955560498;-24.836907661073013;88.51645350456238;123.17771577835084;181.10227227211;-0.9248308837413788;True;True;False;True;1.5356626794729347;6.013170444638815;0.2501053465571481;1.023905090916613
90.30957601483068;31.11863609783804;181.59035522203172;0.0;90.30957601483068;129.9519649915364;181.59035522203172;0.0;90.30957601483068;129.9519649915364;0.0;919.948221530924;-0.3095760148306681;-24.951964991536386;88.35685443878174;123.59212160110474;181.2078058719635;-0.9742702543735504;True;True;False;True;1.5404614758292974;6.019173513097838;0.25242622557528355;1.024160756792358
90.17001717161016;31.18902657869076;181.716153225274;0.0078;90.17001717161016;129.99069272936845;181.716153225274;0.0078;90.17001717161016;129.99069272936845;0.0;920.1860624153876;-0.170017171610155;-24.990692729368448;88.71560835838318;123.66368293762208;181.30225896835327;-0.951697826385498;True;True;False;True;1.5383024964592698;6.024722855837711;0.25548549667719933;1.0199558364744674
90.417455989963;31.37907963419343;181.74963589298537;0.0102938705527836;90.417455989963;129.8852022214045;181.74963589298537;0.0102938705527836;90.417455989963;129.8852022214045;0.0;919.6685158224674;-0.4174559899629884;-24.885202221404512;88.606192111969;123.71650004386902;181.39437794685364;-0.9352098405361176;True;True;False;True;1.5417387587780653;6.030200626446514;0.25771530492382294;1.0198522857479952
90.35645314102048;31.428899841978936;181.8433932271709;0.0;90.35645314102048;129.93447651180352;181.8433932271709;0.0;90.35645314102048;129.93447651180352;0.0;919.7348607216908;-0.3564531410204807;-24.934476511803524;88.83714509010315;123.614896774292;181.4718759059906;-1.0017748177051544;True;True;False;True;1.5415980152465862;6.036951021030114;0.2601092158745858;1.019552472774325
90.69503233243957;31.642744501440777;181.849934648644;0.1987;90.69503233243957;130.09789553798578;181.849934648644;0.1987;90.69503233243957;130.09789553798578;0.0;919.0101752533832;-0.6950323324395526;-25.097895537985774;88.77067947387695;123.66716074943542;181.57184958457947;-1.0002979636192322;True;True;False;True;1.5479940292006267;6.0430768004501445;0.2611647936880975;1.0194359742587815
90.79017015976632;32.01217887891099;181.5967632309652;0.0545543164041884;90.79017015976632;130.124000676717;181.5967632309652;0.0545543164041884;90.79017015976632;130.124000676717;0.0;918.7272286210708;-0.7901701597663333;-25.124000676717003;89.08976697921753;123.8236277103424;181.63252353668213;-0.979597419500351;True;True;False;True;1.5497215831580862;6.048221998561517;0.26118704846526775;1.0202856625151058
90.95435240809596;32.185265316478095;181.71458859262395;0.0;90.95435240809596;130.21871794619815;181.71458859262395;0.0;90.95435240809596;130.21871794619815;0.0;918.2935081031096;-0.9543524080959712;-25.218717946198154;89.16628575325012;123.80184125900269;181.59109950065613;-0.9552006423473358;True;True;False;True;1.5530889963485262;6.0520953799133075;0.26118507744960945;1.020763956305165
91.01319779195713;31.947748986148035;181.91858543312512;0.0;91.01319779195713;130.336818220874;181.91858543312512;0.0;91.01319779195713;130.336818220874;0.0;918.0485703476412;-1.0131977919571256;-25.336818220873997;89.33213520050049;123.89155220985413;181.54307961463928;-0.934431254863739;True;True;False;True;1.5536754400442152;6.060883625635804;0.2629704340206217;1.0210300709942939
90.55803678118384;31.909178073312063;181.78425617581036;0.0;90.55803678118384;130.4893124054435;181.78425617581036;0.0;90.55803678118384;130.4893124054435;0.0;918.82379933026;-0.5580367811838443;-25.489312405443517;89.38562297821045;123.99010634422302;181.546528339386;-0.9851343929767608;True;True;False;True;1.5491920681716083;6.065065741399374;0.2628744539730508;1.020892806949161
90.56176646663576;31.496980016123324;181.65718768448656;0.0;90.56176646663576;130.59190268099968;181.65718768448656;0.0;90.56176646663576;130.59190268099968;0.0;918.7419350551984;-0.5617664666357456;-25.59190268099968;88.9564139842987;124.14700198173524;181.5422010421753;-1.0006339848041534;True;True;False;True;1.5496689244687614;6.071423801674625;0.2620546517518006;1.020886597449359
90.647481236545;31.260840194931;181.71702595086893;0.1268;90.647481236545;130.82836205998717;181.71702595086893;0.1268;90.647481236545;130.82836205998717;0.0;918.4956033198284;-0.6474812365450049;-25.82836205998717;88.95015668869019;124.24194693565369;181.55868411064148;-1.0021337866783142;True;True;False;True;1.55087754887159;6.080706896731968;0.26216022399552585;1.0220843677756912
90.638360714486;31.206214625940376;181.8930818748356;0.0;90.638360714486;130.6218911106321;181.8930818748356;0.0;90.638360714486;130.6218911106321;0.0;918.4275135324071;-0.638360714485998;-25.621891110632102;89.01494908332825;124.44369459152222;181.54538750648496;-0.9860113263130188;True;True;False;True;1.5537543259309818;6.0840507690152785;0.2641174999382348;1.0210036913592844
90.56217123777584;30.999122707619208;181.87028908091327;0.1361;90.56217123777584;131.0218659919842;181.87028908091327;0.1361;90.56217123777584;131.0218659919842;0.0;918.494777723896;-0.5621712377758286;-26.02186599198421;89.03443312644958;124.2427144050598;181.55518293380737;-0.9740211069583892;True;True;False;True;1.5547822954892954;6.093169378872837;0.2651827830345734;1.0221512301983413
90.38587398834264;31.068789010858453;182.0049472260781;0.0;90.38587398834264;131.04326513713073;182.0049472260781;0.0;90.38587398834264;131.04326513713073;0.0;918.7724160577256;-0.3858739883426381;-26.04326513713073;88.95609593391418;124.59756875038148;181.5923058986664;-0.944451242685318;True;True;False;True;1.5538528510245895;6.09667028158;0.2673234017231108;1.0218846562553658
90.33825512739332;30.879523304895468;181.87876574269893;0.0;90.33825512739332;131.1399684405441;181.87876574269893;0.0;90.33825512739332;131.1399684405441;0.0;918.816203914512;-0.3382551273933103;-26.13996844054409;88.82541179656982;124.5938766002655;181.66794180870056;-0.970744490623474;True;True;False;True;1.5551324141723732;6.102903648071497;0.265130376497721;1.0197924430411722
90.3928576144322;30.91830426081965;181.9438230762682;0.0;90.3928576144322;131.41703813621277;181.9438230762682;0.0;90.3928576144322;131.41703813621277;0.0;918.6618982567816;-0.392857614432188;-26.417038136212767;88.76117944717407;124.6892364025116;181.7202889919281;-0.955616980791092;True;True;False;True;1.5567112146022224;6.113276728093958;0.2648131398697846;1.0194694963415047
90.47083311995954;30.81276792260237;181.7510868574786;0.0;90.47083311995954;131.5513846165988;181.7510868574786;0.0;90.47083311995954;131.5513846165988;0.0;918.4535662304694;-0.4708331199595363;-26.5513846165988;88.78867697715759;124.93116211891174;181.7415976524353;-1.0029877722263336;True;True;False;True;1.5581462588685957;6.122369035637967;0.2634246987240107;1.0184416944189008
90.46595313118247;30.51373061980749;181.8698578686771;0.0;90.46595313118247;131.25871941683258;181.8698578686771;0.0;90.46595313118247;131.25871941683258;0.0;918.4005484586957;-0.4659531311824736;-26.258719416832577;88.86428308486938;125.02253246307372;181.7036616802216;-1.000991314649582;True;True;False;True;1.555763941724395;6.129680228475193;0.2638778105820039;1.0191422475035221
90.62903527272414;30.36103960724262;181.69888466222585;0.0;90.62903527272414;131.22803964975375;181.69888466222585;0.0;90.62903527272414;131.22803964975375;0.0;918.0122570914546;-0.6290352727241384;-26.228039649753757;88.86227798461914;124.78146409988403;181.6801762580872;-1.0028812289237976;True;True;False;True;1.5573273206115203;6.134732086762327;0.2637365734551273;1.0157220458234115
90.71349113367997;30.186386057410296;181.3287676233975;0.0;90.71349113367997;131.53384731528425;181.3287676233975;0.0;90.71349113367997;131.53384731528425;0.0;917.7594739998464;-0.7134911336799519;-26.53384731528425;88.98797702789307;124.76993823051453;181.61752223968503;-1.0028812289237976;True;True;False;True;1.557691288293618;6.142543317092469;0.26516123610639614;1.0165018725995503
90.58595811161256;30.1889398286748;181.19962284922667;0.0611;90.58595811161256;131.4867172329179;181.19962284922667;0.0611;90.58595811161256;131.4867172329179;0.0;917.919407892824;-0.5859581116125554;-26.486717232917897;89.03058195114136;125.00479078292848;181.45055413246155;-0.9988768398761748;True;True;False;True;1.5596638459222614;6.148842977682891;0.2662355714217215;1.0177430533217213
90.61271993685835;30.55004944689435;181.2204596425452;0.0;90.61271993685835;131.60136623717727;181.2204596425452;0.0;90.61271993685835;131.60136623717727;0.0;917.7877564941172;-0.6127199368583689;-26.601366237177277;88.9590482711792;124.9592957496643;181.3096022605896;-0.994170904159546;True;True;False;True;1.5599140225957204;6.156703769033453;0.266326089491569;1.0186340254019741
90.6566518681646;30.40040962085785;181.21005027337975;0.073;90.6566518681646;131.5267319960158;181.21005027337975;0.073;90.6566518681646;131.5267319960158;0.0;917.6181966399236;-0.6566518681645874;-26.5267319960158;88.98014330863953;125.05126070976256;181.15894675254825;-0.9876947104930878;True;True;False;True;1.561129793511981;6.163675110819427;0.2663698846951948;1.01764997203369
90.83138783313731;30.64157310839149;180.92150989664543;0.2202747137560947;90.83138783313731;131.57284719606696;180.92150989664543;0.2202747137560947;90.83138783313731;131.57284719606696;0.0;917.1811711275562;-0.8313878331373132;-26.57284719606696;88.97705268859863;125.0087456703186;181.0755741596222;-0.977538675069809;True;True;False;True;1.5630354192940383;6.170961474151096;0.26663437937915524;1.019736267693674
90.76041671453712;31.034363950911818;180.9752365673576;0.0;90.76041671453712;131.62976538360493;180.9752365673576;0.0;90.76041671453712;131.62976538360493;0.0;917.2122616536716;-0.7604167145371292;-26.629765383604934;89.1897246837616;125.05622506141664;180.96524119377136;-0.9636470675468444;True;True;False;True;1.563841207662118;6.1756183629522825;0.26659744090780435;1.0196863385602772
90.7660137949332;30.93554054123741;180.8419074830313;0.0252;90.7660137949332;131.5621101362696;180.8419074830313;0.0252;90.7660137949332;131.5621101362696;0.0;917.099678597608;-0.7660137949332011;-26.56211013626961;89.06509733200073;125.08895659446716;180.9066915512085;-0.9353114664554596;True;True;False;True;1.5654881282372837;6.182931158775345;0.2652983817464311;1.0196793128995318
91.00873488953816;31.211225372164726;180.6408444703372;0.0;91.00873488953816;131.7465284580192;180.6408444703372;0.0;91.00873488953816;131.7465284580192;0.0;916.5121012357404;-1.0087348895381467;-26.746528458019213;89.08522439002991;125.03579378128052;180.7950603961945;-0.9379340708255768;True;True;False;True;1.5676597077024708;6.190609601627046;0.2646161554904014;1.0191407341908891
90.89732750176684;31.19276410803312;180.77762310800532;0.0;90.89732750176684;131.65605205300872;180.77762310800532;0.0;90.89732750176684;131.65605205300872;0.0;916.6004180260112;-0.8973275017668385;-26.65605205300872;89.34675860404968;125.16368460655212;180.638884305954;-0.9992030262947084;True;True;False;True;1.5693866513457846;6.1972347783625175;0.2637890921747771;1.0191217505044081
90.7873503457583;30.85633373209465;180.7002033358204;0.0;90.7873503457583;131.477146738367;180.7002033358204;0.0;90.7873503457583;131.477146738367;0.0;916.700728671126;-0.7873503457582984;-26.477146738367;89.23602867126465;125.07732701301576;180.60869812965396;-1.000829041004181;True;True;False;True;1.5710838298689502;6.201246865524674;0.26393333459742985;1.0191169493525691
90.71028223426052;30.89273791879984;180.7576571592365;0.1724;90.71028223426052;131.7678865943505;180.7576571592365;0.1724;90.71028223426052;131.7678865943505;0.0;916.7498848480204;-0.710282234260518;-26.7678865943505;89.13147306442261;124.92935061454772;180.5421364307404;-1.0044711828231812;True;True;False;True;1.5717031545304918;6.210009165312544;0.2644530216229333;1.0208365028464417
90.77838843316935;31.10097376343646;180.66314018850267;0.0;90.77838843316935;131.84975485209907;180.66314018850267;0.0;90.77838843316935;131.84975485209907;0.0;916.5189681523012;-0.7783884331693542;-26.849754852099068;89.02759504318237;125.19194960594176;180.55429220199585;-0.9809136390686036;True;True;False;True;1.5743589263813889;6.214293382582597;0.2640679788510373;1.019727077954751
90.85313165919295;31.052667554921445;180.63521988789836;0.1172;90.85313165919295;131.88639146158755;180.63521988789836;0.1172;90.85313165919295;131.88639146158755;0.0;916.2656965758316;-0.8531316591929681;-26.88639146158755;89.11725068092346;125.26616597175598;180.5631172657013;-0.9660254418849944;True;True;False;True;1.577658944344149;6.220927949441489;0.2619788422082942;1.0202748055559394
90.85647153546051;31.110813237151287;180.55247767588827;0.0;90.85647153546051;131.8012673588579;180.55247767588827;0.0;90.85647153546051;131.8012673588579;0.0;916.145265935404;-0.8564715354605141;-26.8012673588579;89.15959286689758;125.2727620601654;180.5094063282013;-0.941205769777298;True;True;False;True;1.579689810750543;6.229850228800589;0.2600819932103994;1.0189836188253285
90.60473517789843;31.04873235857379;180.6674379590892;0.0;90.60473517789843;131.56818415320123;180.6674379590892;0.0;90.60473517789843;131.56818415320123;0.0;916.5345424458;-0.6047351778984478;-26.56818415320123;89.16569113731384;125.21405410766602;180.47885298728943;-0.9790991246700288;True;True;False;True;1.575824235803262;6.234180694589453;0.2606983014024805;1.0191959618328337
90.40170518361371;31.225353405886768;180.83106399221572;0.1384;90.40170518361371;131.71524406727136;180.83106399221572;0.1384;90.40170518361371;131.71524406727136;0.0;916.8599710773163;-0.4017051836137142;-26.71524406727136;88.97802758216858;125.0284993648529;180.4628551006317;-0.9674285352230072;True;True;False;True;1.5736748667483296;6.240383400102797;0.2604449122950117;1.0204607228721774
90.4804593998827;31.271335790248155;180.75897981853407;0.0524661223693102;90.4804593998827;131.98069261223986;180.75897981853407;0.0524661223693102;90.4804593998827;131.98069261223986;0.0;916.64890195363;-0.4804593998827045;-26.980692612239864;88.7617118358612;125.14345383644104;180.5037808418274;-0.9872718155384064;True;True;False;True;1.5752094972760935;6.2466992369811845;0.25929016981666814;1.021086083532414
90.65677487755424;31.45163652301064;180.5879193563202;0.0;90.65677487755424;132.01748250163183;180.5879193563202;0.0;90.65677487755424;132.01748250163183;0.0;916.2322097449692;-0.6567748775542412;-27.017482501631832;88.83610105514526;125.37773251533508;180.55766224861145;-0.9673285484313964;True;True;False;True;1.5754135450569822;6.255565883768548;0.25927027768654526;1.0205037319174797
90.665077111929;31.31457006814013;180.4445465941433;0.0;90.665077111929;132.00977756323493;180.4445465941433;0.0;90.665077111929;132.00977756323493;0.0;916.128035292546;-0.6650771119290084;-27.00977756323493;88.97209525108337;125.41101717948914;180.5406677722931;-0.951794534921646;True;True;False;True;1.5781692736044315;6.262793252602052;0.2593858079418133;1.0194609984160092
90.72820634745028;31.133946426474875;180.5689834631293;0.0195;90.72820634745028;132.1682321150747;180.5689834631293;0.0195;90.72820634745028;132.1682321150747;0.0;915.913099873246;-0.728206347450282;-27.168232115074687;89.00234460830688;125.40762233734132;180.4706180095673;-0.989338755607605;True;True;False;True;1.582012899109347;6.274035961383856;0.25955429577467914;1.0196257160361275
90.63789944513626;31.221731712229207;180.49630177294267;0.0;90.63789944513626;132.1385806191007;180.49630177294267;0.0;90.63789944513626;132.1385806191007;0.0;915.9966194982142;-0.6378994451362558;-27.138580619100708;89.05880546569824;125.5042405128479;180.41379928588867;-1.002473086118698;True;True;False;True;1.5825862430944075;6.280916017245298;0.2591370142966042;1.0198339063501296
90.683327204355;31.01158579839705;180.35930623093645;0.1582;90.683327204355;132.21814029802675;180.35930623093645;0.1582;90.683327204355;132.21814029802675;0.0;915.8207107204252;-0.6833272043550096;-27.218140298026757;88.9698896408081;125.505512714386;180.3523910045624;-0.9981457889080048;True;True;False;True;1.5854735595446927;6.287904409512216;0.2580314678801022;1.0215082626818455
90.71265812522088;31.09464708551884;180.1490414185285;0.0;90.71265812522088;132.52295072841687;180.1490414185285;0.0;90.71265812522088;132.52295072841687;0.0;915.6709385847794;-0.7126581252208695;-27.522950728416877;89.00755786895752;125.56023812294006;180.29513955116272;-0.9792040288448334;True;True;False;True;1.5867283849353577;6.298292578867151;0.25775294497079676;1.0213108780423434
90.57744094596138;31.019319694370008;179.89123773898964;0.0478;90.57744094596138;132.30507061439263;179.89123773898964;0.0478;90.57744094596138;132.30507061439263;0.0;915.8463518599356;-0.577440945961385;-27.305070614392637;89.00071978569031;125.832537651062;180.20172238349917;-0.9679169952869416;True;True;False;True;1.5884929122851865;6.303489938650949;0.2574318381187721;1.0214192648284692
90.72701656869758;31.19445324450853;179.69856290190637;0.0;90.72701656869758;132.2689761532161;179.69856290190637;0.0;90.72701656869758;132.2689761532161;0.0;915.470208488335;-0.7270165686975787;-27.2689761532161;88.8862977027893;125.63427472114564;180.00859379768372;-0.951170027256012;True;True;False;True;1.5916551637325675;6.309966874818463;0.2513095770913366;1.0185703160432833
90.75697891288917;31.06461956954294;179.73144345123742;0.0;90.75697891288917;132.18355929159577;179.73144345123742;0.0;90.75697891288917;132.18355929159577;0.0;915.3133482574588;-0.7569789128891529;-27.18355929159577;89.04154777526855;125.57735061645508;179.82642769813538;-0.9954723715782166;True;True;False;True;1.594585467823559;6.315090489105012;0.24098710768156112;1.018768018516751
90.7645595770987;31.197910353416383;179.874016141424;0.0849;90.7645595770987;132.2329278881884;179.874016141424;0.0849;90.7645595770987;132.2329278881884;0.0;915.1972564073212;-0.7645595770986944;-27.232927888188385;89.02072238922119;125.52438831329346;179.67283487319946;-0.9912434220314026;True;True;False;True;1.5961594908748227;6.321119806989681;0.23346428288198764;1.019925199438647
90.50919367130932;31.34453531203985;179.8908897161881;0.0;90.50919367130932;132.33611344193582;179.8908897161881;0.0;90.50919367130932;132.33611344193582;0.0;915.6060469419532;-0.509193671309319;-27.336113441935822;89.06384587287903;125.53478026390076;179.61602926254272;-0.9927186369895936;True;True;False;True;1.5970287676801025;6.330112402380845;0.23220336624474605;1.0204618703532817
90.55242855571775;31.36204783655943;179.8885207086559;0.0;90.55242855571775;132.68798365068994;179.8885207086559;0.0;90.55242855571775;132.68798365068994;0.0;915.4516846836284;-0.5524285557177535;-27.687983650689944;88.83038997650146;125.63103890419006;179.63070273399353;-0.9802334010601044;True;True;False;True;1.5968881118675236;6.342523540537286;0.229375759367908;1.0190703578751448
90.6020057712994;31.37548805858299;180.0118685167063;0.0;90.6020057712994;132.57229064271948;180.0118685167063;0.0;90.6020057712994;132.57229064271948;0.0;915.2788731117028;-0.6020057712994031;-27.57229064271948;88.89902663230896;125.97078585624696;179.6571910381317;-0.974821001291275;True;True;False;True;1.5985670625492718;6.345938996886731;0.2282196965893841;1.0183008692008075
90.5430104022536;31.225038675352067;179.93754188627727;0.1138;90.5430104022536;132.35407399569007;179.93754188627727;0.1138;90.5430104022536;132.35407399569007;0.0;915.3165964136213;-0.5430104022536142;-27.354073995690072;88.89352989196777;125.82642555236816;179.72936511039734;-1.0018698871135712;True;True;False;True;1.6011613663326287;6.349968065234384;0.22712929141090546;1.019709876843916
90.56971675922642;31.43468282939305;179.84468826347165;0.0;90.56971675922642;132.7186360978344;179.84468826347165;0.0;90.56971675922642;132.7186360978344;0.0;915.1907823127084;-0.5697167592264236;-27.71863609783441;88.83112978935242;125.68826723098756;179.75612878799438;-0.9902796149253844;True;True;False;True;1.6011162919764912;6.35811223515115;0.22696130628162062;1.017505164547675
90.54219719559164;31.62755870555761;179.6834453738097;0.2945;90.54219719559164;132.83902657868714;179.6834453738097;0.2945;90.54219719559164;132.83902657868714;0.0;915.1698592054144;-0.5421971955916547;-27.83902657868714;88.89861178398132;125.96645760536194;179.74596619606018;-0.978725403547287;True;True;False;True;1.6021193786522832;6.3689131283471;0.22703411402836124;1.020702211624536
90.76026093443222;31.94030373030516;179.65420832216148;0.0;90.76026093443222;133.07907963418978;179.65420832216148;0.0;90.76026093443222;133.07907963418978;0.0;914.661438768321;-0.7602609344322246;-28.07907963418978;88.84786891937256;126.0876762866974;179.70315217971802;-0.9368571639060974;True;True;False;True;1.6076932420344539;6.375440161015096;0.22707525606198042;1.0206353457137574
90.6215035099431;31.58908616668352;179.92433342071664;0.0;90.6215035099431;133.1788998419753;179.92433342071664;0.0;90.6215035099431;133.1788998419753;0.0;914.8375854927084;-0.6215035099430963;-28.17889984197529;89.02749133110046;126.24613451957704;179.59672689437866;-0.940125584602356;True;True;False;True;1.6069402642890795;6.3839564074593325;0.2292039420151294;1.0207809788406612
90.62148498262644;31.390676590124382;179.74082662471784;0.0;90.62148498262644;133.44274450143715;179.74082662471784;0.0;90.62148498262644;133.44274450143715;0.0;914.7547554126826;-0.621484982626427;-28.442744501437147;88.9398684501648;126.35298562049866;179.60938096046448;-0.9179973602294922;True;True;False;True;1.6093680519949185;6.393708254361738;0.22902965953433765;1.0200687619528193
90.51278502382152;31.00492191934536;179.78017390050852;0.0216;90.51278502382152;133.86217887890734;179.78017390050852;0.0216;90.51278502382152;133.86217887890734;0.0;914.8892906659422;-0.5127850238215217;-28.862178878907343;88.92691826820374;126.58976030349731;179.5884394645691;-1.0012617707252502;True;True;False;True;1.610717785829791;6.401618912016802;0.22676171123825464;1.0202449594915701
90.5215123634385;30.99115443986436;179.55926233967952;0.049204016134427;90.5215123634385;134.08526531647445;179.55926233967952;0.049204016134427;90.5215123634385;134.08526531647445;0.0;914.8034646501987;-0.5215123634385037;-29.085265316474448;88.81030440330505;126.93140864372252;179.5854103565216;-1.000012755393982;True;True;False;True;1.6120050168419433;6.413077975371063;0.2207506529765073;1.0187848692581
90.5255567898563;30.91703029375048;179.43883186819463;0.0;90.5255567898563;133.8977489861444;179.43883186819463;0.0;90.5255567898563;133.8977489861444;0.0;914.7258408155714;-0.5255567898562958;-28.897748986144396;88.79857110977173;127.12184476852416;179.5391345024109;-0.9949003159999849;True;True;False;True;1.6137424653798318;6.421127920003705;0.2117407039578363;1.018706496942674
90.66211990098022;30.736781275281707;179.31380092448234;0.0;90.66211990098022;133.9091780733084;179.31380092448234;0.0;90.66211990098022;133.9091780733084;0.0;914.382640354676;-0.6621199009802154;-28.9091780733084;88.81645107269287;126.9698235988617;179.41242337226868;-0.987665206193924;True;True;False;True;1.6162979330357872;6.430558918707215;0.20560539516144333;1.0184773748277622
90.58035082875708;30.551939046259225;179.4555323295104;0.0;90.58035082875708;133.54698001611968;179.4555323295104;0.0;90.58035082875708;133.54698001611968;0.0;914.4578958456584;-0.5803508287570764;-28.54698001611968;88.95606136322021;126.96530175209044;179.3068504333496;-0.9881798923015594;True;True;False;True;1.6171329818268192;6.43823091383413;0.2023295273453182;1.0186114553102759
90.52105619192696;30.657509602168357;179.4121953485885;0.0365;90.52105619192696;133.3608401949273;179.4121953485885;0.0365;90.52105619192696;133.3608401949273;0.0;914.4991050088177;-0.5210561919269452;-28.36084019492733;88.86617064476013;126.67853093147278;179.23685312271118;-1.0012617707252502;True;True;False;True;1.6195701482899294;6.446077658191863;0.20135527751619003;1.0190728897289072
90.41926760657084;30.888516466463237;179.5875774766767;0.0;90.41926760657084;133.35621462593673;179.5875774766767;0.0;90.41926760657084;133.35621462593673;0.0;914.6332080206064;-0.4192676065708269;-28.35621462593673;88.80358386039734;126.48763155937196;179.22356963157654;-1.000012755393982;True;True;False;True;1.619584820492248;6.454048887706176;0.20402185291534083;1.0191386542619623
90.2387329387783;30.821708816012386;179.49312142668802;0.1826;90.2387329387783;133.19912270761554;179.49312142668802;0.1826;90.2387329387783;133.19912270761554;0.0;914.9383750086486;-0.2387329387782983;-28.199122707615544;88.72370481491089;126.49198746681212;179.28438782691956;-0.9973573684692384;True;True;False;True;1.618592435740775;6.454492437752529;0.20497995789698675;1.0203915485129484
89.99067132068227;31.203677708815786;179.26242915453153;0.0692615003131306;89.99067132068227;133.3187890108548;179.26242915453153;0.0692615003131306;89.99067132068227;133.3187890108548;0.0;915.4026671863368;0.0093286793177327;-28.3187890108548;88.54583168029785;126.4143693447113;179.33843970298767;-0.9710215032100676;True;True;False;True;1.6144821389244626;6.462376255513807;0.20495428837842558;1.0188320735827123
89.94535164523164;31.102134589942345;179.2554736224385;0.0;89.94535164523164;133.1795233048918;179.2554736224385;0.0;89.94535164523164;133.1795233048918;0.0;915.4945503611472;0.0546483547683607;-28.1795233048918;88.35070776939392;126.49764323234558;179.30500149726868;-0.9512946009635924;True;True;False;True;1.6146719244105916;6.468728105952656;0.2050060426771013;1.0187409854317684
89.89986458217281;30.96188291252856;179.02871468368213;0.0;89.89986458217281;133.26830426081597;179.02871468368213;0.0;89.89986458217281;133.26830426081597;0.0;915.5928109345672;0.1001354178271896;-28.268304260815967;88.30217051506042;126.35066938400269;179.27393674850464;-0.9384176135063172;True;True;False;True;1.615899141808804;6.474815606818934;0.20623266124002093;1.0185689158389677
89.92089987424994;30.92191924338346;179.0279354881924;0.0;89.92089987424994;133.2127679225987;179.0279354881924;0.0;89.92089987424994;133.2127679225987;0.0;915.5640917394568;0.0791001257500596;-28.212767922598687;88.26014637947083;126.43951606750488;179.11488890647888;-0.9808005392551422;True;True;False;True;1.6178086394232467;6.481509579796104;0.20536023982593665;1.0186860751541125
89.84564252761852;30.81566850953408;179.2296890273673;0.0153;89.84564252761852;132.9637306198038;179.2296890273673;0.0153;89.84564252761852;132.9637306198038;0.0;915.7251531161528;0.1543574723814771;-27.96373061980381;88.24603462219238;126.39100646972656;178.99401307106018;-1.0012535750865936;True;True;False;True;1.6205005471500258;6.483892277471916;0.2059878902079877;1.0185774424814156
90.0087816310224;30.755090714768976;178.9993951196449;0.0;90.0087816310224;132.86103960723895;178.9993951196449;0.0;90.0087816310224;132.86103960723895;0.0;915.4194559056624;-0.0087816310224013;-27.86103960723895;88.19133687019348;126.1559672355652;178.982355594635;-1.0012535750865936;True;True;False;True;1.6228036228641651;6.4873077012881355;0.20466543375008853;1.0182105839607563
89.95061413626091;30.593120129358503;179.0576322023488;0.0;89.95061413626091;132.7363860574066;179.0576322023488;0.0;89.95061413626091;132.7363860574066;0.0;915.5346200110492;0.04938586373909;-27.736386057406605;88.33813786506653;126.09444522857666;178.9160430431366;-1.0018698871135712;True;True;False;True;1.622448557490151;6.48931552234721;0.20453183270218459;1.0166078191628067
90.03310111298903;30.391117611505663;178.96383161132627;0.1893;90.03310111298903;132.78893982867112;178.96383161132627;0.1893;90.03310111298903;132.78893982867112;0.0;915.3762308394248;-0.0331011129890299;-27.78893982867112;88.30819272994995;125.95652890205383;178.93964648246765;-0.9993554651737212;True;True;False;True;1.6253328582578586;6.495179695562974;0.20397035583016535;1.018773013343014
89.99878459230531;30.44004587867349;179.160446039025;0.0;89.99878459230531;133.20004944689066;179.160446039025;0.0;89.99878459230531;133.20004944689066;0.0;915.4404503990604;0.001215407694687;-28.20004944689066;88.35447597503662;126.01493954658508;178.92334699630737;-0.982224941253662;True;True;False;True;1.6275256217409726;6.504462778945291;0.20517215442197367;1.0187579429876132
89.82554465366182;30.499060272578337;179.19997505319694;0.0;89.82554465366182;133.10040962085415;179.19997505319694;0.0;89.82554465366182;133.10040962085415;0.0;915.7870923307066;0.1744553463381777;-28.10040962085415;88.3252637386322;126.3957495689392;178.9405381679535;-0.9621292352676392;True;True;False;True;1.625428963922013;6.50859539115893;0.20638613688858465;1.0189358758131835
90.05694960180945;30.612426656912103;178.8377600270897;0.0;90.05694960180945;133.3915731083878;178.8377600270897;0.0;90.05694960180945;133.3915731083878;0.0;915.3475431472564;-0.0569496018094497;-28.391573108387803;88.19106721878052;126.30031371116638;178.99641275405884;-0.947570502758026;True;True;False;True;1.6301728951613534;6.517134270414175;0.20463933612116;1.018564818696594
90.0628925993787;30.61693173881192;178.71751279583307;0.0082;90.0628925993787;133.8343639509081;178.71751279583307;0.0082;90.0628925993787;133.8343639509081;0.0;915.3280638718768;-0.0628925993786992;-28.834363950908116;88.38080501556396;126.5276575088501;178.9297592639923;-1.0018698871135712;True;True;False;True;1.6306151529089257;6.528976876849848;0.20563695360751166;1.0170273083657417
89.91645550434305;30.85431535075119;178.63624804807588;0.007637788745672;89.91645550434305;133.7855405412337;178.63624804807588;0.007637788745672;89.91645550434305;133.7855405412337;0.0;915.6125523820308;0.0835444956569517;-28.7855405412337;88.39534544944763;126.91243624687196;178.8577687740326;-1.003679484128952;True;True;False;True;1.6315919367044711;6.535076928230523;0.20669292258349017;1.0173142781443485
89.55210254756253;30.78027258615005;178.71070843768453;0.2402327586618336;89.55210254756253;134.11122537216102;178.71070843768453;0.2402327586618336;89.55210254756253;134.11122537216102;0.0;916.3523975616796;0.4478974524374735;-29.111225372161016;88.22668886184692;126.86699652671814;178.72905135154724;-1.001727283000946;True;True;False;True;1.6301748009145418;6.545787765617576;0.20642293928003627;1.0200710715552614
89.7215543927448;30.938532487747413;178.62526118975933;0.0656915022261601;89.7215543927448;134.1427641080294;178.62526118975933;0.0656915022261601;89.7215543927448;134.1427641080294;0.0;916.07321353164;0.2784456072551933;-29.14276410802941;87.89618611335754;127.1864504814148;178.62033128738403;-0.9754028916358948;True;True;False;True;1.6334586618464628;6.551718741814488;0.206371407310897;1.0201496789437074
89.88176435212905;31.074097509645394;178.982809473807;0.0;89.88176435212905;133.85633373209097;178.982809473807;0.0;89.88176435212905;133.85633373209097;0.0;915.7899196938388;0.1182356478709465;-28.856333732090945;88.05660796165466;127.16846680641174;178.5825002193451;-0.946677178144455;True;True;False;True;1.6333087029642854;6.556913697623992;0.2098203698258224;1.0189755664061497
89.92544875823155;31.021017688114352;178.95897538852404;0.0;89.92544875823155;133.94273791879613;178.95897538852404;0.0;89.92544875823155;133.94273791879613;0.0;915.7183156346832;0.0745512417684466;-28.942737918796126;88.22460770606995;126.92418336868286;178.64636063575745;-0.9214837849140168;True;True;False;True;1.6341893254916269;6.566496090120361;0.2119249807992409;1.0185291317986986
89.95269574352291;30.942470096054404;178.99003487713358;0.0;89.95269574352291;134.20097376343276;178.99003487713358;0.0;89.95269574352291;134.20097376343276;0.0;915.6737618296696;0.0473042564770906;-29.20097376343276;88.28188443183899;127.02051115036012;178.72594356536865;-0.9883897006511688;True;True;False;True;1.63552091557145;6.576898749917548;0.21330351461341518;1.0184602912896912
89.8283478815945;30.924390958719368;179.04605441402848;0.0;89.8283478815945;134.20266755491772;179.04605441402848;0.0;89.8283478815945;134.20266755491772;0.0;915.9287647877234;0.1716521184055039;-29.202667554917724;88.26058888435364;127.21413469314577;178.80140900611875;-1.0012535750865936;True;True;False;True;1.6373565375756696;6.582476155153789;0.21457459420630046;1.018729637215487
89.99967458912022;30.72932363531781;178.93589133381423;0.0;89.99967458912022;134.31081323714756;178.93589133381423;0.0;89.99967458912022;134.31081323714756;0.0;915.6089983217928;0.0003254108797818;-29.31081323714756;88.1821756362915;127.21811723709106;178.8928723335266;-1.0012535750865936;True;True;False;True;1.640066726998342;6.590787703922407;0.2141151661361951;1.0187924475940588
89.63314699534632;30.704006923195934;179.03104811862949;0.0046;89.63314699534632;134.29873235857008;179.03104811862949;0.0046;89.63314699534632;134.29873235857008;0.0;916.3420968974576;0.3668530046536773;-29.29873235857008;88.32976484298706;127.31038641929626;178.8945114612579;-1.0012535750865936;True;True;False;True;1.6396256636355244;6.598086333358741;0.2142662075670414;1.0189046836753988
89.80875434396663;30.671685273279564;178.99360210934913;0.0;89.80875434396663;134.52535340588304;178.99360210934913;0.0;89.80875434396663;134.52535340588304;0.0;916.0397959341708;0.1912456560333737;-29.52535340588304;87.95143699645996;127.31836533546448;178.89254450798035;-1.0005798935890198;True;True;False;True;1.642966252912887;6.605933269122059;0.21432605569922375;1.0189232628986684
89.84253933936868;30.620738624199568;179.30019075201497;0.0;89.84253933936868;134.62133579024442;179.30019075201497;0.0;89.84253933936868;134.62133579024442;0.0;915.9977253641712;0.1574606606313153;-29.621335790244416;88.11191415786743;127.51026034355164;178.89026284217834;-1.0026419162750244;True;True;False;True;1.6431076215077316;6.615843707360953;0.21742878938208984;1.0173649891396035
89.99383852370107;30.433140974299462;178.9687207938631;0.0;89.99383852370107;134.8516365230069;178.9687207938631;0.0;89.99383852370107;134.8516365230069;0.0;915.7161217502572;0.0061614762989279;-29.851636523006903;88.17011737823486;127.61523079872131;178.9565622806549;-1.002432107925415;True;True;False;True;1.6444043276788496;6.626245019264311;0.21733688174938603;1.0175526364550227
90.02984813864671;30.332790774607627;178.79790907636695;0.0321;90.02984813864671;134.7645700681364;178.79790907636695;0.0321;90.02984813864671;134.7645700681364;0.0;915.6449240505392;-0.029848138646713;-29.764570068136408;88.30349802970886;127.79382991790771;178.95013689994812;-1.0031041502952576;True;True;False;True;1.645308278594576;6.633346464892984;0.2176222207412839;1.0181753722366205
89.85655245575128;30.371772473377643;178.56745537490417;0.0774407036794752;89.85655245575128;134.63394642647114;178.56745537490417;0.0774407036794752;89.85655245575128;134.63394642647114;0.0;915.9875356645103;0.1434475442487155;-29.63394642647114;88.31676626205444;127.69385838508606;178.8804018497467;-0.997726172208786;True;True;False;True;1.6472120118885614;6.639337472705194;0.2194085681624643;1.0192843630953239
89.89119335394601;30.65543239441811;178.73382695356318;0.093943503995849;89.89119335394601;134.77173171222546;178.73382695356318;0.093943503995849;89.89119335394601;134.77173171222546;0.0;915.9373802073542;0.108806646053992;-29.77173171222546;88.1556875705719;127.60101532936096;178.75414967536926;-0.990353375673294;True;True;False;True;1.650078415653358;6.648397814834745;0.2184966548129169;1.020084636362825
89.90542652091806;30.77721117958508;178.87933780888102;0.0;89.90542652091806;134.61158579839332;178.87933780888102;0.0;89.90542652091806;134.61158579839332;0.0;915.9234214262171;0.0945734790819443;-29.61158579839332;88.2013623714447;127.7012357711792;178.64486575126648;-0.9672629833221436;True;True;False;True;1.6524859460438779;6.65630512331826;0.2174267366106429;1.019619311756064
89.6438573094762;30.781477551582856;178.8394855739632;0.0426;89.6438573094762;134.74464708551508;178.8394855739632;0.0426;89.6438573094762;134.74464708551508;0.0;916.459169646312;0.3561426905237965;-29.744647085515084;88.20644426345825;127.55030012130736;178.6388075351715;-0.9601819515228271;True;True;False;True;1.6522752048098739;6.666839859363668;0.2179649721281365;1.0191936273223974
89.47021748494065;30.806378405386404;178.74821045633644;0.0;89.47021748494065;134.71931969436625;178.74821045633644;0.0;89.47021748494065;134.71931969436625;0.0;916.8539349874528;0.5297825150593525;-29.71931969436625;87.99993968009949;127.70549488067628;178.68057250976562;-0.9647665917873384;True;True;False;True;1.6489480004856898;6.675447206787806;0.21804487658745633;1.0187460433164122
89.51011428098894;30.728418503245507;178.8623187300267;0.2977;89.51011428098894;134.9444532445048;178.8623187300267;0.2977;89.51011428098894;134.9444532445048;0.0;916.8447790640308;0.4898857190110561;-29.944453244504786;87.85210847854614;127.65632843971252;178.7256944179535;-0.992482602596283;True;True;False;True;1.651606416560493;6.686125137747321;0.218425575979036;1.0218294155223293
89.51359168279379;31.140599471219414;178.72551549741013;0.0;89.51359168279379;134.86461956953917;178.72551549741013;0.0;89.51359168279379;134.86461956953917;0.0;916.9031423562892;0.4864083172062123;-29.864619569539173;87.86401462554932;127.88042950630188;178.74879956245422;-0.9553514420986176;True;True;False;True;1.650375118285016;6.690490036416694;0.21688060340980614;1.019844057130375
89.66049055175398;31.14579531947896;178.657796703257;0.1532;89.66049055175398;135.04791035341262;178.657796703257;0.1532;89.66049055175398;135.04791035341262;0.0;916.6741990606632;0.3395094482460195;-30.047910353412615;87.85814452171326;127.8012557029724;178.72804164886475;-0.9336133301258088;True;True;False;True;1.650691083375706;6.700114977955525;0.21601976966320763;1.0208527749233356
89.45425125924308;31.386602731594547;178.49872190120743;0.0;89.45425125924308;135.24453531203608;178.49872190120743;0.0;89.45425125924308;135.24453531203608;0.0;917.1319455721176;0.5457487407569204;-30.24453531203608;87.99526572227478;127.95563459396362;178.67438316345215;-0.8936382830142975;True;True;False;True;1.6491438848209732;6.710872811362462;0.21560247696521148;1.0202810686155042
89.27547682537995;31.04950128428884;178.63319775830837;0.2753;89.27547682537995;135.31204783655568;178.63319775830837;0.2753;89.27547682537995;135.31204783655568;0.0;917.5622609386116;0.724523174620046;-30.31204783655568;87.78065085411072;128.13520169258118;178.5892140865326;-0.9692741930484772;True;True;False;True;1.6477221869893512;6.719599947604511;0.21563763595508154;1.0231858376092535
89.2846903699879;31.39213784091911;178.60593332541117;0.0;89.2846903699879;135.37548805857924;178.60593332541117;0.0;89.2846903699879;135.37548805857924;0.0;917.640436939345;0.7153096300121007;-30.37548805857924;87.62051248550415;128.21631836891174;178.55146169662476;-0.926992893218994;True;True;False;True;1.6493632705510124;6.72718193571978;0.2138697382018982;1.0225566003827906
89.36823436725469;31.45837568040524;178.77244869193385;0.0453;89.36823436725469;135.2750386753483;178.77244869193385;0.0453;89.36823436725469;135.2750386753483;0.0;917.5687235621464;0.6317656327453136;-30.2750386753483;87.6219367980957;128.24051094055176;178.51702690124512;-0.941464751958847;True;True;False;True;1.6526447550144043;6.730722955955235;0.2149878197611156;1.0224567153993072
89.19046645696035;31.429034485960106;178.54608453474847;0.0;89.19046645696035;135.53468282938928;178.54608453474847;0.0;89.19046645696035;135.53468282938928;0.0;918.0084948004344;0.8095335430396489;-30.534682829389283;87.72143125534058;128.14838695526123;178.55039954185486;-0.91640904545784;True;True;False;True;1.6519386141778407;6.743891417846149;0.21355469705621616;1.0214924098304137
89.22500109089879;31.29225665277869;178.56551294929173;0.0;89.22500109089879;135.77755870555384;178.56551294929173;0.0;89.22500109089879;135.77755870555384;0.0;918.047363338296;0.7749989091012139;-30.777558705553844;87.58435153961182;128.38570094108582;178.56972813606262;-0.9939807653427124;True;True;False;True;1.6521680239257104;6.754260118565686;0.21239167343560855;1.0214669254853623
89.03126518653536;31.05745140831205;178.64893254315743;0.035;89.03126518653536;136.14030373030138;178.64893254315743;0.035;89.03126518653536;136.14030373030138;0.0;918.5381683349032;0.9687348134646356;-31.140303730301383;87.57029509544373;128.5784947872162;178.54633450508118;-0.9890781342983246;True;True;False;True;1.6508376091296137;6.766388987914008;0.2070222514115143;1.0217274526797113
89.30728809631228;30.89597289522628;178.86932435761562;0.0;89.30728809631228;135.83908616667975;178.86932435761562;0.0;89.30728809631228;135.83908616667975;0.0;918.1152871571446;0.692711903687723;-30.83908616667975;87.4241509437561;128.87886571884155;178.57430458068848;-0.9973393380641936;True;True;False;True;1.6536146834375354;6.772608351291942;0.20844374057496554;1.021758423333714
89.401717005109;30.90293136442885;178.93384696740748;0.0;89.401717005109;135.6906765901206;178.93384696740748;0.0;89.401717005109;135.6906765901206;0.0;918.0187909267096;0.5982829948909938;-30.690676590120603;87.71301674842834;128.63458919525146;178.61891508102417;-0.9943036735057832;True;True;False;True;1.6570558731261242;6.778617144982941;0.20995600831742825;1.0217152642895322
89.43716611981557;30.99994880165115;178.9143539731597;0.0433;89.43716611981557;135.35492191934156;178.9143539731597;0.0433;89.43716611981557;135.35492191934156;0.0;918.0276637632818;0.5628338801844279;-30.354921919341564;87.7383017539978;128.54064679145813;178.7270188331604;-0.9928514063358308;True;True;False;True;1.6566467230819297;6.786649782736945;0.21070773397408363;1.0220560529597669
89.11290387610032;31.118996754781087;179.08004835302913;0.0;89.11290387610032;135.39115443986057;179.08004835302913;0.0;89.11290387610032;135.39115443986057;0.0;918.7512327680702;0.8870961238996813;-30.39115443986057;87.7723331451416;128.25168418884277;178.79466891288757;-0.9980130195617676;True;True;False;True;1.6526744334297077;6.79488345963571;0.21200886504008623;1.0194459164296918
89.30487412100632;30.962671275262824;179.38324069903354;0.1637;89.30487412100632;135.3670302937467;179.38324069903354;0.1637;89.30487412100632;135.3670302937467;0.0;918.4855717614448;0.6951258789936787;-30.36703029374669;87.48347425460815;128.26544332504272;178.90169739723206;-0.9924907982349396;True;True;False;True;1.6560415208324724;6.801372020369616;0.21595458142367274;1.0211841170961284
89.47096550468748;31.3602594470077;179.40842719844105;0.0;89.47096550468748;135.2367812752779;179.40842719844105;0.0;89.47096550468748;135.2367812752779;0.0;918.246072444615;0.5290344953125157;-30.236781275277902;87.71791887283325;128.283185005188;179.0395152568817;-0.9684136509895324;True;True;False;True;1.6574087553867807;6.809353238959883;0.21523103139984665;1.0214153310629952
89.67910564555908;31.228706917209266;179.50427526235717;0.3419;89.67910564555908;135.10193904625544;179.50427526235717;0.3419;89.67910564555908;135.10193904625544;0.0;917.9003300955802;0.3208943544409237;-30.10193904625544;87.86312961578369;128.16991758346558;179.15614247322085;-0.9665729105472564;True;True;False;True;1.6611593450744795;6.81182805103296;0.21573483231979812;1.0230158015833353
89.80125988456074;31.490186039099186;179.5492176744389;0.4483706243248362;89.80125988456074;135.25750960216456;179.5492176744389;0.4483706243248362;89.80125988456074;135.25750960216456;0.0;917.6988075315024;0.1987401154392643;-30.25750960216456;88.00841641426086;128.05392599105835;179.29287195205688;-0.9131668508052826;True;True;False;True;1.6595199383215395;6.819460230935187;0.21402922677462008;1.0270271665851791
89.52052659260931;31.57236572673276;179.52329713073658;0.1551717058528814;89.52052659260931;135.53851646645944;179.52329713073658;0.1551717058528814;89.52052659260931;135.53851646645944;0.0;918.2867727974638;0.4794734073906852;-30.53851646645944;88.14291715621948;128.2079315185547;179.37551021575928;-0.8711822330951691;True;True;False;True;1.6589241025676247;6.8285900217177256;0.2108310095968317;1.0276146006809506
89.48536749930841;31.77540067830292;179.54361817571183;0.2271801313584668;89.48536749930841;135.52170881600858;179.54361817571183;0.2271801313584668;89.48536749930841;135.52170881600858;0.0;918.4210207717176;0.5146325006915902;-30.521708816008584;87.86554956436157;128.42811226844788;179.4016444683075;-0.7802581787109375;True;True;False;True;1.6571233094388915;6.836750165460562;0.20853203224929967;1.0281494811266334
89.72102439434833;31.90788136476129;179.42286275543273;0.0;89.72102439434833;135.95367770881197;179.42286275543273;0.0;89.72102439434833;135.95367770881197;0.0;918.0183246483966;0.2789756056516665;-30.953677708811966;87.874427318573;128.4344732761383;179.42644119262695;-0.8067841827869415;True;True;False;True;1.6601422904572403;6.847778775886731;0.20550170575311286;1.0265892205025038
89.50235898559694;31.694041424560226;179.49056457495576;0.3359;89.50235898559694;135.90213458993853;179.49056457495576;0.3359;89.50235898559694;135.90213458993853;0.0;918.4928522133196;0.4976410144030581;-30.902134589938527;88.07911348342896;128.74228382110596;179.3927013874054;-0.9101524949073792;True;True;False;True;1.655542922584861;6.854353143072727;0.2039975605478037;1.027098507026712
89.52039246323827;32.01197447923325;179.3713823775517;0.0032261190516758;89.52039246323827;135.81188291252474;179.3713823775517;0.0032261190516758;89.52039246323827;135.81188291252474;0.0;918.5231373932908;0.4796075367617334;-30.811882912524737;87.87931561470032;128.73523831367493;179.39883828163147;-0.898919552564621;True;True;False;True;1.6549985520006778;6.86123595436222;0.20398586281772077;1.0259667048689283
89.6521597985549;31.69032060742036;179.45674749478604;0.0;89.6521597985549;135.82191924337965;179.45674749478604;0.0;89.6521597985549;135.82191924337965;0.0;918.3235503942258;0.347840201445095;-30.821919243379654;87.86579155921936;128.65222716331482;179.37169432640076;-0.9253455698490144;True;True;False;True;1.6549818782529218;6.868008609396497;0.20380717336963472;1.025717934386603
89.70217612664729;31.39491949204016;179.30903602060295;0.0;89.70217612664729;135.76566850953026;179.30903602060295;0.0;89.70217612664729;135.76566850953026;0.0;918.2698964315672;0.2978238733527121;-30.765668509530254;88.0082643032074;128.65074753761292;179.3527853488922;-0.8989965915679932;True;True;False;True;1.655100979443982;6.874015827041388;0.20068109968691134;1.025429994078049
89.77986477854824;30.9618770162673;179.03056174458357;0.0;89.77986477854824;135.75509071476517;179.03056174458357;0.0;89.77986477854824;135.75509071476517;;;;;88.04251003265381;128.59907817840576;179.31808829307556;-1.0028812289237976;True;True;False;True;1.6596093875720124;6.879943928775235;0.2012726871852981;1.0255863732525354
